交易日期,开盘价,收盘价,最高价,最低价,成交量,成交额,振幅,涨跌幅,涨跌额,换手率,流通市值
2002-12-02,23.4,20.96,23.5,20.62,143759,311447077.0,37.89,175.79,13.36,57.5,27641631985.920002
2002-12-03,20.79,20.08,21.3,19.51,73882,149590793.0,8.54,-4.2,-0.88,29.55,26481105452.159996
2002-12-04,19.99,19.9,20.5,19.75,35657,71812318.0,3.74,-0.9,-0.18,14.26,26243725024.8
2002-12-05,19.79,19.4,19.79,19.09,33103,64024239.0,3.52,-2.51,-0.5,13.24,25584334948.8
2002-12-06,19.4,19.4,19.8,19.31,19044,37299037.0,2.53,0.0,0.0,7.62,25584334948.8
2002-12-09,19.21,18.86,19.46,18.82,19395,36868721.0,3.3,-2.78,-0.54,7.76,24872193666.719997
2002-12-10,18.77,18.46,19.09,18.41,14660,27375398.0,3.61,-2.12,-0.4,5.86,24344681605.920002
2002-12-11,18.48,18.94,19.25,18.48,19794,37424610.0,4.17,2.6,0.48,7.92,24977696078.88
2002-12-12,18.95,18.71,19.14,18.6,11373,21419184.0,2.85,-1.21,-0.23,4.55,24674376643.920002
2002-12-13,18.45,18.55,18.66,18.01,17743,32438611.0,3.47,-0.86,-0.16,7.1,24463371819.600002
2002-12-16,18.5,18.48,18.6,18.3,9811,18088231.0,1.62,-0.38,-0.07,3.92,24371057208.96
2002-12-17,18.41,18.47,18.6,18.25,9909,18216752.0,1.89,-0.05,-0.01,3.96,24357869407.44
2002-12-18,18.47,18.75,19.16,18.47,21966,41533301.0,3.74,1.52,0.28,8.79,24727127850.0
2002-12-19,18.66,18.64,18.83,18.41,7728,14354097.0,2.24,-0.59,-0.11,3.09,24582062033.280003
2002-12-20,18.66,18.78,18.82,18.43,7634,14222685.0,2.09,0.75,0.14,3.05,24766691254.56
2002-12-23,18.79,18.59,18.85,18.54,6619,12381827.0,1.65,-1.01,-0.19,2.65,24516123025.68
2002-12-24,18.58,18.56,18.6,18.42,4657,8610850.0,0.97,-0.16,-0.03,1.86,24476559621.12
2002-12-25,18.6,18.32,18.6,18.3,5870,10799408.0,1.62,-1.29,-0.24,2.35,24160052384.64
2002-12-26,18.79,17.62,18.79,17.6,13782,24770608.0,6.5,-3.82,-0.7,5.51,23236906278.24
2002-12-27,17.5,17.41,17.78,17.32,8738,15274269.0,2.61,-1.19,-0.21,3.5,22959962446.32
2002-12-30,17.3,16.91,17.3,16.88,7213,12284504.0,2.41,-2.87,-0.5,2.89,22300572370.32
2002-12-31,16.9,16.56,17.18,16.53,5443,9134733.0,3.84,-2.07,-0.35,2.18,21838999317.12
2003-01-02,16.47,16.16,16.54,16.1,7178,11673047.0,2.66,-2.42,-0.4,2.87,21311487256.32
2003-01-03,16.08,16.28,16.35,16.0,4773,7707469.0,2.17,0.74,0.12,1.91,21469740874.56
2003-01-06,16.08,16.27,16.3,15.91,5081,8187173.0,2.4,-0.06,-0.01,2.03,21456553073.04
2003-01-07,16.2,16.32,16.69,16.0,7359,12040263.0,4.24,0.31,0.05,2.94,21522492080.64
2003-01-08,16.29,16.8,16.82,16.16,8030,13286106.0,4.04,2.94,0.48,3.21,22155506553.600002
2003-01-09,16.8,17.01,17.1,16.57,15081,25469669.0,3.15,1.25,0.21,6.03,22432450385.52
2003-01-10,16.97,16.65,17.15,16.61,10777,18166880.0,3.17,-2.12,-0.36,4.31,21957689530.8
2003-01-13,16.58,16.52,16.7,16.46,4682,7740924.0,1.44,-0.78,-0.13,1.87,21786248111.04
2003-01-14,16.49,17.29,17.53,16.49,19321,33203141.0,6.3,4.66,0.77,7.73,22801708828.079998
2003-01-15,17.3,17.35,17.85,17.1,17338,30319525.0,4.34,0.35,0.06,6.94,22880835637.2
2003-01-16,17.39,18.06,18.29,17.21,21600,38632130.0,6.22,4.09,0.71,8.64,23817169545.12
2003-01-17,17.6,17.77,18.15,17.6,11501,20478665.0,3.05,-1.61,-0.29,4.6,23434723301.04
2003-01-20,17.74,17.7,17.79,17.44,6469,11383123.0,1.97,-0.39,-0.07,2.59,23342408690.399998
2003-01-21,17.7,17.52,18.0,17.5,8777,15570240.0,2.82,-1.02,-0.18,3.51,23105028263.04
2003-01-22,17.49,17.39,17.68,17.31,4093,7129020.0,2.11,-0.74,-0.13,1.64,22933586843.280003
2003-01-23,17.31,17.1,17.5,17.06,5242,9032043.0,2.53,-1.67,-0.29,2.1,22551140599.2
2003-01-24,17.08,17.35,17.45,17.02,3455,5947297.0,2.51,1.46,0.25,1.38,22880835637.2
2003-01-28,17.48,18.57,19.08,17.48,34303,63367120.0,9.22,7.03,1.22,13.72,24489747422.64
2003-01-29,18.6,18.56,18.87,18.5,16697,31147495.0,1.99,-0.05,-0.01,6.68,24476559621.12
2003-02-10,18.58,18.16,18.7,18.15,7176,13137168.0,2.96,-2.16,-0.4,2.87,23949047560.32
2003-02-11,18.06,18.41,18.46,18.05,4468,8173605.0,2.26,1.38,0.25,1.79,24278742598.32
2003-02-12,18.4,18.5,18.58,18.18,4334,7968746.0,2.17,0.49,0.09,1.73,24397432812.0
2003-02-13,18.5,18.23,18.55,18.18,5053,9270335.0,2.0,-1.46,-0.27,2.02,24041362170.96
2003-02-14,18.22,18.37,18.5,18.11,3223,5907466.0,2.14,0.77,0.14,1.29,24225991392.24
2003-02-17,18.44,18.03,18.5,18.01,5114,9300546.0,2.67,-1.85,-0.34,2.05,23777606140.56
2003-02-18,18.0,18.0,18.13,17.85,2744,4923819.0,1.55,-0.17,-0.03,1.1,23738042736.0
2003-02-19,18.0,18.28,18.28,17.9,2218,4016390.0,2.11,1.56,0.28,0.89,24107301178.56
2003-02-20,18.28,18.07,18.3,18.05,2534,4603078.0,1.37,-1.15,-0.21,1.01,23830357346.64
2003-02-21,18.02,18.02,18.47,18.01,5479,9960229.0,2.55,-0.28,-0.05,2.19,23764418339.04
2003-02-24,18.02,18.72,19.18,18.0,25036,47113840.0,6.55,3.88,0.7,10.01,24687564445.44
2003-02-25,18.72,18.8,18.9,18.52,12581,23586523.0,2.03,0.43,0.08,5.03,24793066857.600002
2003-02-26,18.89,19.09,19.15,18.65,10679,20234470.0,2.66,1.54,0.29,4.27,25175513101.68
2003-02-27,19.15,18.81,19.18,18.8,8510,16137992.0,1.99,-1.47,-0.28,3.4,24806254659.12
2003-02-28,18.7,18.55,18.8,18.26,13942,25778156.0,2.87,-1.38,-0.26,5.58,24463371819.600002
2003-03-03,18.53,18.99,19.09,18.45,11453,21598503.0,3.45,2.37,0.44,4.58,25043635086.48
2003-03-04,19.0,18.97,19.1,18.68,8314,15678330.0,2.21,-0.11,-0.02,3.33,25017259483.44
2003-03-05,18.94,18.69,18.95,18.52,5969,11150673.0,2.27,-1.48,-0.28,2.39,24648001040.88
2003-03-06,18.69,18.38,18.81,18.32,5314,9862760.0,2.62,-1.66,-0.31,2.13,24239179193.76
2003-03-07,18.25,18.78,18.95,18.25,8470,15837642.0,3.81,2.18,0.4,3.39,24766691254.56
2003-03-10,18.77,18.46,18.94,18.35,5703,10631133.0,3.14,-1.7,-0.32,2.28,24344681605.920002
2003-03-11,18.45,18.43,18.75,18.35,7263,13475100.0,2.17,-0.16,-0.03,2.91,24305118201.36
2003-03-12,18.4,18.83,18.85,18.3,7677,14266733.0,2.98,2.17,0.4,3.07,24832630262.159996
2003-03-13,18.83,18.93,19.38,18.75,20423,38998443.0,3.35,0.53,0.1,8.17,24964508277.36
2003-03-14,18.93,18.9,19.25,18.8,10340,19728826.0,2.38,-0.16,-0.03,4.14,24924944872.8
2003-03-17,18.88,18.94,19.04,18.52,5790,10857055.0,2.75,0.21,0.04,2.32,24977696078.88
2003-03-18,18.94,18.75,19.21,18.73,7067,13445798.0,2.53,-1.0,-0.19,2.83,24727127850.0
2003-03-19,18.6,18.81,18.94,18.6,3978,7460542.0,1.81,0.32,0.06,1.59,24806254659.12
2003-03-20,18.75,18.26,18.8,18.21,9688,17843315.0,3.14,-2.92,-0.55,3.88,24080925575.52
2003-03-21,18.2,18.31,18.47,18.2,3496,6414977.0,1.48,0.27,0.05,1.4,24146864583.12
2003-03-24,18.35,18.27,18.49,18.2,2305,4224494.0,1.58,-0.22,-0.04,0.92,24094113377.04
2003-03-25,18.25,17.89,18.3,17.88,6240,11240499.0,2.3,-2.08,-0.38,2.5,23592976919.280003
2003-03-26,17.9,17.66,17.92,17.55,4374,7745192.0,2.07,-1.29,-0.23,1.75,23289657484.32
2003-03-27,17.57,18.35,18.47,17.57,4296,7774783.0,5.1,3.91,0.69,1.72,24199615789.2
2003-03-28,18.38,17.89,18.45,17.8,5260,9499199.0,3.54,-2.51,-0.46,2.1,23592976919.280003
2003-04-01,18.2,18.1,18.26,17.96,5061,9140139.0,1.68,1.17,0.21,2.02,23869920751.2
2003-04-02,18.01,18.09,18.3,17.95,3131,5652376.0,1.93,-0.06,-0.01,1.25,23856732949.68
2003-04-03,18.11,18.16,18.24,18.0,1940,3517629.0,1.33,0.39,0.07,0.78,23949047560.32
2003-04-04,18.13,18.18,18.24,18.1,1866,3389305.0,0.77,0.11,0.02,0.75,23975423163.36
2003-04-07,18.1,17.69,18.22,17.65,4128,7367941.0,3.14,-2.7,-0.49,1.65,23329220888.88
2003-04-08,17.66,17.75,17.89,17.65,2534,4492753.0,1.36,0.34,0.06,1.01,23408347698.0
2003-04-09,17.6,17.65,17.8,17.4,5467,9599148.0,2.25,-0.56,-0.1,2.19,23276469682.8
2003-04-10,17.68,17.76,17.85,17.4,5886,10332476.0,2.55,0.62,0.11,2.35,23421535499.52
2003-04-11,17.78,17.89,17.93,17.58,5127,9100874.0,1.97,0.73,0.13,2.05,23592976919.280003
2003-04-14,17.6,18.48,18.5,17.6,9537,17366196.0,5.03,3.3,0.59,3.81,24371057208.96
2003-04-15,18.49,18.48,18.65,18.2,9018,16602621.0,2.44,0.0,0.0,3.61,24371057208.96
2003-04-16,18.63,18.0,18.68,17.91,8974,16471619.0,4.17,-2.6,-0.48,3.59,23738042736.0
2003-04-17,18.0,18.24,18.45,17.93,5281,9592478.0,2.89,1.33,0.24,2.11,24054549972.48
2003-04-18,18.3,18.1,18.4,18.01,3585,6489053.0,2.14,-0.77,-0.14,1.43,23869920751.2
2003-04-21,18.05,17.75,18.05,17.61,5101,9073965.0,2.43,-1.93,-0.35,2.04,23408347698.0
2003-04-22,17.96,18.32,18.35,17.75,4962,8988554.0,3.38,3.21,0.57,1.98,24160052384.64
2003-04-23,18.3,18.57,19.35,18.3,23412,44051009.0,5.73,1.36,0.25,9.36,24489747422.64
2003-04-24,18.5,18.3,18.65,18.0,10950,20001338.0,3.5,-1.45,-0.27,4.38,24133676781.600002
2003-04-25,18.3,18.14,18.5,17.8,6328,11487167.0,3.83,-0.87,-0.16,2.53,23922671957.280003
2003-04-28,18.58,18.05,18.6,17.5,10507,18946382.0,6.06,-0.5,-0.09,4.2,23803981743.600002
2003-04-29,17.65,17.8,18.49,17.65,9649,17461355.0,4.65,-1.39,-0.25,3.86,23474286705.600002
2003-04-30,17.7,17.68,17.96,17.54,7030,12441743.0,2.36,-0.67,-0.12,2.81,23316033087.36
2003-05-12,17.55,16.68,17.6,16.63,8294,14069527.0,5.49,-5.66,-1.0,3.32,21997252935.36
2003-05-13,16.65,16.31,16.65,16.0,6381,10352748.0,3.9,-2.22,-0.37,2.55,21509304279.12
2003-05-14,16.26,16.43,16.66,16.15,3347,5491316.0,3.13,0.74,0.12,1.34,21667557897.36
2003-05-15,16.58,17.0,17.18,16.36,5192,8764739.0,4.99,3.47,0.57,2.08,22419262584.0
2003-05-16,17.0,16.79,17.14,16.7,2428,4094080.0,2.59,-1.24,-0.21,0.97,22142318752.079998
2003-05-19,16.78,16.87,17.14,16.78,3301,5587889.0,2.14,0.48,0.08,1.32,22247821164.24
2003-05-20,16.82,16.47,16.83,16.38,3622,5991930.0,2.67,-2.37,-0.4,1.45,21720309103.44
2003-05-21,16.49,16.61,16.85,16.49,1369,2285956.0,2.19,0.85,0.14,0.55,21904938324.719997
2003-05-22,16.6,16.72,16.8,16.53,1234,2058630.0,1.63,0.66,0.11,0.49,22050004141.44
2003-05-23,16.68,16.88,17.03,16.67,3333,5625660.0,2.15,0.96,0.16,1.33,22261008965.76
2003-05-26,16.98,16.8,17.1,16.76,2465,4177124.0,2.01,-0.47,-0.08,0.99,22155506553.600002
2003-05-27,16.83,16.9,17.0,16.73,1774,2989515.0,1.61,0.6,0.1,0.71,22287384568.8
2003-05-28,16.85,16.88,16.95,16.83,1796,3032449.0,0.71,-0.12,-0.02,0.72,22261008965.76
2003-05-29,16.73,16.93,17.02,16.73,2673,4520554.0,1.72,0.3,0.05,1.07,22326947973.36
2003-05-30,17.08,17.56,17.75,17.01,8107,14178169.0,4.37,3.72,0.63,3.24,23157779469.12
2003-06-02,17.58,18.15,18.6,17.3,16479,30006910.0,7.4,3.36,0.59,6.59,23935859758.8
2003-06-03,18.08,17.8,18.47,17.75,7390,13311002.0,3.97,-1.93,-0.35,2.96,23474286705.600002
2003-06-04,17.98,18.73,19.3,17.77,29342,54897882.0,8.6,5.22,0.93,11.74,24700752246.96
2003-06-05,18.7,18.22,19.0,18.1,11037,20570175.0,4.81,-2.72,-0.51,4.41,24028174369.44
2003-06-06,18.25,19.14,20.02,18.25,33736,65362153.0,9.71,5.05,0.92,13.49,25241452109.280003
2003-06-09,19.14,20.2,20.48,18.95,41478,82723948.0,7.99,5.54,1.06,16.59,26639359070.399998
2003-06-10,20.18,20.31,20.35,19.8,20143,40422682.0,2.72,0.54,0.11,8.06,26784424887.12
2003-06-11,20.23,19.98,20.4,19.62,15875,31578683.0,3.84,-1.62,-0.33,6.35,26349227436.96
2003-06-12,19.91,21.07,21.4,19.91,28350,59629377.0,7.46,5.46,1.09,11.34,27786697802.64
2003-06-13,21.15,21.1,21.58,20.8,17918,37949250.0,3.7,0.14,0.03,7.17,27826261207.2
2003-06-16,21.0,20.04,21.1,20.01,22216,45288390.0,5.17,-5.02,-1.06,8.89,26428354246.079998
2003-06-17,20.0,20.1,20.75,19.98,13100,26602491.0,3.84,0.3,0.06,5.24,26507481055.2
2003-06-18,20.1,19.83,20.35,19.51,15328,30297655.0,4.18,-1.34,-0.27,6.13,26151410414.159996
2003-06-19,19.72,19.79,19.82,19.31,12118,23681179.0,2.57,-0.2,-0.04,4.85,26098659208.079998
2003-06-20,19.78,19.44,19.9,19.38,5539,10863589.0,2.63,-1.77,-0.35,2.22,25637086154.88
2003-06-23,19.41,19.67,20.05,19.32,8875,17513842.0,3.76,1.18,0.23,3.55,25940405589.840004
2003-06-24,19.69,19.57,20.0,19.53,7053,13958223.0,2.39,-0.51,-0.1,2.82,25808527574.64
2003-06-25,19.58,19.09,19.78,18.87,13034,24959514.0,4.65,-2.45,-0.48,5.21,25175513101.68
2003-06-26,19.06,19.27,19.47,18.89,9840,18839973.0,3.04,0.94,0.18,3.94,25412893529.04
2003-06-27,19.49,19.41,19.99,19.26,11587,22836934.0,3.79,0.73,0.14,4.63,25597522750.32
2003-07-01,19.5,18.98,19.96,18.96,7868,15383162.0,5.15,-2.22,-0.43,3.15,25030447284.96
2003-07-02,18.98,18.72,19.22,18.5,8484,15892607.0,3.79,-1.37,-0.26,3.39,24687564445.44
2003-07-03,18.8,19.17,19.2,18.53,5072,9505462.0,3.58,2.4,0.45,2.03,25281015513.840004
2003-07-04,19.15,18.95,19.36,18.86,5513,10510094.0,2.61,-1.15,-0.22,2.21,24990883880.399998
2003-07-07,18.94,18.79,18.96,18.68,3267,6131089.0,1.48,-0.84,-0.16,1.31,24779879056.079998
2003-07-08,18.86,19.79,19.97,18.86,14578,28615899.0,5.91,5.32,1.0,5.83,26098659208.079998
2003-07-09,19.76,19.82,20.29,19.74,10380,20742947.0,2.78,0.15,0.03,4.15,26138222612.64
2003-07-10,19.8,20.39,20.67,19.62,11868,24041004.0,5.3,2.88,0.57,4.75,26889927299.280003
2003-07-11,20.3,20.34,20.55,20.0,6090,12355222.0,2.7,-0.25,-0.05,2.44,26823988291.68
2003-07-14,20.26,19.78,20.37,19.7,8242,16433064.0,3.29,-2.75,-0.56,3.3,26085471406.56
2003-07-15,19.8,19.8,20.28,19.76,4901,9776903.0,2.63,0.1,0.02,1.96,26111847009.600002
2003-07-16,19.81,20.18,20.19,19.81,4766,9570098.0,1.92,1.92,0.38,1.91,26612983467.36
2003-07-17,20.35,19.99,20.52,19.9,7131,14389921.0,3.07,-0.94,-0.19,2.85,26362415238.48
2003-07-18,19.92,19.21,19.94,19.19,12290,23941929.0,3.75,-3.9,-0.78,4.92,25333766719.920002
2003-07-21,19.0,19.07,19.2,18.82,5115,9700225.0,1.98,-0.73,-0.14,2.05,25149137498.64
2003-07-22,19.28,19.3,19.48,18.89,2396,4578671.0,3.09,1.21,0.23,0.96,25452456933.600002
2003-07-23,19.3,19.4,19.43,18.97,1852,3570744.0,2.38,0.52,0.1,0.74,25584334948.8
2003-07-24,19.1,19.12,19.39,19.05,1658,3176039.0,1.75,-1.44,-0.28,0.66,25215076506.24
2003-07-25,19.18,19.21,19.34,18.71,3236,6154785.0,3.29,0.47,0.09,1.29,25333766719.920002
2003-07-28,18.91,19.12,19.21,18.91,1174,2234085.0,1.56,-0.47,-0.09,0.47,25215076506.24
2003-07-29,19.02,19.24,19.3,19.0,1564,2996042.0,1.57,0.63,0.12,0.63,25373330124.48
2003-07-30,19.23,19.38,19.4,19.07,1550,2987554.0,1.72,0.73,0.14,0.62,25557959345.76
2003-07-31,19.38,19.72,19.97,19.35,7705,15225421.0,3.2,1.75,0.34,3.08,26006344597.44
2003-08-01,19.74,19.63,19.92,19.46,3474,6817548.0,2.33,-0.46,-0.09,1.39,25887654383.76
2003-08-04,19.56,19.87,19.88,19.56,3831,7558076.0,1.63,1.22,0.24,1.53,26204161620.24
2003-08-05,19.9,19.22,19.9,19.05,8308,16063021.0,4.28,-3.27,-0.65,3.32,25346954521.44
2003-08-06,19.28,18.59,19.36,18.56,10347,19444930.0,4.16,-3.28,-0.63,4.14,24516123025.68
2003-08-07,18.55,18.67,18.91,18.5,5785,10832541.0,2.21,0.43,0.08,2.31,24621625437.840004
2003-08-08,18.71,18.01,18.71,17.98,8096,14742226.0,3.91,-3.54,-0.66,3.24,23751230537.52
2003-08-11,17.9,18.09,18.11,17.89,3560,6393740.0,1.22,0.44,0.08,1.42,23856732949.68
2003-08-12,18.13,18.12,18.28,18.03,1768,3215874.0,1.38,0.17,0.03,0.71,23896296354.24
2003-08-13,18.18,17.99,18.19,17.86,2033,3649152.0,1.82,-0.72,-0.13,0.81,23724854934.48
2003-08-14,17.9,17.84,18.18,17.5,3608,6451917.0,3.78,-0.83,-0.15,1.44,23527037911.68
2003-08-15,17.7,17.7,17.8,17.46,3397,5962172.0,1.91,-0.78,-0.14,1.36,23342408690.399998
2003-08-18,17.65,17.33,17.65,17.3,2577,4478311.0,1.98,-2.09,-0.37,1.03,22854460034.159996
2003-08-19,17.35,17.32,17.53,17.2,2100,3645272.0,1.9,-0.06,-0.01,0.84,22841272232.64
2003-08-20,17.37,17.45,17.5,17.26,1224,2124664.0,1.39,0.75,0.13,0.49,23012713652.399998
2003-08-21,17.4,17.45,17.5,17.24,1632,2828626.0,1.49,0.0,0.0,0.65,23012713652.399998
2003-08-22,17.45,17.39,17.49,17.3,908,1578722.0,1.09,-0.34,-0.06,0.36,22933586843.280003
2003-08-25,17.3,16.85,17.3,16.78,3014,5098853.0,2.99,-3.11,-0.54,1.21,22221445561.2
2003-08-26,16.8,16.9,17.09,16.65,1873,3164189.0,2.61,0.3,0.05,0.75,22287384568.8
2003-08-27,17.09,17.56,17.7,16.98,4830,8458161.0,4.26,3.91,0.66,1.93,23157779469.12
2003-08-28,17.4,17.41,17.75,17.4,2545,4462254.0,1.99,-0.85,-0.15,1.02,22959962446.32
2003-08-29,17.3,17.56,17.63,17.2,2043,3557476.0,2.47,0.86,0.15,0.82,23157779469.12
2003-09-01,17.42,18.09,18.1,17.42,5182,9277675.0,3.87,3.02,0.53,2.07,23856732949.68
2003-09-02,18.0,17.96,18.45,17.91,4710,8533201.0,2.99,-0.72,-0.13,1.88,23685291529.920002
2003-09-03,17.89,17.86,17.98,17.6,2594,4595348.0,2.12,-0.56,-0.1,1.04,23553413514.719997
2003-09-04,17.96,17.77,17.97,17.55,2319,4099376.0,2.35,-0.5,-0.09,0.93,23434723301.04
2003-09-05,17.77,17.19,17.77,17.09,3004,5185350.0,3.83,-3.26,-0.58,1.2,22669830812.88
2003-09-08,17.01,17.1,17.18,16.81,2309,3908659.0,2.15,-0.52,-0.09,0.92,22551140599.2
2003-09-09,17.15,17.0,17.15,16.81,1096,1861798.0,1.99,-0.58,-0.1,0.44,22419262584.0
2003-09-10,16.91,17.12,17.15,16.88,717,1221696.0,1.59,0.71,0.12,0.29,22577516202.24
2003-09-11,17.02,16.96,17.13,16.93,993,1689370.0,1.17,-0.93,-0.16,0.4,22366511377.920002
2003-09-12,16.93,16.81,16.93,16.8,1444,2432943.0,0.77,-0.88,-0.15,0.58,22168694355.12
2003-09-15,16.7,16.7,16.97,16.66,1312,2194689.0,1.84,-0.65,-0.11,0.52,22023628538.399998
2003-09-16,16.66,17.12,17.15,16.66,1138,1925960.0,2.93,2.51,0.42,0.46,22577516202.24
2003-09-17,17.12,16.72,17.12,16.71,1089,1834587.0,2.39,-2.34,-0.4,0.44,22050004141.44
2003-09-18,16.71,16.85,16.95,16.7,753,1267118.0,1.5,0.78,0.13,0.3,22221445561.2
2003-09-19,16.83,17.15,17.18,16.75,1359,2305104.0,2.55,1.78,0.3,0.54,22617079606.8
2003-09-22,17.0,16.91,17.09,16.85,708,1200216.0,1.4,-1.4,-0.24,0.28,22300572370.32
2003-09-23,17.0,17.07,17.08,16.85,614,1041580.0,1.36,0.95,0.16,0.25,22511577194.64
2003-09-24,17.07,16.85,17.07,16.76,1268,2135480.0,1.82,-1.29,-0.22,0.51,22221445561.2
2003-09-25,16.78,16.52,16.85,16.4,2231,3702031.0,2.67,-1.96,-0.33,0.89,21786248111.04
2003-09-26,16.49,16.39,16.55,16.28,1872,3073905.0,1.63,-0.79,-0.13,0.75,21614806691.280003
2003-09-29,16.4,16.04,16.42,15.98,1740,2804376.0,2.68,-2.14,-0.35,0.7,21153233638.079998
2003-09-30,16.1,16.11,16.26,15.85,1587,2545957.0,2.56,0.44,0.07,0.63,21245548248.719997
2003-10-08,16.12,16.11,16.21,15.89,630,1013331.0,1.99,0.0,0.0,0.25,21245548248.719997
2003-10-09,16.02,16.06,16.2,16.02,885,1424839.0,1.12,-0.31,-0.05,0.35,21179609241.12
2003-10-10,16.0,16.49,16.58,15.95,2285,3712803.0,3.92,2.68,0.43,0.91,21746684706.48
2003-10-13,16.61,16.35,16.64,16.28,1794,2946326.0,2.18,-0.85,-0.14,0.72,21562055485.2
2003-10-14,16.35,16.09,16.35,16.05,1247,2010264.0,1.83,-1.59,-0.26,0.5,21219172645.68
2003-10-15,16.09,16.1,16.65,16.06,1292,2106580.0,3.67,0.06,0.01,0.52,21232360447.2
2003-10-16,15.9,16.15,16.3,15.9,1051,1696589.0,2.48,0.31,0.05,0.42,21298299454.8
2003-10-17,16.11,16.14,16.29,16.1,683,1104060.0,1.18,-0.06,-0.01,0.27,21285111653.280003
2003-10-20,16.1,16.09,16.2,16.0,525,845454.0,1.24,-0.31,-0.05,0.21,21219172645.68
2003-10-21,16.01,16.11,16.15,15.99,873,1400404.0,0.99,0.12,0.02,0.35,21245548248.719997
2003-10-22,16.15,16.48,16.55,16.1,2015,3306440.0,2.79,2.3,0.37,0.81,21733496904.96
2003-10-23,16.62,16.39,16.8,16.35,1068,1763454.0,2.73,-0.55,-0.09,0.43,21614806691.280003
2003-10-24,16.29,16.32,16.5,16.22,679,1110975.0,1.71,-0.43,-0.07,0.27,21522492080.64
2003-10-27,16.21,16.11,16.3,15.6,3106,4946847.0,4.29,-1.29,-0.21,1.24,21245548248.719997
2003-10-28,15.8,16.06,16.3,15.8,1396,2220802.0,3.1,-0.31,-0.05,0.56,21179609241.12
2003-10-29,16.06,15.81,16.14,15.75,2165,3439512.0,2.43,-1.56,-0.25,0.87,20849914203.12
2003-10-30,15.71,15.38,15.71,15.01,3431,5262891.0,4.43,-2.72,-0.43,1.37,20282838737.760002
2003-10-31,15.3,15.28,15.6,15.1,1961,2997034.0,3.25,-0.65,-0.1,0.78,20150960722.559998
2003-11-03,15.25,15.27,15.35,15.0,1338,2024695.0,2.29,-0.07,-0.01,0.54,20137772921.04
2003-11-04,15.2,15.31,15.56,15.15,3341,5129675.0,2.69,0.26,0.04,1.34,20190524127.12
2003-11-05,15.5,15.31,15.5,15.02,1881,2855986.0,3.14,0.0,0.0,0.75,20190524127.12
2003-11-06,15.31,14.77,15.31,14.41,4807,7063423.0,5.88,-3.53,-0.54,1.92,19478382845.04
2003-11-07,15.0,13.59,15.0,13.29,10822,14924670.0,11.58,-7.99,-1.18,4.33,17922222265.68
2003-11-10,12.23,12.69,13.3,12.23,8520,10718931.0,7.87,-6.62,-0.9,3.41,16735320128.88
2003-11-11,12.49,13.02,13.15,12.4,5470,7047292.0,5.91,2.6,0.33,2.19,17170517579.039999
2003-11-12,13.0,12.6,13.0,12.51,1997,2547823.0,3.76,-3.23,-0.42,0.8,16616629915.199999
2003-11-13,12.53,12.7,12.79,12.4,1563,1976669.0,3.1,0.79,0.1,0.63,16748507930.4
2003-11-14,12.6,12.86,12.93,12.6,1258,1610968.0,2.6,1.26,0.16,0.5,16959512754.72
2003-11-17,12.8,12.71,12.88,12.7,1314,1677531.0,1.4,-1.17,-0.15,0.53,16761695731.920002
2003-11-18,12.8,12.57,12.84,12.52,1246,1581299.0,2.52,-1.1,-0.14,0.5,16577066510.640001
2003-11-19,12.55,12.94,12.99,12.42,2282,2927043.0,4.53,2.94,0.37,0.91,17065015166.88
2003-11-20,12.95,13.67,13.78,12.87,9823,13238895.0,7.03,5.64,0.73,3.93,18027724677.84
2003-11-21,13.7,13.28,13.87,13.13,7084,9520792.0,5.41,-2.85,-0.39,2.83,17513400418.559998
2003-11-24,13.24,13.67,13.78,13.05,5693,7747585.0,5.5,2.94,0.39,2.28,18027724677.84
2003-11-25,13.8,13.65,13.96,13.6,7293,10050465.0,2.63,-0.15,-0.02,2.92,18001349074.8
2003-11-26,13.69,14.09,14.21,13.5,6601,9182093.0,5.2,3.22,0.44,2.64,18581612341.68
2003-11-27,14.15,13.69,14.15,13.65,4453,6144888.0,3.55,-2.84,-0.4,1.78,18054100280.88
2003-11-28,13.69,13.56,13.8,13.48,3264,4439561.0,2.34,-0.95,-0.13,1.31,17882658861.12
2003-12-01,13.45,13.83,13.9,13.45,4194,5745987.0,3.32,1.99,0.27,1.68,18238729502.16
2003-12-02,13.83,14.03,14.3,13.83,5798,8208339.0,3.4,1.45,0.2,2.32,18502485532.559998
2003-12-03,13.95,14.12,14.45,13.7,3771,5345731.0,5.35,0.64,0.09,1.51,18621175746.239998
2003-12-04,14.11,14.4,14.42,14.0,3936,5595626.0,2.97,1.98,0.28,1.57,18990434188.8
2003-12-05,14.43,14.27,14.45,14.15,1883,2682206.0,2.08,-0.9,-0.13,0.75,18818992769.04
2003-12-08,14.25,13.93,14.39,13.92,2369,3339366.0,3.29,-2.38,-0.34,0.95,18370607517.36
2003-12-09,13.85,13.91,14.1,13.82,1404,1956004.0,2.01,-0.14,-0.02,0.56,18344231914.32
2003-12-10,13.9,14.15,14.19,13.41,4103,5644909.0,5.61,1.73,0.24,1.64,18660739150.8
2003-12-11,14.3,14.26,14.69,14.15,5105,7391006.0,3.82,0.78,0.11,2.04,18805804967.52
2003-12-12,14.35,14.21,14.35,14.08,1996,2820649.0,1.89,-0.35,-0.05,0.8,18739865959.920002
2003-12-15,14.11,14.1,14.35,13.92,1381,1949977.0,3.03,-0.77,-0.11,0.55,18594800143.2
2003-12-16,14.03,13.98,14.1,13.79,2743,3802236.0,2.2,-0.85,-0.12,1.1,18436546524.96
2003-12-17,13.9,13.78,14.0,13.73,2223,3081863.0,1.93,-1.43,-0.2,0.89,18172790494.559998
2003-12-18,13.78,13.62,13.9,13.0,3266,4393565.0,6.53,-1.16,-0.16,1.31,17961785670.239998
2003-12-19,13.55,13.79,14.59,13.55,6258,8768952.0,7.64,1.25,0.17,2.5,18185978296.079998
2003-12-22,13.79,13.84,13.9,13.35,5145,6978685.0,3.99,0.36,0.05,2.06,18251917303.68
2003-12-23,13.9,13.86,13.98,13.71,3736,5175909.0,1.95,0.14,0.02,1.49,18278292906.719997
2003-12-24,14.06,14.32,14.38,13.3,9324,13046337.0,7.79,3.32,0.46,3.73,18884931776.64
2003-12-25,14.26,14.25,14.59,14.21,5203,7503829.0,2.65,-0.49,-0.07,2.08,18792617166.0
2003-12-26,14.4,14.99,15.1,14.12,12545,18633284.0,6.88,5.19,0.74,5.02,19768514478.48
2003-12-29,15.05,15.36,15.5,14.3,13244,20036942.0,8.01,2.47,0.37,5.3,20256463134.719997
2003-12-30,15.35,15.54,15.85,15.05,8382,12944947.0,5.21,1.17,0.18,3.35,20493843562.079998
2003-12-31,15.49,15.32,15.79,15.01,6183,9460832.0,5.02,-1.42,-0.22,2.47,20203711928.64
2004-01-02,15.25,15.28,15.84,15.18,5608,8675643.0,4.31,-0.26,-0.04,2.24,20150960722.559998
2004-01-05,15.28,15.45,15.48,15.2,5011,7664333.0,1.83,1.11,0.17,2.0,20375153348.399998
2004-01-06,15.4,15.24,15.49,15.03,6118,9266464.0,2.98,-1.36,-0.21,2.45,20098209516.48
2004-01-07,15.28,15.82,15.83,15.18,9741,15078203.0,4.27,3.81,0.58,3.9,20863102004.64
2004-01-08,15.85,16.23,16.6,15.71,9904,16105520.0,5.63,2.59,0.41,3.96,21403801866.96
2004-01-09,16.23,15.65,16.25,15.62,6837,10881824.0,3.88,-3.57,-0.58,2.73,20638909378.8
2004-01-12,15.5,15.83,15.89,15.45,3248,5077732.0,2.81,1.15,0.18,1.3,20876289806.16
2004-01-13,15.98,15.94,16.18,15.78,4321,6891916.0,2.53,0.69,0.11,1.73,21021355622.88
2004-01-14,15.93,16.43,16.55,15.11,11810,18697688.0,9.03,3.07,0.49,4.72,21667557897.36
2004-01-15,16.2,16.28,16.64,15.93,4501,7338655.0,4.32,-0.91,-0.15,1.8,21469740874.56
2004-01-16,16.35,16.68,16.95,16.02,9525,15835370.0,5.71,2.46,0.4,3.81,21997252935.36
2004-01-29,16.82,17.58,17.65,16.73,7629,13209269.0,5.52,5.4,0.9,3.05,23184155072.159996
2004-01-30,17.52,16.94,17.52,16.88,5758,9885920.0,3.64,-3.64,-0.64,2.3,22340135774.88
2004-02-02,17.1,16.97,17.47,16.51,5658,9613534.0,5.67,0.18,0.03,2.26,22379699179.44
2004-02-03,17.08,16.99,17.18,16.81,4278,7261140.0,2.18,0.12,0.02,1.71,22406074782.48
2004-02-04,17.1,17.61,17.65,17.01,6850,11938192.0,3.77,3.65,0.62,2.74,23223718476.719997
2004-02-05,17.65,17.51,17.8,17.31,5002,8751202.0,2.78,-0.57,-0.1,2.0,23091840461.52
2004-02-06,17.52,17.11,17.74,17.02,5802,10032310.0,4.11,-2.28,-0.4,2.32,22564328400.719997
2004-02-09,17.0,17.52,17.58,16.92,6925,11895969.0,3.86,2.4,0.41,2.77,23105028263.04
2004-02-10,17.48,17.4,17.78,17.0,6612,11448023.0,4.45,-0.68,-0.12,2.64,22946774644.8
2004-02-11,17.2,17.22,17.47,17.05,3739,6440803.0,2.41,-1.03,-0.18,1.5,22709394217.44
2004-02-12,17.1,16.9,17.48,16.85,4643,7917173.0,3.66,-1.86,-0.32,1.86,22287384568.8
2004-02-13,17.19,17.27,17.45,16.85,6239,10746684.0,3.55,2.19,0.37,2.5,22775333225.04
2004-02-16,17.49,18.38,18.44,17.43,15507,28218533.0,5.85,6.43,1.11,6.2,24239179193.76
2004-02-17,18.36,19.12,19.4,18.19,14968,28348819.0,6.58,4.03,0.74,5.99,25215076506.24
2004-02-18,19.15,19.03,19.2,18.8,9707,18404218.0,2.09,-0.47,-0.09,3.88,25096386292.56
2004-02-19,19.03,19.3,19.36,18.86,6596,12580446.0,2.63,1.42,0.27,2.64,25452456933.600002
2004-02-20,19.25,19.45,19.48,19.1,6910,13350977.0,1.97,0.78,0.15,2.76,25650273956.399998
2004-02-23,19.4,18.74,19.7,18.5,9026,17219828.0,6.17,-3.65,-0.71,3.61,24713940048.48
2004-02-24,18.6,18.29,18.89,18.0,5148,9416144.0,4.75,-2.4,-0.45,2.06,24120488980.079998
2004-02-25,18.4,18.53,19.17,18.1,6130,11418394.0,5.85,1.31,0.24,2.45,24436996216.56
2004-02-26,18.0,18.03,18.9,18.0,11060,20411614.0,4.86,-2.7,-0.5,4.42,23777606140.56
2004-02-27,17.1,16.4,17.58,16.3,22245,37015241.0,7.1,-9.04,-1.63,8.9,21627994492.8
2004-03-01,16.38,16.66,16.69,16.2,7184,11826209.0,2.99,1.59,0.26,2.87,21970877332.32
2004-03-02,16.67,16.64,16.7,16.25,10285,16865120.0,2.7,-0.12,-0.02,4.11,21944501729.280003
2004-03-03,16.6,16.13,16.6,16.05,4623,7527099.0,3.31,-3.06,-0.51,1.85,21271923851.76
2004-03-04,16.1,16.14,16.24,15.7,5852,9348501.0,3.35,0.06,0.01,2.34,21285111653.280003
2004-03-05,16.1,16.19,16.33,16.02,5326,8589737.0,1.92,0.31,0.05,2.13,21351050660.88
2004-03-08,16.23,15.73,16.44,15.7,3545,5697117.0,4.57,-2.84,-0.46,1.42,20744411790.96
2004-03-09,15.75,15.59,16.0,15.58,2159,3410614.0,2.67,-0.89,-0.14,0.86,20559782569.68
2004-03-10,15.7,15.97,15.98,15.6,3001,4740823.0,2.44,2.44,0.38,1.2,21060919027.440002
2004-03-11,15.98,16.07,16.13,15.85,3533,5648653.0,1.75,0.63,0.1,1.41,21192797042.64
2004-03-12,16.07,16.29,16.79,16.07,11158,18245243.0,4.48,1.37,0.22,4.46,21482928676.079998
2004-03-15,16.31,16.4,16.55,16.2,5074,8296373.0,2.15,0.68,0.11,2.03,21627994492.8
2004-03-16,16.45,16.2,16.54,16.15,4319,7025096.0,2.38,-1.22,-0.2,1.73,21364238462.399998
2004-03-17,16.2,16.06,16.3,15.97,4209,6766207.0,2.04,-0.86,-0.14,1.68,21179609241.12
2004-03-18,16.06,15.99,16.19,15.88,4042,6467279.0,1.93,-0.44,-0.07,1.62,21087294630.48
2004-03-19,15.98,16.22,16.23,15.8,3626,5794398.0,2.69,1.44,0.23,1.45,21390614065.44
2004-03-22,16.2,16.14,16.22,15.89,3543,5673328.0,2.03,-0.49,-0.08,1.42,21285111653.280003
2004-03-23,16.19,16.08,16.19,15.9,2137,3424950.0,1.8,-0.37,-0.06,0.85,21205984844.159996
2004-03-24,16.0,16.1,16.29,15.95,4202,6778388.0,2.11,0.12,0.02,1.68,21232360447.2
2004-03-25,15.85,16.13,16.16,15.85,2594,4159064.0,1.93,0.19,0.03,1.04,21271923851.76
2004-03-26,16.18,16.59,16.68,16.14,7584,12492158.0,3.35,2.85,0.46,3.03,21878562721.68
2004-03-29,16.7,16.6,16.97,16.56,7601,12746603.0,2.47,0.06,0.01,3.04,21891750523.2
2004-03-31,17.01,17.38,17.95,17.01,21420,37570966.0,5.66,4.7,0.78,8.57,22920399041.76
2004-04-01,17.5,17.52,17.8,17.4,8279,14541622.0,2.3,0.81,0.14,3.31,23105028263.04
2004-04-02,17.55,17.66,17.73,17.4,4528,7963320.0,1.88,0.8,0.14,1.81,23289657484.32
2004-04-05,17.86,18.08,18.2,17.65,13585,24212985.0,3.11,2.38,0.42,5.43,23843545148.159996
2004-04-06,18.2,17.92,18.2,17.77,6338,11385972.0,2.38,-0.88,-0.16,2.54,23632540323.840004
2004-04-07,18.1,17.5,18.15,17.36,6572,11584298.0,4.41,-2.34,-0.42,2.63,23078652660.0
2004-04-08,17.21,17.57,17.59,17.1,5982,10359832.0,2.8,0.4,0.07,2.39,23170967270.64
2004-04-09,17.57,17.08,17.76,16.92,7053,12238291.0,4.78,-2.79,-0.49,2.82,22524764996.159996
2004-04-12,17.08,17.2,17.33,16.9,3557,6103300.0,2.52,0.7,0.12,1.42,22683018614.399998
2004-04-13,17.2,16.82,17.3,16.8,3615,6173352.0,2.91,-2.21,-0.38,1.45,22181882156.64
2004-04-14,16.82,16.43,16.82,16.25,4497,7404158.0,3.39,-2.32,-0.39,1.8,21667557897.36
2004-04-15,16.45,16.03,16.5,16.0,2989,4855292.0,3.04,-2.43,-0.4,1.2,21140045836.56
2004-04-16,16.03,16.41,16.42,15.73,3552,5689784.0,4.3,2.37,0.38,1.42,21641182294.32
2004-04-19,16.3,15.9,16.41,15.88,2105,3393567.0,3.23,-3.11,-0.51,0.84,20968604416.8
2004-04-20,15.99,16.09,16.17,15.83,1998,3199162.0,2.14,1.19,0.19,0.8,21219172645.68
2004-04-21,16.09,16.36,16.59,16.09,3331,5455623.0,3.11,1.68,0.27,1.33,21575243286.719997
2004-04-22,16.25,16.38,16.46,16.25,1563,2555911.0,1.28,0.12,0.02,0.63,21601618889.76
2004-04-23,15.76,16.4,16.79,15.76,3154,5208115.0,6.29,0.12,0.02,1.26,21627994492.8
2004-04-26,16.5,16.58,16.71,16.3,1878,3104758.0,2.5,1.1,0.18,0.75,21865374920.159996
2004-04-27,16.58,16.62,16.94,16.58,3178,5332228.0,2.17,0.24,0.04,1.27,21918126126.24
2004-04-28,16.58,16.53,16.78,16.38,1849,3062398.0,2.41,-0.54,-0.09,0.74,21799435912.56
2004-04-29,16.6,15.89,16.68,15.88,3291,5300838.0,4.84,-3.87,-0.64,1.32,20955416615.280003
2004-04-30,16.0,15.82,16.0,15.5,2799,4414308.0,3.15,-0.44,-0.07,1.12,20863102004.64
2004-05-10,15.8,15.48,16.0,15.2,2318,3589978.0,5.06,-2.15,-0.34,0.93,20414716752.96
2004-05-11,15.25,15.35,15.58,15.2,1170,1797585.0,2.45,-0.84,-0.13,0.47,20243275333.2
2004-05-12,15.35,15.63,15.64,15.35,1197,1858568.0,1.89,1.82,0.28,0.48,20612533775.760002
2004-05-13,15.63,15.66,15.7,15.4,1192,1845042.0,1.92,0.19,0.03,0.48,20652097180.32
2004-05-14,15.55,15.37,15.68,15.35,923,1426854.0,2.11,-1.85,-0.29,0.37,20269650936.239998
2004-05-17,15.3,15.39,15.5,15.3,507,779020.0,1.3,0.13,0.02,0.2,20296026539.280003
2004-05-18,15.88,16.0,16.28,15.61,2538,4038210.0,4.35,3.96,0.61,1.02,21100482432.0
2004-05-19,16.12,16.15,16.3,15.92,1964,3171729.0,2.38,0.94,0.15,0.79,21298299454.8
2004-05-20,16.15,15.91,16.15,15.8,1479,2359216.0,2.17,-1.49,-0.24,0.59,20981792218.32
2004-05-21,15.75,16.0,16.04,15.75,614,977611.0,1.82,0.57,0.09,0.25,21100482432.0
2004-05-24,15.98,15.91,16.1,15.84,667,1063603.0,1.63,-0.56,-0.09,0.27,20981792218.32
2004-05-25,16.01,15.52,16.01,15.3,1574,2463734.0,4.46,-2.45,-0.39,0.63,20467467959.04
2004-05-26,15.29,15.51,15.65,15.29,1036,1599492.0,2.32,-0.06,-0.01,0.41,20454280157.52
2004-05-27,15.51,16.0,16.08,15.45,1739,2767547.0,4.06,3.16,0.49,0.7,21100482432.0
2004-05-28,16.15,16.05,16.28,15.94,1700,2732545.0,2.13,0.31,0.05,0.68,21166421439.600002
2004-05-31,16.3,17.14,17.38,16.11,13069,22118716.0,7.91,6.79,1.09,5.23,22603891805.280003
2004-06-01,17.09,17.56,17.76,16.95,13991,24363478.0,4.73,2.45,0.42,5.6,23157779469.12
2004-06-02,17.56,17.19,17.56,17.11,8112,14031681.0,2.56,-2.11,-0.37,3.24,22669830812.88
2004-06-03,17.19,16.99,17.35,16.82,6672,11335359.0,3.08,-1.16,-0.2,2.67,22406074782.48
2004-06-04,17.13,16.93,17.18,16.7,4195,7086428.0,2.83,-0.35,-0.06,1.68,22326947973.36
2004-06-07,16.9,16.88,17.0,16.41,4155,6906430.0,3.48,-0.3,-0.05,1.66,22261008965.76
2004-06-08,16.77,16.84,16.86,16.57,2288,3829935.0,1.72,-0.24,-0.04,0.92,22208257759.68
2004-06-09,16.73,16.3,16.86,16.08,3059,5052021.0,4.63,-3.21,-0.54,1.22,21496116477.600002
2004-06-10,16.22,15.69,16.3,15.6,3502,5561084.0,4.29,-3.74,-0.61,1.4,20691660584.88
2004-06-11,15.69,15.75,16.2,15.69,2611,4154955.0,3.25,0.38,0.06,1.04,20770787394.0
2004-06-14,15.6,15.47,15.7,15.28,2105,3239663.0,2.67,-1.78,-0.28,0.84,20401528951.440002
2004-06-15,15.4,15.9,15.98,15.3,1569,2453996.0,4.4,2.78,0.43,0.63,20968604416.8
2004-06-16,15.95,15.99,16.15,15.78,1500,2391362.0,2.33,0.57,0.09,0.6,21087294630.48
2004-06-17,15.9,15.73,16.14,15.61,1557,2455946.0,3.31,-1.63,-0.26,0.62,20744411790.96
2004-06-18,15.74,16.03,16.28,15.73,2429,3893782.0,3.5,1.91,0.3,0.97,21140045836.56
2004-06-21,16.13,17.15,17.3,16.01,8622,14516922.0,8.05,6.99,1.12,3.45,22617079606.8
2004-06-22,17.15,17.1,17.21,16.89,5500,9383078.0,1.87,-0.29,-0.05,2.2,22551140599.2
2004-06-23,17.13,17.21,17.5,17.02,6565,11313288.0,2.81,0.64,0.11,2.63,22696206415.920002
2004-06-24,17.24,16.91,17.43,16.85,7263,12382814.0,3.37,-1.74,-0.3,2.91,22300572370.32
2004-06-25,17.1,15.92,17.21,15.9,7162,11836384.0,7.75,-5.85,-0.99,2.86,20994980019.84
2004-06-28,15.7,15.44,15.82,15.25,5239,8082311.0,3.58,-3.02,-0.48,2.1,20361965546.88
2004-06-29,15.5,15.23,15.68,14.6,5800,8753003.0,6.99,-1.36,-0.21,2.32,20085021714.96
2004-06-30,15.18,15.17,15.48,14.9,2734,4141598.0,3.81,-0.39,-0.06,1.09,20005894905.84
2004-07-01,15.17,15.58,15.59,14.98,3851,5916135.0,4.02,2.7,0.41,1.54,20546594768.16
2004-07-02,15.55,15.45,15.58,15.2,1545,2370908.0,2.44,-0.83,-0.13,0.62,20375153348.399998
2004-07-05,15.43,15.34,15.43,15.01,1993,3019971.0,2.72,-0.71,-0.11,0.8,20230087531.68
2004-07-06,15.3,15.58,15.6,15.2,3157,4879020.0,2.61,1.56,0.24,1.26,20546594768.16
2004-07-07,15.58,15.56,15.63,15.25,1295,1995719.0,2.44,-0.13,-0.02,0.52,20520219165.12
2004-07-08,15.55,15.48,15.56,15.23,1004,1546147.0,2.12,-0.51,-0.08,0.4,20414716752.96
2004-07-09,15.57,15.27,15.57,15.1,1307,1998035.0,3.04,-1.36,-0.21,0.52,20137772921.04
2004-07-12,15.11,14.64,15.11,14.5,3396,4982210.0,3.99,-4.13,-0.63,1.36,19306941425.280003
2004-07-13,14.65,14.57,14.66,14.33,1440,2086880.0,2.25,-0.48,-0.07,0.58,19214626814.64
2004-07-14,14.56,14.59,14.66,14.06,1675,2396737.0,4.12,0.14,0.02,0.67,19241002417.68
2004-07-15,14.4,14.59,14.73,14.34,1584,2300857.0,2.67,0.0,0.0,0.63,19241002417.68
2004-07-16,14.6,15.2,15.25,14.6,2975,4469418.0,4.46,4.18,0.61,1.19,20045458310.399998
2004-07-19,15.16,14.91,15.23,14.85,2167,3243891.0,2.5,-1.91,-0.29,0.87,19663012066.32
2004-07-20,14.61,14.79,14.94,14.5,1543,2265532.0,2.95,-0.8,-0.12,0.62,19504758448.079998
2004-07-21,14.6,14.65,14.75,14.55,1321,1930420.0,1.35,-0.95,-0.14,0.53,19320129226.8
2004-07-22,14.6,14.23,14.73,14.21,1652,2394015.0,3.55,-2.87,-0.42,0.66,18766241562.96
2004-07-23,14.23,13.96,14.23,13.6,4338,6022885.0,4.43,-1.9,-0.27,1.74,18410170921.920002
2004-07-26,13.69,13.54,13.94,13.44,2729,3708420.0,3.58,-3.01,-0.42,1.09,17856283258.079998
2004-07-27,13.78,13.58,13.96,13.48,1120,1530831.0,3.55,0.3,0.04,0.45,17909034464.16
2004-07-28,13.55,13.7,13.78,13.2,893,1205930.0,4.27,0.88,0.12,0.36,18067288082.399998
2004-07-29,13.7,14.03,14.1,13.69,1831,2553673.0,2.99,2.41,0.33,0.73,18502485532.559998
2004-07-30,14.04,13.79,14.04,13.68,899,1242962.0,2.57,-1.71,-0.24,0.36,18185978296.079998
2004-08-02,13.7,13.56,13.7,13.5,1582,2145043.0,1.45,-1.67,-0.23,0.63,17882658861.12
2004-08-03,13.75,13.87,14.38,13.75,4102,5751200.0,4.65,2.29,0.31,1.64,18291480708.239998
2004-08-04,13.9,14.16,14.34,13.82,3539,4984076.0,3.75,2.09,0.29,1.42,18673926952.32
2004-08-05,14.16,13.93,14.22,13.86,1546,2166483.0,2.54,-1.62,-0.23,0.62,18370607517.36
2004-08-06,13.9,13.82,14.03,13.73,1197,1656723.0,2.15,-0.79,-0.11,0.48,18225541700.64
2004-08-09,13.84,13.75,13.84,13.65,1017,1396446.0,1.37,-0.51,-0.07,0.41,18133227090.0
2004-08-10,13.75,13.76,13.89,13.67,631,869737.0,1.6,0.07,0.01,0.25,18146414891.52
2004-08-11,13.65,13.56,13.8,13.55,867,1182419.0,1.82,-1.45,-0.2,0.35,17882658861.12
2004-08-12,13.55,13.36,13.6,13.3,1339,1794518.0,2.21,-1.47,-0.2,0.54,17618902830.719997
2004-08-13,13.49,13.4,13.59,13.4,758,1020589.0,1.42,0.3,0.04,0.3,17671654036.8
2004-08-16,13.5,13.29,13.5,13.2,665,888909.0,2.24,-0.82,-0.11,0.27,17526588220.079998
2004-08-17,13.27,13.3,13.46,13.08,813,1074413.0,2.86,0.08,0.01,0.33,17539776021.600002
2004-08-18,13.2,13.09,13.39,12.98,1141,1499233.0,3.08,-1.58,-0.21,0.46,17262832189.68
2004-08-19,12.98,12.68,13.0,12.58,2064,2623679.0,3.21,-3.13,-0.41,0.83,16722132327.359999
2004-08-20,12.55,12.81,12.86,12.52,1188,1506733.0,2.68,1.03,0.13,0.48,16893573747.12
2004-08-23,12.8,12.77,12.83,12.61,503,638838.0,1.72,-0.31,-0.04,0.2,16840822541.039999
2004-08-24,12.77,12.94,12.96,12.65,784,1010005.0,2.43,1.33,0.17,0.31,17065015166.88
2004-08-25,12.95,12.82,12.95,12.71,349,447075.0,1.85,-0.93,-0.12,0.14,16906761548.640001
2004-08-26,12.66,12.67,12.8,12.64,652,826982.0,1.25,-1.17,-0.15,0.26,16708944525.84
2004-08-27,12.68,12.59,12.68,12.48,974,1224577.0,1.58,-0.63,-0.08,0.39,16603442113.68
2004-08-30,12.5,12.39,12.55,12.26,764,947480.0,2.3,-1.59,-0.2,0.31,16339686083.28
2004-08-31,12.75,12.69,13.0,12.5,3529,4500840.0,4.04,2.42,0.3,1.41,16735320128.88
2004-09-01,12.41,12.47,12.5,12.26,2289,2823056.0,1.89,-1.73,-0.22,0.92,16445188495.44
2004-09-03,12.5,12.46,12.5,12.29,950,1176354.0,1.68,-0.08,-0.01,0.38,16432000693.920002
2004-09-06,12.5,12.45,12.5,12.35,302,373984.0,1.2,-0.08,-0.01,0.12,16418812892.4
2004-09-07,12.45,12.45,12.49,12.3,1262,1561706.0,1.53,0.0,0.0,0.5,16418812892.4
2004-09-08,12.45,12.31,12.45,12.26,875,1076762.0,1.53,-1.12,-0.14,0.35,16234183671.12
2004-09-09,12.28,11.85,12.28,11.78,2545,3031362.0,4.06,-3.74,-0.46,1.02,15627544801.199999
2004-09-10,11.85,11.55,11.9,11.4,2622,3029184.0,4.22,-2.53,-0.3,1.05,15231910755.6
2004-09-13,11.5,11.0,11.5,11.0,3423,3820345.0,4.33,-4.76,-0.55,1.37,14506581672.0
2004-09-14,11.15,11.35,11.62,11.01,2695,3058792.0,5.55,3.18,0.35,1.08,14968154725.199999
2004-09-15,11.36,12.19,12.28,11.34,5864,7050049.0,8.28,7.4,0.84,2.35,16075930052.88
2004-09-16,12.2,12.44,12.49,12.08,4250,5212537.0,3.36,2.05,0.25,1.7,16405625090.88
2004-09-17,12.4,12.88,12.97,12.23,5739,7222141.0,5.95,3.54,0.44,2.3,16985888357.76
2004-09-20,12.98,13.5,13.54,12.98,7007,9264201.0,4.35,4.81,0.62,2.8,17803532052.0
2004-09-21,13.6,13.6,13.83,13.01,6773,9164761.0,6.07,0.74,0.1,2.71,17935410067.2
2004-09-22,13.6,13.2,13.6,13.06,4626,6149899.0,3.97,-2.94,-0.4,1.85,17407898006.399998
2004-09-23,13.02,13.46,13.48,13.02,3367,4437785.0,3.48,1.97,0.26,1.35,17750780845.920002
2004-09-24,13.8,13.21,13.9,13.2,6662,9110396.0,5.2,-1.86,-0.25,2.66,17421085807.920002
2004-09-27,13.58,12.96,13.58,12.87,4157,5446882.0,5.37,-1.89,-0.25,1.66,17091390769.920002
2004-09-28,12.99,12.99,13.1,12.85,1739,2252337.0,1.93,0.23,0.03,0.7,17130954174.48
2004-09-29,13.01,12.88,13.11,12.86,1186,1536990.0,1.92,-0.85,-0.11,0.47,16985888357.76
2004-09-30,12.91,12.75,12.95,12.69,1726,2209414.0,2.02,-1.01,-0.13,0.69,16814446938.0
2004-10-08,12.95,13.5,13.59,12.7,3002,3972541.0,6.98,5.88,0.75,1.2,17803532052.0
2004-10-11,13.58,13.73,14.38,13.43,7506,10507212.0,7.04,1.7,0.23,3.0,18106851486.96
2004-10-12,13.53,13.92,14.28,13.53,5121,7161508.0,5.46,1.38,0.19,2.05,18357419715.84
2004-10-13,13.88,14.08,14.15,13.64,3277,4546845.0,3.66,1.15,0.16,1.31,18568424540.16
2004-10-14,14.0,12.9,14.05,12.86,4988,6664246.0,8.45,-8.38,-1.18,2.0,17012263960.800001
2004-10-15,13.0,13.09,13.35,12.89,2912,3820451.0,3.57,1.47,0.19,1.16,17262832189.68
2004-10-18,13.29,13.29,13.4,13.02,1691,2236472.0,2.9,1.53,0.2,0.68,17526588220.079998
2004-10-19,13.41,13.33,13.59,13.15,1909,2564109.0,3.31,0.3,0.04,0.76,17579339426.16
2004-10-20,13.2,13.16,13.35,12.81,2571,3355314.0,4.05,-1.28,-0.17,1.03,17355146800.32
2004-10-21,13.16,13.1,13.25,12.9,1622,2113441.0,2.66,-0.46,-0.06,0.65,17276019991.2
2004-10-22,13.0,13.6,13.6,12.92,2938,3914403.0,5.19,3.82,0.5,1.18,17935410067.2
2004-10-25,13.71,13.48,13.86,13.38,2476,3375106.0,3.53,-0.88,-0.12,0.99,17777156448.96
2004-10-26,13.4,13.68,13.73,13.11,2108,2811399.0,4.6,1.48,0.2,0.84,18040912479.36
2004-10-27,13.65,13.98,13.99,13.65,4348,6013443.0,2.49,2.19,0.3,1.74,18436546524.96
2004-10-28,14.0,13.52,14.0,13.41,2849,3912465.0,4.22,-3.29,-0.46,1.14,17829907655.04
2004-10-29,13.2,13.32,13.58,13.15,2775,3704955.0,3.18,-1.48,-0.2,1.11,17566151624.64
2004-11-01,13.32,12.98,13.35,12.96,2213,2902707.0,2.93,-2.55,-0.34,0.89,17117766372.960001
2004-11-02,12.91,12.84,12.98,12.7,2510,3211966.0,2.16,-1.08,-0.14,1.0,16933137151.68
2004-11-03,12.94,13.2,13.21,12.79,1719,2236287.0,3.27,2.8,0.36,0.69,17407898006.399998
2004-11-04,13.2,12.82,13.35,12.76,1375,1810018.0,4.47,-2.88,-0.38,0.55,16906761548.640001
2004-11-05,12.9,12.9,13.05,12.75,1233,1586390.0,2.34,0.62,0.08,0.49,17012263960.800001
2004-11-08,12.81,12.88,13.0,12.75,600,771979.0,1.94,-0.16,-0.02,0.24,16985888357.76
2004-11-09,12.82,13.01,13.13,12.82,517,671680.0,2.41,1.01,0.13,0.21,17157329777.52
2004-11-10,13.01,13.52,13.7,12.96,2489,3349070.0,5.69,3.92,0.51,1.0,17829907655.04
2004-11-11,13.56,13.46,13.85,13.4,4094,5615065.0,3.33,-0.44,-0.06,1.64,17750780845.920002
2004-11-12,13.31,13.55,13.63,13.31,2104,2844638.0,2.38,0.67,0.09,0.84,17869471059.600002
2004-11-15,13.65,13.69,13.72,13.48,1577,2148056.0,1.77,1.03,0.14,0.63,18054100280.88
2004-11-16,13.7,13.61,13.85,13.56,1681,2302322.0,2.12,-0.58,-0.08,0.67,17948597868.719997
2004-11-17,13.61,13.4,13.61,13.4,1127,1516350.0,1.54,-1.54,-0.21,0.45,17671654036.8
2004-11-18,13.4,13.59,13.59,13.35,1125,1520548.0,1.79,1.42,0.19,0.45,17922222265.68
2004-11-19,13.65,13.62,13.74,13.55,1542,2104577.0,1.4,0.22,0.03,0.62,17961785670.239998
2004-11-22,13.65,13.98,14.07,13.62,4051,5630997.0,3.3,2.64,0.36,1.62,18436546524.96
2004-11-24,13.88,13.61,13.95,13.61,1922,2648198.0,2.43,-2.65,-0.37,0.77,17948597868.719997
2004-11-25,13.5,13.47,13.59,13.38,1303,1754931.0,1.54,-1.03,-0.14,0.52,17763968647.440002
2004-11-26,13.43,13.56,13.64,13.43,693,938154.0,1.56,0.67,0.09,0.28,17882658861.12
2004-11-29,13.49,13.2,13.57,13.12,897,1202889.0,3.32,-2.65,-0.36,0.36,17407898006.399998
2004-11-30,13.25,13.25,13.3,13.18,1028,1359135.0,0.91,0.38,0.05,0.41,17473837014.0
2004-12-01,13.26,13.21,13.38,13.16,778,1029840.0,1.66,-0.3,-0.04,0.31,17421085807.920002
2004-12-02,13.18,13.18,13.28,13.1,920,1212718.0,1.36,-0.23,-0.03,0.37,17381522403.36
2004-12-03,13.25,13.33,13.66,13.2,787,1058488.0,3.49,1.14,0.15,0.31,17579339426.16
2004-12-06,13.39,13.39,13.54,13.33,584,781987.0,1.58,0.45,0.06,0.23,17658466235.280003
2004-12-07,13.4,13.22,13.43,13.15,1147,1517607.0,2.09,-1.27,-0.17,0.46,17434273609.440002
2004-12-08,13.38,13.3,13.43,13.28,618,827308.0,1.13,0.61,0.08,0.25,17539776021.600002
2004-12-09,13.35,13.4,13.59,13.2,993,1336121.0,2.93,0.75,0.1,0.4,17671654036.8
2004-12-10,13.4,13.25,13.45,13.23,564,751141.0,1.64,-1.12,-0.15,0.23,17473837014.0
2004-12-13,13.25,13.09,13.3,13.01,839,1099436.0,2.19,-1.21,-0.16,0.34,17262832189.68
2004-12-14,13.05,12.97,13.15,12.95,519,677160.0,1.53,-0.92,-0.12,0.21,17104578571.44
2004-12-15,13.0,13.2,13.2,12.91,939,1222540.0,2.24,1.77,0.23,0.38,17407898006.399998
2004-12-16,13.09,13.11,13.24,13.01,653,855703.0,1.74,-0.68,-0.09,0.26,17289207792.719997
2004-12-17,13.11,13.05,13.28,12.92,588,767285.0,2.75,-0.46,-0.06,0.24,17210080983.600002
2004-12-20,13.0,12.68,13.0,12.55,644,818698.0,3.45,-2.84,-0.37,0.26,16722132327.359999
2004-12-21,12.6,12.7,12.85,12.6,356,452229.0,1.97,0.16,0.02,0.14,16748507930.4
2004-12-22,12.63,13.1,13.1,12.62,632,819117.0,3.78,3.15,0.4,0.25,17276019991.2
2004-12-23,13.1,12.84,13.1,12.68,419,539390.0,3.21,-1.98,-0.26,0.17,16933137151.68
2004-12-24,12.84,12.89,12.95,12.82,198,255393.0,1.01,0.39,0.05,0.08,16999076159.28
2004-12-27,12.8,12.83,12.9,12.8,165,211455.0,0.78,-0.47,-0.06,0.07,16919949350.16
2004-12-28,12.83,12.7,12.88,12.62,423,537985.0,2.03,-1.01,-0.13,0.17,16748507930.4
2004-12-29,12.88,12.7,12.88,12.64,618,785492.0,1.89,0.0,0.0,0.25,16748507930.4
2004-12-30,12.65,12.66,12.8,12.24,659,820917.0,4.41,-0.31,-0.04,0.26,16695756724.32
2004-12-31,12.75,12.62,12.8,12.55,403,509560.0,1.97,-0.32,-0.04,0.16,16643005518.24
2005-01-04,12.42,12.53,12.55,12.39,490,609189.0,1.27,-0.71,-0.09,0.2,16524315304.56
2005-01-05,12.7,12.7,12.84,12.45,808,1022041.0,3.11,1.36,0.17,0.32,16748507930.4
2005-01-06,12.81,12.59,12.81,12.52,323,405674.0,2.28,-0.87,-0.11,0.13,16603442113.68
2005-01-07,12.65,12.6,12.84,12.55,390,495245.0,2.3,0.08,0.01,0.16,16616629915.199999
2005-01-10,12.58,12.8,12.8,12.5,384,487751.0,2.38,1.59,0.2,0.15,16880385945.6
2005-01-11,12.83,12.89,12.9,12.78,628,806102.0,0.94,0.7,0.09,0.25,16999076159.28
2005-01-12,12.33,12.97,12.98,12.33,864,1111439.0,5.04,0.62,0.08,0.35,17104578571.44
2005-01-13,12.81,12.91,13.08,12.8,568,736079.0,2.16,-0.46,-0.06,0.23,17025451762.32
2005-01-14,12.93,12.96,12.98,12.8,443,571948.0,1.39,0.39,0.05,0.18,17091390769.920002
2005-01-17,12.59,12.76,13.0,12.59,243,309259.0,3.16,-1.54,-0.2,0.1,16827634739.52
2005-01-18,12.72,12.51,12.78,12.42,558,702302.0,2.82,-1.96,-0.25,0.22,16497939701.52
2005-01-19,12.51,12.18,12.65,12.11,597,740413.0,4.32,-2.64,-0.33,0.24,16062742251.359999
2005-01-20,12.1,11.71,12.1,11.4,1688,1974262.0,5.75,-3.86,-0.47,0.68,15442915579.920002
2005-01-21,11.5,11.97,12.0,11.3,1218,1430991.0,5.98,2.22,0.26,0.49,15785798419.44
2005-01-24,12.18,12.25,12.4,12.02,978,1195121.0,3.17,2.34,0.28,0.39,16155056862.0
2005-01-25,12.2,11.9,12.2,11.75,429,511749.0,3.67,-2.86,-0.35,0.17,15693483808.800001
2005-01-26,11.9,11.68,11.93,11.61,919,1077894.0,2.69,-1.85,-0.22,0.37,15403352175.359999
2005-01-27,11.67,11.52,11.68,11.5,415,480991.0,1.54,-1.37,-0.16,0.17,15192347351.039999
2005-01-28,11.5,11.64,11.89,11.43,418,482088.0,3.99,1.04,0.12,0.17,15350600969.28
2005-02-01,11.0,11.35,11.9,11.0,1048,1211610.0,7.73,-2.49,-0.29,0.42,14968154725.199999
2005-02-02,11.45,11.97,12.0,11.36,1205,1422088.0,5.64,5.46,0.62,0.48,15785798419.44
2005-02-03,11.99,11.83,12.13,11.7,936,1114291.0,3.59,-1.17,-0.14,0.37,15601169198.16
2005-02-04,11.83,11.94,12.13,11.61,871,1039769.0,4.4,0.93,0.11,0.35,15746235014.88
2005-02-16,12.0,12.15,12.35,12.0,822,996592.0,2.93,1.76,0.21,0.33,16023178846.800001
2005-02-17,12.1,12.2,12.25,12.0,479,580401.0,2.06,0.41,0.05,0.19,16089117854.4
2005-02-18,12.18,12.08,12.2,12.0,588,710935.0,1.64,-0.98,-0.12,0.24,15930864236.16
2005-02-21,12.05,12.16,12.25,12.05,416,506493.0,1.66,0.66,0.08,0.17,16036366648.32
2005-02-22,12.16,12.58,12.6,12.15,1109,1378114.0,3.7,3.45,0.42,0.44,16590254312.16
2005-02-23,12.65,12.75,12.85,12.6,1554,1981765.0,1.99,1.35,0.17,0.62,16814446938.0
2005-02-24,12.72,12.77,12.8,12.63,1245,1581296.0,1.33,0.16,0.02,0.5,16840822541.039999
2005-02-25,12.85,12.72,12.97,12.7,1299,1666752.0,2.11,-0.39,-0.05,0.52,16774883533.44
2005-02-28,12.68,12.76,12.95,12.61,1057,1348530.0,2.67,0.31,0.04,0.42,16827634739.52
2005-03-01,12.67,12.77,12.85,12.66,788,1004202.0,1.49,0.08,0.01,0.32,16840822541.039999
2005-03-02,12.78,12.45,12.87,12.42,1177,1484115.0,3.52,-2.51,-0.32,0.47,16418812892.4
2005-03-03,12.4,12.52,12.55,12.3,1044,1293871.0,2.01,0.56,0.07,0.42,16511127503.039999
2005-03-04,12.33,13.42,13.7,12.33,6169,8166453.0,10.94,7.19,0.9,2.47,17698029639.84
2005-03-07,13.58,13.27,13.87,13.21,8175,11106489.0,4.92,-1.12,-0.15,3.27,17500212617.04
2005-03-08,12.98,12.74,13.18,12.18,11893,14945832.0,7.54,-3.99,-0.53,4.76,16801259136.48
2005-03-09,12.74,12.8,12.95,12.64,6173,7884846.0,2.43,0.47,0.06,2.47,16880385945.6
2005-03-10,12.85,12.35,12.85,12.34,5028,6272666.0,3.98,-3.52,-0.45,2.01,16286934877.199999
2005-03-11,12.34,12.39,12.46,12.18,3288,4058259.0,2.27,0.32,0.04,1.32,16339686083.28
2005-03-14,12.3,12.19,12.35,11.88,3588,4340728.0,3.79,-1.61,-0.2,1.44,16075930052.88
2005-03-15,12.13,12.0,12.34,11.96,2243,2705902.0,3.12,-1.56,-0.19,0.9,15825361824.0
2005-03-16,12.03,11.94,12.16,11.87,1221,1458119.0,2.42,-0.5,-0.06,0.49,15746235014.88
2005-03-17,11.91,11.81,11.97,11.81,1278,1517518.0,1.34,-1.09,-0.13,0.51,15574793595.12
2005-03-18,11.81,11.55,11.87,11.51,1843,2139958.0,3.05,-2.2,-0.26,0.74,15231910755.6
2005-03-21,11.55,11.64,11.7,11.44,1141,1317029.0,2.25,0.78,0.09,0.46,15350600969.28
2005-03-22,11.68,11.41,11.68,11.35,1240,1417561.0,2.84,-1.98,-0.23,0.5,15047281534.32
2005-03-23,11.39,11.4,11.54,11.32,1506,1722323.0,1.93,-0.09,-0.01,0.6,15034093732.800001
2005-03-24,11.4,11.38,11.45,11.1,1770,1991204.0,3.07,-0.18,-0.02,0.71,15007718129.76
2005-03-25,11.38,11.64,11.66,11.38,1422,1636539.0,2.46,2.28,0.26,0.57,15350600969.28
2005-03-28,11.6,11.44,11.6,11.3,779,888385.0,2.58,-1.72,-0.2,0.31,15086844938.88
2005-03-29,11.44,11.29,11.52,11.29,489,556315.0,2.01,-1.31,-0.15,0.2,14889027916.079998
2005-03-30,11.21,10.68,11.29,10.6,2313,2536276.0,6.11,-5.4,-0.61,0.93,14084572023.359999
2005-03-31,10.58,10.61,10.7,10.51,1066,1133110.0,1.78,-0.66,-0.07,0.43,13992257412.72
2005-04-01,10.62,11.13,11.23,10.54,1894,2062760.0,6.5,4.9,0.52,0.76,14678023091.76
2005-04-04,11.13,10.9,11.13,10.8,1148,1250929.0,2.96,-2.07,-0.23,0.46,14374703656.800001
2005-04-05,10.89,10.9,10.91,10.8,358,389264.0,1.01,0.0,0.0,0.14,14374703656.800001
2005-04-06,10.8,11.03,11.09,10.7,1411,1544773.0,3.58,1.19,0.13,0.56,14546145076.56
2005-04-07,11.03,11.29,11.6,10.93,1995,2267814.0,6.07,2.36,0.26,0.8,14889027916.079998
2005-04-11,11.59,11.5,11.78,11.5,2704,3138631.0,2.48,1.86,0.21,1.08,15165971748.0
2005-04-12,11.36,11.23,11.38,11.21,1082,1219235.0,1.48,-2.35,-0.27,0.43,14809901106.960001
2005-04-13,11.28,11.43,11.61,11.28,2290,2619801.0,2.94,1.78,0.2,0.92,15073657137.359999
2005-04-14,11.57,11.32,11.57,11.29,1102,1251547.0,2.45,-0.96,-0.11,0.44,14928591320.640001
2005-04-15,11.3,10.98,11.3,10.93,910,1009770.0,3.27,-3.0,-0.34,0.36,14480206068.960001
2005-04-18,10.8,10.76,11.0,10.6,1585,1712446.0,3.64,-2.0,-0.22,0.63,14190074435.52
2005-04-19,10.6,10.91,10.92,10.6,612,662010.0,2.97,1.39,0.15,0.24,14387891458.32
2005-04-20,10.8,10.76,10.95,10.6,1143,1221693.0,3.21,-1.37,-0.15,0.46,14190074435.52
2005-04-21,10.62,10.63,10.82,10.53,1017,1083004.0,2.7,-1.21,-0.13,0.41,14018633015.76
2005-04-22,10.74,10.28,10.74,10.21,2457,2553060.0,4.99,-3.29,-0.35,0.98,13557059962.56
2005-04-25,10.3,10.22,10.32,10.16,1307,1341513.0,1.56,-0.58,-0.06,0.52,13477933153.44
2005-04-26,10.22,10.32,10.48,10.2,960,995792.0,2.74,0.98,0.1,0.38,13609811168.640001
2005-04-27,10.4,10.3,10.4,10.28,829,856733.0,1.16,-0.19,-0.02,0.33,13583435565.6
2005-04-28,10.3,10.49,10.52,10.15,1174,1218537.0,3.59,1.84,0.19,0.47,13834003794.48
2005-04-29,10.36,10.29,10.51,10.28,843,870553.0,2.19,-1.91,-0.2,0.34,13570247764.079998
2005-05-09,10.4,9.85,10.4,9.85,1233,1236400.0,5.34,-4.28,-0.44,0.49,12989984497.199999
2005-05-10,9.85,9.6,9.86,9.28,1780,1697988.0,5.89,-2.54,-0.25,0.71,12660289459.199999
2005-05-11,9.55,9.45,9.65,9.4,635,604661.0,2.6,-1.56,-0.15,0.25,12462472436.4
2005-05-12,9.5,9.47,9.61,9.35,907,863112.0,2.75,0.21,0.02,0.36,12488848039.44
2005-05-13,9.55,9.62,9.64,9.46,932,890669.0,1.9,1.58,0.15,0.37,12686665062.24
2005-05-16,9.62,9.48,9.62,9.31,829,790553.0,3.22,-1.46,-0.14,0.33,12502035840.960001
2005-05-17,9.21,9.46,9.58,9.21,1144,1079822.0,3.9,-0.21,-0.02,0.46,12475660237.920002
2005-05-18,9.47,9.59,9.61,9.47,682,648718.0,1.48,1.37,0.13,0.27,12647101657.68
2005-05-19,9.6,9.6,9.75,9.51,1010,974719.0,2.5,0.1,0.01,0.4,12660289459.199999
2005-05-20,9.6,9.62,9.7,9.36,988,953706.0,3.54,0.21,0.02,0.4,12686665062.24
2005-05-24,9.36,9.62,9.64,9.36,617,586663.0,2.91,0.0,0.0,0.25,12686665062.24
2005-05-25,9.55,9.51,9.67,9.41,530,506583.0,2.7,-1.14,-0.11,0.21,12541599245.52
2005-05-26,9.64,9.53,9.66,9.44,639,611105.0,2.31,0.21,0.02,0.26,12567974848.56
2005-05-27,9.63,9.53,9.63,9.35,762,719864.0,2.94,0.0,0.0,0.3,12567974848.56
2005-05-30,9.49,9.3,9.49,9.26,600,561094.0,2.41,-2.41,-0.23,0.24,12264655413.6
2005-05-31,9.33,10.01,10.14,9.3,3252,3211849.0,9.03,7.63,0.71,1.3,13200989321.52
2005-06-01,9.6,9.91,9.98,9.58,3084,3018433.0,4.0,-1.0,-0.1,1.23,13069111306.32
2005-06-02,10.02,9.82,10.38,9.71,8163,8284758.0,6.76,-0.91,-0.09,3.27,12950421092.640001
2005-06-03,9.76,9.2,9.81,9.03,3270,3038490.0,7.94,-6.31,-0.62,1.31,12132777398.4
2005-06-06,9.16,9.11,9.19,8.66,2639,2335743.0,5.76,-0.98,-0.09,1.06,12014087184.72
2005-06-07,9.18,9.13,9.22,8.82,3172,2882950.0,4.39,0.22,0.02,1.27,12040462787.76
2005-06-08,8.98,9.95,10.0,8.98,4606,4448660.0,11.17,8.98,0.82,1.84,13121862512.4
2005-06-09,9.97,10.07,10.28,9.8,5008,5042731.0,4.82,1.21,0.12,2.0,13280116130.640001
2005-06-10,10.05,9.79,10.08,9.69,2520,2489244.0,3.87,-2.78,-0.28,1.01,12910857688.079998
2005-06-13,9.77,9.9,10.0,9.75,1225,1207487.0,2.55,1.12,0.11,0.49,13055923504.800001
2005-06-14,9.9,9.75,10.03,9.74,1040,1022342.0,2.93,-1.52,-0.15,0.42,12858106482.0
2005-06-15,9.65,9.25,9.65,9.21,1788,1666376.0,4.51,-5.13,-0.5,0.72,12198716406.0
2005-06-16,9.25,9.3,9.47,9.19,1564,1451289.0,3.03,0.54,0.05,0.63,12264655413.6
2005-06-17,9.4,9.26,9.49,9.23,968,903352.0,2.8,-0.43,-0.04,0.39,12211904207.52
2005-06-20,9.2,9.7,9.71,9.02,2870,2701433.0,7.45,4.75,0.44,1.15,12792167474.4
2005-06-21,9.85,9.56,9.85,9.53,1727,1660423.0,3.3,-1.44,-0.14,0.69,12607538253.12
2005-06-22,9.6,9.67,9.7,9.44,1281,1226181.0,2.72,1.15,0.11,0.51,12752604069.84
2005-06-23,9.69,9.41,9.69,9.33,1268,1209427.0,3.72,-2.69,-0.26,0.51,12409721230.32
2005-06-24,9.2,9.47,9.53,9.2,797,753214.0,3.51,0.64,0.06,0.32,12488848039.44
2005-06-27,9.61,9.98,10.09,9.61,4655,4627368.0,5.07,5.39,0.51,1.86,13161425916.960001
2005-06-28,9.5,9.77,9.84,9.5,1707,1658961.0,3.41,-2.1,-0.21,0.68,12884482085.039999
2005-06-29,9.77,10.75,10.75,9.68,16267,17132805.0,10.95,10.03,0.98,6.51,14176886634.0
2005-06-30,10.7,10.6,10.94,10.41,12518,13337366.0,4.93,-1.4,-0.15,5.01,13979069611.199999
2005-07-01,10.5,10.2,10.5,9.92,7187,7333797.0,5.47,-3.77,-0.4,2.87,13451557550.4
2005-07-04,10.31,10.53,10.87,10.31,8392,8835075.0,5.49,3.24,0.33,3.36,13886755000.56
2005-07-05,10.55,11.03,11.18,10.55,12637,13697873.0,5.98,4.75,0.5,5.05,14546145076.56
2005-07-06,11.06,11.57,11.65,11.06,23764,27085157.0,5.35,4.9,0.54,9.51,15258286358.640001
2005-07-07,11.61,10.41,11.65,10.41,30286,33006424.0,10.72,-10.03,-1.16,12.11,13728501382.32
2005-07-08,10.2,9.37,10.2,9.37,16822,16066130.0,7.97,-9.99,-1.04,6.73,12356970024.24
2005-07-11,9.03,9.13,9.63,9.03,8727,8198903.0,6.4,-2.56,-0.24,3.49,12040462787.76
2005-07-12,9.05,9.43,9.5,9.03,6043,5669052.0,5.15,3.29,0.3,2.42,12436096833.359999
2005-07-13,9.4,9.15,9.43,9.1,5242,4855406.0,3.5,-2.97,-0.28,2.1,12066838390.800001
2005-07-14,9.1,9.24,9.32,9.08,3973,3653612.0,2.62,0.98,0.09,1.59,12185528604.48
2005-07-15,9.34,9.18,9.34,9.12,2327,2139191.0,2.38,-0.65,-0.06,0.93,12106401795.359999
2005-07-18,9.17,8.84,9.17,8.82,4136,3713985.0,3.81,-3.7,-0.34,1.65,11658016543.68
2005-07-19,8.83,8.97,9.0,8.77,1791,1602882.0,2.6,1.47,0.13,0.72,11829457963.44
2005-07-20,8.99,9.01,9.15,8.98,1780,1609286.0,1.9,0.45,0.04,0.71,11882209169.52
2005-07-21,9.05,9.09,9.12,9.02,2221,2016060.0,1.11,0.89,0.08,0.89,11987711581.68
2005-07-22,9.16,9.3,9.43,8.98,5053,4651524.0,4.95,2.31,0.21,2.02,12264655413.6
2005-07-25,9.15,9.05,9.28,9.05,2886,2640628.0,2.47,-2.69,-0.25,1.15,11934960375.6
2005-07-26,9.51,9.39,9.51,9.28,5079,4771408.0,2.54,3.76,0.34,2.03,12383345627.28
2005-07-27,9.4,9.58,9.6,9.33,4360,4118185.0,2.88,2.02,0.19,1.74,12633913856.16
2005-07-28,9.58,9.57,9.85,9.48,4793,4620476.0,3.86,-0.1,-0.01,1.92,12620726054.640001
2005-07-29,9.55,9.49,9.57,9.4,2891,2739248.0,1.78,-0.84,-0.08,1.16,12515223642.48
2005-08-01,9.49,9.55,9.59,9.4,2505,2386056.0,2.0,0.63,0.06,1.0,12594350451.6
2005-08-02,9.52,9.81,9.83,9.45,4904,4758655.0,3.98,2.72,0.26,1.96,12937233291.12
2005-08-03,9.8,9.81,9.9,9.7,6012,5911397.0,2.04,0.0,0.0,2.4,12937233291.12
2005-08-04,9.84,9.89,10.09,9.65,4618,4562270.0,4.49,0.82,0.08,1.85,13042735703.28
2005-08-05,9.94,10.2,10.25,9.85,4615,4665465.0,4.04,3.13,0.31,1.85,13451557550.4
2005-08-08,10.35,10.45,10.67,10.28,8868,9273544.0,3.82,2.45,0.25,3.55,13781252588.4
2005-08-09,10.56,10.54,10.56,10.3,4116,4301797.0,2.49,0.86,0.09,1.65,13899942802.079998
2005-08-10,10.5,10.46,10.59,10.18,4902,5074569.0,3.89,-0.76,-0.08,1.96,13794440389.920002
2005-08-11,10.47,10.72,10.78,10.36,6577,6945400.0,4.02,2.49,0.26,2.63,14137323229.44
2005-08-12,10.7,10.33,10.71,10.32,5501,5779915.0,3.64,-3.64,-0.39,2.2,13622998970.16
2005-08-15,10.31,10.91,10.98,10.3,5977,6399679.0,6.58,5.61,0.58,2.39,14387891458.32
2005-08-16,11.0,10.82,11.1,10.72,5764,6256300.0,3.48,-0.82,-0.09,2.31,14269201244.640001
2005-08-17,10.65,11.11,11.2,10.55,7022,7686483.0,6.01,2.68,0.29,2.81,14651647488.72
2005-08-18,11.1,10.64,11.33,10.61,9347,10299831.0,6.48,-4.23,-0.47,3.74,14031820817.28
2005-08-19,10.64,10.62,10.85,10.45,5179,5504587.0,3.76,-0.19,-0.02,2.07,14005445214.24
2005-08-22,10.6,10.59,10.68,10.4,3594,3775241.0,2.64,-0.28,-0.03,1.44,13965881809.68
2005-08-23,10.46,10.36,10.56,10.26,1866,1934285.0,2.83,-2.17,-0.23,0.75,13662562374.72
2005-08-24,10.31,10.46,10.53,10.3,1974,2058954.0,2.22,0.97,0.1,0.79,13794440389.920002
2005-08-25,10.46,10.6,10.63,10.42,1923,2020965.0,2.01,1.34,0.14,0.77,13979069611.199999
2005-08-26,10.62,10.64,10.75,10.45,1999,2124239.0,2.83,0.38,0.04,0.8,14031820817.28
2005-08-29,10.64,10.25,10.67,10.23,2891,2999240.0,4.14,-3.67,-0.39,1.16,13517496558.0
2005-08-30,10.2,10.22,10.36,10.13,1542,1580416.0,2.24,-0.29,-0.03,0.62,13477933153.44
2005-08-31,10.35,10.36,10.37,10.16,2500,2568052.0,2.05,1.37,0.14,1.0,13662562374.72
2005-09-01,10.38,10.6,10.62,10.37,4176,4391974.0,2.41,2.32,0.24,1.67,13979069611.199999
2005-09-02,10.62,10.74,10.8,10.5,4022,4309629.0,2.83,1.32,0.14,1.61,14163698832.48
2005-09-05,10.66,10.87,10.97,10.66,4592,4964576.0,2.89,1.21,0.13,1.84,14335140252.24
2005-09-06,11.28,11.39,11.9,11.25,25831,29902476.0,5.98,4.78,0.52,10.33,15020905931.28
2005-09-07,11.3,11.55,11.56,10.99,7762,8743143.0,5.0,1.4,0.16,3.1,15231910755.6
2005-09-08,11.55,11.36,11.6,11.26,5177,5921699.0,2.94,-1.65,-0.19,2.07,14981342526.72
2005-09-09,11.4,11.48,11.7,11.39,7084,8145825.0,2.73,1.06,0.12,2.83,15139596144.960001
2005-09-12,11.5,11.36,11.5,11.25,3774,4272009.0,2.18,-1.05,-0.12,1.51,14981342526.72
2005-09-13,11.36,11.53,11.53,11.33,3604,4121436.0,1.76,1.5,0.17,1.44,15205535152.56
2005-09-14,11.55,11.6,11.7,11.42,5730,6642857.0,2.43,0.61,0.07,2.29,15297849763.199999
2005-09-15,11.64,11.82,12.17,11.64,11454,13640161.0,4.57,1.9,0.22,4.58,15587981396.640001
2005-09-16,11.86,11.74,11.9,11.67,3788,4442511.0,1.95,-0.68,-0.08,1.52,15482478984.48
2005-09-19,11.68,11.75,11.76,11.58,3730,4356673.0,1.53,0.09,0.01,1.49,15495666786.0
2005-09-20,11.78,11.5,11.85,11.39,5398,6215796.0,3.91,-2.13,-0.25,2.16,15165971748.0
2005-09-21,11.39,11.2,11.5,11.18,3870,4376518.0,2.78,-2.61,-0.3,1.55,14770337702.4
2005-09-22,11.18,11.01,11.35,10.82,3957,4386223.0,4.73,-1.7,-0.19,1.58,14519769473.52
2005-09-23,11.0,11.01,11.1,10.91,2595,2856573.0,1.73,0.0,0.0,1.04,14519769473.52
2005-09-26,10.9,10.99,11.01,10.85,2616,2856036.0,1.45,-0.18,-0.02,1.05,14493393870.48
2005-09-27,10.95,10.77,11.05,10.71,2007,2169248.0,3.09,-2.0,-0.22,0.8,14203262237.039999
2005-09-28,10.77,10.79,11.15,10.7,2197,2395389.0,4.18,0.19,0.02,0.88,14229637840.079998
2005-09-29,10.79,11.03,11.07,10.79,1740,1912987.0,2.59,2.22,0.24,0.7,14546145076.56
2005-09-30,11.08,10.95,11.1,10.91,1997,2193715.0,1.72,-0.73,-0.08,0.8,14440642664.4
2005-10-10,10.85,10.98,10.99,10.85,2223,2424625.0,1.28,0.27,0.03,0.89,14480206068.960001
2005-10-11,10.89,11.09,11.09,10.8,1367,1502706.0,2.64,1.0,0.11,0.55,14625271885.68
2005-10-12,11.12,11.42,11.49,11.0,6066,6846205.0,4.42,2.98,0.33,2.43,15060469335.84
2005-10-13,11.42,11.44,11.62,11.4,5013,5753002.0,1.93,0.18,0.02,2.01,15086844938.88
2005-10-14,11.31,11.24,11.45,11.24,3367,3822234.0,1.84,-1.75,-0.2,1.35,14823088908.48
2005-10-17,11.22,11.6,11.63,11.2,3574,4088427.0,3.83,3.2,0.36,1.43,15297849763.199999
2005-10-18,11.62,11.8,11.85,11.55,4840,5681722.0,2.59,1.72,0.2,1.94,15561605793.6
2005-10-19,11.88,11.92,12.33,11.88,16913,20517088.0,3.81,1.02,0.12,6.77,15719859411.84
2005-10-20,11.89,11.75,11.92,11.52,6659,7791834.0,3.36,-1.43,-0.17,2.66,15495666786.0
2005-10-21,11.75,12.03,12.15,11.75,8293,9962104.0,3.4,2.38,0.28,3.32,15864925228.56
2005-10-24,12.03,11.9,12.05,11.82,3025,3601539.0,1.91,-1.08,-0.13,1.21,15693483808.800001
2005-10-25,11.93,11.41,11.93,11.35,6199,7155076.0,4.87,-4.12,-0.49,2.48,15047281534.32
2005-10-26,11.39,11.35,11.55,11.3,3329,3789423.0,2.19,-0.53,-0.06,1.33,14968154725.199999
2005-10-27,11.33,11.44,11.48,11.32,2422,2756057.0,1.41,0.79,0.09,0.97,15086844938.88
2005-10-28,11.42,11.17,11.5,10.9,4598,5115927.0,5.24,-2.36,-0.27,1.84,14730774297.84
2005-10-31,11.05,11.22,11.24,11.05,2031,2264489.0,1.7,0.45,0.05,0.81,14796713305.44
2005-11-01,11.24,11.12,11.24,10.92,2803,3097440.0,2.85,-0.89,-0.1,1.12,14664835290.24
2005-11-02,11.14,11.4,11.57,11.1,3877,4412094.0,4.23,2.52,0.28,1.55,15034093732.800001
2005-11-03,11.41,11.18,11.46,11.18,1847,2083884.0,2.46,-1.93,-0.22,0.74,14743962099.359999
2005-11-04,11.17,11.56,11.59,11.14,4212,4780713.0,4.03,3.4,0.38,1.68,15245098557.12
2005-11-21,11.83,11.89,11.94,11.7,15119,17904604.0,2.08,2.85,0.33,6.05,15680296007.28
2005-11-22,11.85,11.89,12.04,11.85,7989,9538450.0,1.6,0.0,0.0,3.2,15680296007.28
2005-11-23,11.88,11.95,12.04,11.88,6479,7754320.0,1.35,0.5,0.06,2.59,15759422816.4
2005-11-24,11.94,12.02,12.15,11.83,5882,7081779.0,2.68,0.59,0.07,2.35,15851737427.039999
2005-11-25,12.01,12.21,12.25,12.01,5033,6128118.0,2.0,1.58,0.19,2.01,16102305655.920002
2005-11-28,12.21,12.09,12.28,12.07,4817,5841371.0,1.72,-0.98,-0.12,1.93,15944052037.68
2005-11-29,12.19,12.06,12.25,12.0,4233,5109212.0,2.07,-0.25,-0.03,1.69,15904488633.12
2005-11-30,12.06,12.23,12.25,12.06,3676,4470852.0,1.58,1.41,0.17,1.47,16128681258.960001
2005-12-01,12.25,12.22,12.39,11.82,12000,14629853.0,4.66,-0.08,-0.01,4.8,16115493457.44
2005-12-23,9.61,9.54,9.62,9.34,33165,31303266.0,2.29,-21.93,-2.68,9.97,12581162650.079998
2005-12-26,9.49,9.78,9.82,9.44,15130,14606705.0,3.98,2.52,0.24,4.55,12897669886.56
2005-12-27,9.6,9.77,9.98,9.6,9418,9214275.0,3.89,-0.1,-0.01,2.83,12884482085.039999
2005-12-28,9.76,9.8,9.85,9.69,6570,6429504.0,1.64,0.31,0.03,1.98,12924045489.6
2005-12-29,9.75,9.82,9.9,9.73,5949,5823211.0,1.73,0.2,0.02,1.79,12950421092.640001
2005-12-30,9.83,9.77,9.83,9.71,3836,3746131.0,1.22,-0.51,-0.05,1.15,12884482085.039999
2006-01-04,9.72,9.71,9.8,9.61,5650,5474429.0,1.94,-0.61,-0.06,1.7,12805355275.920002
2006-01-05,9.71,9.81,9.9,9.68,5341,5221788.0,2.27,1.03,0.1,1.61,12937233291.12
2006-01-06,9.82,10.15,10.26,9.75,11072,11143857.0,5.2,3.47,0.34,3.33,13385618542.800001
2006-01-09,10.15,10.14,10.23,10.01,4801,4856392.0,2.17,-0.1,-0.01,1.44,13372430741.28
2006-01-10,10.14,10.09,10.15,9.96,5109,5135154.0,1.87,-0.49,-0.05,1.54,13306491733.68
2006-01-11,10.06,10.3,10.46,10.01,16329,16744912.0,4.46,2.08,0.21,4.91,13583435565.6
2006-01-12,10.28,10.65,10.72,10.28,23722,25048987.0,4.27,3.4,0.35,7.13,14045008618.800001
2006-01-13,10.72,10.85,10.93,10.61,14830,16024113.0,3.0,1.88,0.2,4.46,14308764649.199999
2006-01-16,10.8,10.54,10.81,10.36,10141,10766217.0,4.15,-2.86,-0.31,3.05,13899942802.079998
2006-01-17,10.48,10.6,10.65,10.35,5860,6141937.0,2.85,0.57,0.06,1.76,13979069611.199999
2006-01-18,10.54,10.79,10.83,10.43,6225,6660489.0,3.77,1.79,0.19,1.87,14229637840.079998
2006-01-19,10.7,10.76,10.77,10.61,5738,6139918.0,1.48,-0.28,-0.03,1.73,14190074435.52
2006-01-20,10.77,10.9,11.04,10.73,5030,5476349.0,2.88,1.3,0.14,1.51,14374703656.800001
2006-01-23,10.88,10.8,10.97,10.44,4740,5046236.0,4.86,-0.92,-0.1,1.43,14242825641.6
2006-01-24,10.55,10.57,10.8,10.51,4759,5051259.0,2.69,-2.13,-0.23,1.43,13939506206.640001
2006-01-25,10.51,10.56,10.69,10.28,5734,5985698.0,3.88,-0.09,-0.01,1.72,13926318405.12
2006-02-06,10.72,10.75,10.83,10.46,4634,4921256.0,3.5,1.8,0.19,1.39,14176886634.0
2006-02-07,10.66,10.38,10.88,10.28,9490,9905484.0,5.58,-3.44,-0.37,2.85,13688937977.76
2006-02-08,10.45,10.32,10.45,10.22,4643,4792764.0,2.22,-0.58,-0.06,1.4,13609811168.640001
2006-02-09,10.35,10.14,10.35,10.12,4910,4998835.0,2.23,-1.74,-0.18,1.48,13372430741.28
2006-02-10,10.18,10.38,10.38,10.15,2501,2572108.0,2.27,2.37,0.24,0.75,13688937977.76
2006-02-13,10.5,10.46,10.5,10.32,2987,3101639.0,1.73,0.77,0.08,0.9,13794440389.920002
2006-02-14,10.5,10.74,10.98,10.5,10187,10993804.0,4.59,2.68,0.28,3.06,14163698832.48
2006-02-16,10.75,10.44,10.87,10.28,5719,5981661.0,5.49,-2.79,-0.3,1.72,13768064786.88
2006-02-17,10.4,10.2,10.61,10.15,7163,7359232.0,4.41,-2.3,-0.24,2.15,13451557550.4
2006-02-20,10.16,10.15,10.3,10.1,3768,3835297.0,1.96,-0.49,-0.05,1.13,13385618542.800001
2006-02-21,10.15,10.35,10.38,10.08,3847,3956886.0,2.96,1.97,0.2,1.16,13649374573.199999
2006-02-22,10.37,10.3,10.38,10.25,3275,3373326.0,1.26,-0.48,-0.05,0.98,13583435565.6
2006-02-23,10.21,10.28,10.3,10.15,1622,1653168.0,1.46,-0.19,-0.02,0.49,13557059962.56
2006-02-24,10.23,10.26,10.32,10.18,3754,3847063.0,1.36,-0.19,-0.02,1.13,13530684359.52
2006-02-27,10.26,10.1,10.3,10.1,3775,3844986.0,1.95,-1.56,-0.16,1.14,13319679535.199999
2006-02-28,10.05,9.87,10.05,9.7,9601,9428523.0,3.47,-2.28,-0.23,2.89,13016360100.24
2006-03-01,9.78,10.08,10.1,9.78,6389,6345658.0,3.24,2.13,0.21,1.92,13293303932.16
2006-03-02,10.08,9.85,10.09,9.81,4405,4378170.0,2.78,-2.28,-0.23,1.32,12989984497.199999
2006-03-03,9.81,9.7,9.95,9.69,4339,4237386.0,2.64,-1.52,-0.15,1.31,12792167474.4
2006-03-06,9.68,9.67,9.77,9.62,2290,2222231.0,1.55,-0.31,-0.03,0.69,12752604069.84
2006-03-07,9.64,9.57,9.7,9.57,3013,2898454.0,1.34,-1.03,-0.1,0.91,12620726054.640001
2006-03-08,9.57,9.48,9.64,9.45,2772,2639494.0,1.99,-0.94,-0.09,0.83,12502035840.960001
2006-03-09,9.49,9.73,9.8,9.45,6347,6105745.0,3.69,2.64,0.25,1.91,12831730878.960001
2006-03-10,9.73,9.95,10.07,9.73,8707,8634598.0,3.49,2.26,0.22,2.62,13121862512.4
2006-03-13,9.9,10.13,10.15,9.82,6883,6945366.0,3.32,1.81,0.18,2.07,13359242939.76
2006-03-14,10.1,10.09,10.15,9.99,2580,2597092.0,1.58,-0.39,-0.04,0.78,13306491733.68
2006-03-15,10.09,10.41,10.46,9.99,6838,7012889.0,4.66,3.17,0.32,2.06,13728501382.32
2006-03-16,10.42,10.54,10.57,10.3,7023,7320397.0,2.59,1.25,0.13,2.11,13899942802.079998
2006-03-17,10.5,10.44,10.5,10.39,3883,4042773.0,1.04,-0.95,-0.1,1.17,13768064786.88
2006-03-20,10.54,10.44,10.54,10.3,2331,2419841.0,2.3,0.0,0.0,0.7,13768064786.88
2006-03-21,10.45,10.5,10.75,10.33,6523,6917023.0,4.02,0.57,0.06,1.96,13847191596.0
2006-03-22,10.45,10.65,10.66,10.43,7582,8039542.0,2.19,1.43,0.15,2.28,14045008618.800001
2006-03-23,10.63,10.61,10.72,10.53,5005,5301674.0,1.78,-0.38,-0.04,1.51,13992257412.72
2006-03-24,10.73,10.67,10.75,10.5,7040,7468621.0,2.36,0.57,0.06,2.12,14071384221.84
2006-03-27,10.67,10.82,10.84,10.53,5142,5496013.0,2.91,1.41,0.15,1.55,14269201244.640001
2006-03-28,10.78,10.82,10.92,10.6,11873,12745401.0,2.96,0.0,0.0,3.57,14269201244.640001
2006-03-29,10.87,10.76,10.93,10.71,4572,4940874.0,2.03,-0.55,-0.06,1.38,14190074435.52
2006-03-30,10.75,10.45,10.8,10.32,16491,17247589.0,4.46,-2.88,-0.31,4.96,13781252588.4
2006-03-31,10.4,10.53,10.59,10.36,3116,3279059.0,2.2,0.77,0.08,0.94,13886755000.56
2006-04-03,10.55,11.31,11.4,10.53,18114,20132585.0,8.26,7.41,0.78,5.45,14915403519.12
2006-04-04,11.33,11.3,11.35,11.08,12865,14350266.0,2.39,-0.09,-0.01,3.87,14902215717.6
2006-04-05,11.28,11.51,11.82,11.28,10567,12195599.0,4.78,1.86,0.21,3.18,15179159549.52
2006-04-06,11.51,11.51,11.67,11.23,9693,11086480.0,3.82,0.0,0.0,2.92,15179159549.52
2006-04-07,11.52,11.74,11.76,11.31,8652,9967409.0,3.91,2.0,0.23,2.6,15482478984.48
2006-04-11,11.91,11.89,12.2,11.84,21839,26020344.0,3.07,1.28,0.15,6.57,15680296007.28
2006-04-12,11.9,12.1,12.2,11.86,10659,12802135.0,2.86,1.77,0.21,3.21,15957239839.199999
2006-04-13,12.8,13.31,13.31,12.51,30466,40286148.0,6.61,10.0,1.21,9.16,17552963823.12
2006-04-14,13.5,13.89,14.28,13.4,35984,49959546.0,6.61,4.36,0.58,10.82,18317856311.280003
2006-04-17,13.89,14.96,15.28,13.6,25351,36954525.0,12.1,7.7,1.07,7.62,19728951073.920002
2006-04-18,14.82,14.77,14.95,14.51,12634,18592616.0,2.94,-1.27,-0.19,3.8,19478382845.04
2006-04-19,14.76,14.77,15.25,14.48,12818,18782809.0,5.21,0.0,0.0,3.85,19478382845.04
2006-04-20,14.52,14.6,15.23,14.51,10918,16161382.0,4.87,-1.15,-0.17,3.28,19254190219.2
2006-04-21,14.5,14.71,14.96,14.03,10404,15170678.0,6.37,0.75,0.11,3.13,19399256035.920002
2006-04-24,14.89,15.52,15.95,14.12,12796,18997178.0,12.44,5.51,0.81,3.85,20467467959.04
2006-04-25,15.35,15.72,16.4,14.89,12328,19387220.0,9.73,1.29,0.2,3.71,20731223989.440002
2006-04-26,15.56,15.58,16.1,15.31,9729,15388904.0,5.03,-0.89,-0.14,2.93,20546594768.16
2006-04-27,15.58,15.59,16.35,15.52,11480,18329659.0,5.33,0.06,0.01,3.45,20559782569.68
2006-05-08,16.05,16.43,16.5,15.83,10062,16244526.0,4.3,5.39,0.84,3.03,21667557897.36
2006-05-09,16.48,17.3,17.79,16.17,9945,17004018.0,9.86,5.3,0.87,2.99,22814896629.600002
2006-05-10,17.35,17.88,18.2,16.81,11975,21175394.0,8.03,3.35,0.58,3.6,23579789117.76
2006-05-11,16.3,15.71,16.44,15.7,10193,16453539.0,4.14,-12.14,-2.17,2.79,20718036187.920002
2006-05-12,15.48,15.96,16.21,15.09,15381,24128060.0,7.13,1.59,0.25,4.21,21047731225.920002
2006-05-15,15.96,16.17,16.3,15.6,18404,29334847.0,4.39,1.32,0.21,5.03,21324675057.840004
2006-05-16,16.09,14.55,16.09,14.55,28125,42683939.0,9.52,-10.02,-1.62,7.69,19188251211.600002
2006-05-17,14.18,14.06,14.52,13.72,24898,34955706.0,5.5,-3.37,-0.49,6.81,18542048937.12
2006-05-18,14.0,14.0,14.5,13.88,17418,24527352.0,4.41,-0.43,-0.06,4.76,18462922128.0
2006-05-19,14.08,15.4,15.4,14.06,18583,27623023.0,9.57,10.0,1.4,5.08,20309214340.8
2006-05-22,15.8,15.06,16.08,14.86,19293,29716057.0,7.92,-2.21,-0.34,5.27,19860829089.12
2006-05-23,15.06,14.0,15.13,13.75,11290,16100185.0,9.16,-7.04,-1.06,3.09,18462922128.0
2006-05-24,14.1,14.18,14.48,13.76,7749,10875380.0,5.14,1.29,0.18,2.12,18700302555.36
2006-05-25,14.18,14.6,14.66,14.06,6202,8915625.0,4.23,2.96,0.42,1.7,19254190219.2
2006-05-26,14.62,14.63,14.88,14.55,5556,8165964.0,2.26,0.21,0.03,1.52,19293753623.760002
2006-05-29,14.61,14.88,14.94,14.16,9437,13822950.0,5.33,1.71,0.25,2.58,19623448661.760002
2006-05-30,14.87,14.68,14.9,14.53,10468,15405516.0,2.49,-1.34,-0.2,2.86,19359692631.36
2006-05-31,14.67,14.28,14.88,14.09,9580,13881598.0,5.38,-2.72,-0.4,2.62,18832180570.559998
2006-06-01,14.2,14.69,14.84,14.16,7747,11297726.0,4.76,2.87,0.41,2.12,19372880432.88
2006-06-02,14.77,14.38,14.77,14.1,8702,12527888.0,4.56,-2.11,-0.31,2.38,18964058585.760002
2006-06-05,14.32,15.37,15.4,14.32,16808,25020635.0,7.51,6.88,0.99,4.6,20269650936.239998
2006-06-06,15.42,15.65,15.78,15.15,28158,43525760.0,4.1,1.82,0.28,7.7,20638909378.8
2006-06-07,15.6,15.86,16.06,15.23,38037,60066354.0,5.3,1.34,0.21,10.4,20915853210.719997
2006-06-08,15.88,15.38,15.88,15.0,14268,21913390.0,5.55,-3.03,-0.48,3.9,20282838737.760002
2006-06-09,15.38,15.51,16.28,15.2,18085,28706659.0,7.02,0.85,0.13,4.94,20454280157.52
2006-06-12,15.3,16.93,17.06,15.21,34333,56572883.0,11.93,9.16,1.42,9.39,22326947973.36
2006-06-13,17.08,17.13,17.2,16.66,17355,29333815.0,3.19,1.18,0.2,4.75,22590704003.76
2006-06-14,17.0,16.81,17.18,16.3,12205,20523097.0,5.14,-1.87,-0.32,3.34,22168694355.12
2006-06-15,16.82,15.29,17.45,15.13,35561,58003456.0,13.8,-9.04,-1.52,9.72,20164148524.079998
2006-06-16,14.8,15.28,15.3,14.7,21745,32797317.0,3.92,-0.07,-0.01,5.95,20150960722.559998
2006-06-19,15.28,15.56,15.58,14.9,15946,24205253.0,4.45,1.83,0.28,4.36,20520219165.12
2006-06-20,15.6,15.26,15.68,15.0,9933,15097748.0,4.37,-1.93,-0.3,2.72,20124585119.52
2006-06-21,15.24,15.34,15.65,15.03,9179,14002326.0,4.06,0.52,0.08,2.51,20230087531.68
2006-06-23,15.41,16.87,16.87,15.4,16508,27104868.0,9.58,9.97,1.53,4.51,22247821164.24
2006-06-26,17.05,17.75,18.56,17.05,36481,65521978.0,8.95,5.22,0.88,9.97,23408347698.0
2006-06-27,17.7,17.64,18.0,17.51,13990,24804612.0,2.76,-0.62,-0.11,3.82,23263281881.280003
2006-06-28,17.59,17.61,18.58,17.29,15655,28355723.0,7.31,-0.17,-0.03,4.28,23223718476.719997
2006-06-29,17.59,18.07,18.2,17.55,9570,17161155.0,3.69,2.61,0.46,2.62,23830357346.64
2006-06-30,18.08,17.96,18.3,17.61,9388,16794358.0,3.82,-0.61,-0.11,2.57,23685291529.920002
2006-07-03,18.03,18.42,18.52,17.8,9832,17949823.0,4.01,2.56,0.46,2.69,24291930399.840004
2006-07-04,18.39,17.91,18.39,17.6,11036,19751363.0,4.29,-2.77,-0.51,3.02,23619352522.32
2006-07-05,17.81,17.49,17.9,17.08,7779,13599551.0,4.58,-2.35,-0.42,2.13,23065464858.48
2006-07-06,17.44,17.93,18.0,17.28,5880,10431636.0,4.12,2.52,0.44,1.61,23645728125.36
2006-07-07,18.05,17.54,18.15,17.5,6748,11916647.0,3.63,-2.18,-0.39,1.85,23131403866.079998
2006-07-10,17.53,17.74,17.78,17.33,4851,8550941.0,2.57,1.14,0.2,1.33,23395159896.48
2006-07-11,17.7,17.79,17.85,17.21,6490,11355761.0,3.61,0.28,0.05,1.77,23461098904.079998
2006-07-12,17.78,18.7,18.98,17.46,15769,29072319.0,8.54,5.12,0.91,4.31,24661188842.399998
2006-07-13,18.6,17.9,19.48,17.8,18188,33622623.0,8.98,-4.28,-0.8,4.97,23606164720.8
2006-07-14,17.8,17.9,18.38,17.3,8100,14514126.0,6.03,0.0,0.0,2.21,23606164720.8
2006-07-17,18.0,19.0,19.38,17.47,14932,27785263.0,10.67,6.15,1.1,4.08,25056822888.0
2006-07-18,19.05,19.8,19.81,18.73,17475,34017916.0,5.68,4.21,0.8,4.78,26111847009.600002
2006-07-19,19.7,18.96,20.15,18.6,12922,24856663.0,7.83,-4.24,-0.84,3.53,25004071681.920002
2006-07-20,18.96,19.13,19.28,18.48,6170,11669799.0,4.22,0.9,0.17,1.69,25228264307.76
2006-07-21,19.28,18.6,19.28,18.42,9061,16885971.0,4.5,-2.77,-0.53,2.48,24529310827.2
2006-07-24,18.2,18.15,18.48,17.81,8184,14747179.0,3.6,-2.42,-0.45,2.24,23935859758.8
2006-07-26,18.45,18.3,18.7,18.15,5053,9313382.0,3.03,0.83,0.15,1.38,24133676781.600002
2006-07-27,18.3,17.88,18.5,17.66,7524,13478848.0,4.59,-2.3,-0.42,2.06,23579789117.76
2006-07-28,18.18,17.73,18.18,17.48,3659,6463506.0,3.91,-0.84,-0.15,1.0,23381972094.96
2006-07-31,17.67,16.95,17.97,16.89,8183,14069947.0,6.09,-4.4,-0.78,2.24,22353323576.399998
2006-08-01,16.95,17.09,17.28,16.9,5334,9088568.0,2.24,0.83,0.14,1.46,22537952797.68
2006-08-02,17.0,16.88,17.29,16.41,3702,6204706.0,5.15,-1.23,-0.21,1.01,22261008965.76
2006-08-03,16.8,16.96,16.99,16.65,2892,4858906.0,2.01,0.47,0.08,0.79,22366511377.920002
2006-08-04,16.8,16.6,17.06,16.58,5138,8651774.0,2.83,-2.12,-0.36,1.4,21891750523.2
2006-08-07,16.4,16.26,16.58,16.01,4606,7495453.0,3.43,-2.05,-0.34,1.26,21443365271.52
2006-08-08,16.38,16.7,16.78,16.26,3652,6046502.0,3.2,2.71,0.44,1.0,22023628538.399998
2006-08-09,16.95,16.9,17.07,16.69,2216,3730386.0,2.28,1.2,0.2,0.61,22287384568.8
2006-08-10,16.97,17.09,17.12,16.91,3436,5853078.0,1.24,1.12,0.19,0.94,22537952797.68
2006-08-11,17.1,16.89,17.17,16.7,1811,3041854.0,2.75,-1.17,-0.2,0.5,22274196767.280003
2006-08-14,16.93,16.01,17.0,16.0,4069,6655358.0,5.92,-5.21,-0.88,1.11,21113670233.52
2006-08-15,15.71,16.1,16.1,15.45,4530,7125614.0,4.06,0.56,0.09,1.24,21232360447.2
2006-08-16,16.09,16.34,16.36,15.82,3300,5354184.0,3.35,1.49,0.24,0.9,21548867683.68
2006-08-17,16.25,16.11,16.25,15.7,3128,5009898.0,3.37,-1.41,-0.23,0.86,21245548248.719997
2006-08-18,16.08,16.45,16.7,16.08,4085,6714976.0,3.85,2.11,0.34,1.12,21693933500.399998
2006-08-21,15.98,17.07,17.11,15.8,4874,8148476.0,7.96,3.77,0.62,1.33,22511577194.64
2006-08-22,16.87,17.01,17.4,16.87,3262,5594403.0,3.1,-0.35,-0.06,0.89,22432450385.52
2006-08-23,17.2,17.05,17.33,17.02,2599,4468823.0,1.82,0.24,0.04,0.71,22485201591.600002
2006-08-24,17.1,17.03,17.1,16.8,1454,2465943.0,1.76,-0.12,-0.02,0.4,22458825988.56
2006-08-25,17.25,17.04,17.25,16.91,1968,3368516.0,2.0,0.06,0.01,0.54,22472013790.079998
2006-08-28,17.31,17.45,17.45,17.0,4590,7930501.0,2.64,2.41,0.41,1.25,23012713652.399998
2006-08-29,17.5,17.39,17.82,17.38,5721,10090802.0,2.52,-0.34,-0.06,1.56,22933586843.280003
2006-08-30,17.38,17.19,17.38,16.97,3145,5372006.0,2.36,-1.15,-0.2,0.86,22669830812.88
2006-08-31,17.22,17.35,17.78,17.19,3068,5379030.0,3.43,0.93,0.16,0.84,22880835637.2
2006-09-01,17.35,17.09,17.35,16.9,2727,4656792.0,2.59,-1.5,-0.26,0.75,22537952797.68
2006-09-04,17.09,17.58,17.77,16.95,7422,12893174.0,4.8,2.87,0.49,2.03,23184155072.159996
2006-09-05,17.59,17.98,17.99,17.39,8191,14579254.0,3.41,2.28,0.4,2.24,23711667132.96
2006-09-06,18.09,17.99,18.09,17.68,3578,6402137.0,2.28,0.06,0.01,0.98,23724854934.48
2006-09-07,17.9,18.31,18.38,17.61,9614,17491012.0,4.28,1.78,0.32,2.63,24146864583.12
2006-09-08,18.3,18.68,18.8,17.96,6896,12812357.0,4.59,2.02,0.37,1.89,24634813239.36
2006-09-11,18.67,18.37,18.8,18.0,4421,8103540.0,4.28,-1.66,-0.31,1.21,24225991392.24
2006-09-12,18.37,18.24,18.58,18.11,2747,5016317.0,2.56,-0.71,-0.13,0.75,24054549972.48
2006-09-13,18.15,17.79,18.27,17.73,2350,4243685.0,2.96,-2.47,-0.45,0.64,23461098904.079998
2006-09-14,17.79,17.37,17.79,17.19,3612,6320139.0,3.37,-2.36,-0.42,0.99,22907211240.24
2006-09-15,17.4,17.53,17.57,17.3,2284,3979881.0,1.55,0.92,0.16,0.62,23118216064.56
2006-09-18,17.5,17.51,17.6,17.45,3097,5426522.0,0.86,-0.11,-0.02,0.85,23091840461.52
2006-09-19,17.51,17.93,18.14,17.51,2537,4565234.0,3.6,2.4,0.42,0.69,23645728125.36
2006-09-20,18.49,19.03,19.72,18.48,17271,33135178.0,6.92,6.13,1.1,4.72,25096386292.56
2006-09-21,18.84,18.93,19.09,18.63,4160,7845244.0,2.42,-0.53,-0.1,1.14,24964508277.36
2006-09-22,18.9,18.96,19.4,18.73,5396,10335867.0,3.54,0.16,0.03,1.48,25004071681.920002
2006-09-25,19.02,19.72,19.8,19.02,9028,17626814.0,4.11,4.01,0.76,2.47,26006344597.44
2006-09-26,19.7,20.55,20.88,19.5,17206,34906973.0,7.0,4.21,0.83,4.7,27100932123.600002
2006-09-27,20.5,20.44,20.74,20.0,6621,13466840.0,3.6,-0.54,-0.11,1.81,26955866306.88
2006-09-28,20.38,20.91,21.4,20.23,10248,21495096.0,5.72,2.3,0.47,2.8,27575692978.32
2006-09-29,20.85,21.2,21.35,20.79,5415,11403500.0,2.68,1.39,0.29,1.48,27958139222.399998
2006-10-09,21.38,20.62,21.7,20.35,11109,23081739.0,6.37,-2.74,-0.58,3.04,27193246734.24
2006-10-10,20.51,20.86,21.18,20.41,6684,13883195.0,3.73,1.16,0.24,1.83,27509753970.719997
2006-10-11,20.63,20.05,21.08,19.97,14801,30038397.0,5.32,-3.88,-0.81,4.05,26441542047.600002
2006-10-12,20.05,19.98,20.3,19.75,5733,11458921.0,2.74,-0.35,-0.07,1.57,26349227436.96
2006-10-13,20.0,20.32,20.5,19.62,4550,9147059.0,4.4,1.7,0.34,1.24,26797612688.64
2006-10-16,20.3,19.89,20.45,19.76,3442,6881959.0,3.4,-2.12,-0.43,0.94,26230537223.280003
2006-10-17,19.91,20.0,20.29,19.89,2141,4284314.0,2.01,0.55,0.11,0.59,26375603040.0
2006-10-18,19.92,21.1,21.25,19.92,6208,12885069.0,6.65,5.5,1.1,1.7,27826261207.2
2006-10-19,21.15,21.17,21.79,21.0,5330,11361094.0,3.74,0.33,0.07,1.46,27918575817.840004
2006-10-20,21.03,21.69,21.77,21.03,6120,13192850.0,3.5,2.46,0.52,1.67,28604341496.88
2006-10-23,21.88,20.99,21.9,20.51,5333,11156239.0,6.41,-3.23,-0.7,1.46,27681195390.48
2006-10-24,21.0,20.99,21.1,20.46,7519,15627751.0,3.05,0.0,0.0,2.06,27681195390.48
2006-10-25,20.99,20.65,21.17,20.49,4824,9982303.0,3.24,-1.62,-0.34,1.32,27232810138.8
2006-10-26,20.65,20.48,20.8,20.36,3779,7758664.0,2.13,-0.82,-0.17,1.03,27008617512.96
2006-10-27,20.4,20.37,21.29,20.2,8563,17616659.0,5.32,-0.54,-0.11,2.34,26863551696.24
2006-10-30,20.45,19.84,20.45,19.6,5349,10611881.0,4.17,-2.6,-0.53,1.46,26164598215.68
2006-10-31,19.81,20.0,20.6,19.71,6163,12337709.0,4.49,0.81,0.16,1.69,26375603040.0
2006-11-01,20.01,19.93,20.01,19.67,4284,8483049.0,1.7,-0.35,-0.07,1.17,26283288429.36
2006-11-02,19.75,19.64,19.98,19.33,4352,8530827.0,3.26,-1.46,-0.29,1.19,25900842185.280003
2006-11-03,19.41,19.6,19.98,19.41,3541,6946561.0,2.9,-0.2,-0.04,0.97,25848090979.2
2006-11-06,19.6,19.78,19.84,19.36,2317,4547364.0,2.45,0.92,0.18,0.63,26085471406.56
2006-11-07,19.8,19.0,19.8,18.83,10404,19871252.0,4.9,-3.94,-0.78,2.84,25056822888.0
2006-11-08,19.05,19.27,19.3,18.6,3812,7235587.0,3.68,1.42,0.27,1.04,25412893529.04
2006-11-09,19.26,19.35,19.48,19.06,2338,4508576.0,2.18,0.42,0.08,0.64,25518395941.2
2006-11-10,19.35,19.14,19.35,18.82,6235,11837944.0,2.74,-1.09,-0.21,1.7,25241452109.280003
2006-11-13,19.0,18.96,19.19,18.81,12539,23808652.0,1.99,-0.94,-0.18,3.43,25004071681.920002
2006-11-14,18.84,19.42,19.5,18.84,4023,7741156.0,3.48,2.43,0.46,1.1,25610710551.840004
2006-11-15,19.32,19.93,19.97,19.31,5270,10408767.0,3.4,2.63,0.51,1.44,26283288429.36
2006-11-16,19.98,19.3,19.98,19.2,3844,7541062.0,3.91,-3.16,-0.63,1.05,25452456933.600002
2006-11-17,19.13,19.6,19.66,19.08,4830,9372045.0,3.01,1.55,0.3,1.32,25848090979.2
2006-11-20,19.5,18.99,19.6,18.65,9713,18427234.0,4.85,-3.11,-0.61,2.66,25043635086.48
2006-11-21,18.83,19.29,19.38,18.22,3564,6761201.0,6.11,1.58,0.3,0.97,25439269132.079998
2006-11-22,19.0,19.28,19.6,19.0,2964,5747397.0,3.11,-0.05,-0.01,0.81,25426081330.56
2006-11-23,19.28,19.43,19.46,19.12,2612,5032354.0,1.76,0.78,0.15,0.71,25623898353.36
2006-11-24,19.43,19.24,19.43,18.87,3909,7473539.0,2.88,-0.98,-0.19,1.07,25373330124.48
2006-11-27,19.06,19.98,20.17,18.88,5296,10409417.0,6.7,3.85,0.74,1.45,26349227436.96
2006-11-28,20.01,19.92,20.21,19.81,4920,9834642.0,2.0,-0.3,-0.06,1.35,26270100627.840004
2006-11-29,19.88,20.7,20.92,19.71,8293,17061257.0,6.07,3.92,0.78,2.27,27298749146.399998
2006-11-30,20.61,21.0,21.4,20.6,10130,21219149.0,3.86,1.45,0.3,2.77,27694383192.0
2006-12-01,21.0,20.5,21.0,20.38,10740,22097992.0,2.95,-2.38,-0.5,2.94,27034993116.0
2006-12-04,20.41,20.3,20.7,20.11,12730,25887506.0,2.88,-0.98,-0.2,3.48,26771237085.600002
2006-12-05,20.27,20.62,20.86,20.18,17420,35623394.0,3.35,1.58,0.32,4.76,27193246734.24
2006-12-06,20.62,19.89,20.78,19.45,12436,24903416.0,6.45,-3.54,-0.73,3.4,26230537223.280003
2006-12-07,19.7,19.51,20.15,19.45,7316,14419605.0,3.52,-1.91,-0.38,2.0,25729400765.52
2006-12-08,19.41,18.97,19.7,18.9,9626,18560417.0,4.1,-2.77,-0.54,2.63,25017259483.44
2006-12-11,18.95,19.43,19.49,18.89,10581,20198135.0,3.16,2.42,0.46,2.89,25623898353.36
2006-12-12,19.3,19.1,19.45,19.0,4849,9299620.0,2.32,-1.7,-0.33,1.33,25188700903.2
2006-12-13,18.93,19.5,19.5,18.93,3715,7142833.0,2.98,2.09,0.4,1.02,25716212964.0
2006-12-14,19.5,20.71,20.89,19.5,12109,24781949.0,7.13,6.21,1.21,3.31,27311936947.920002
2006-12-15,20.73,20.86,21.25,20.65,7745,16169581.0,2.9,0.72,0.15,2.12,27509753970.719997
2006-12-18,20.89,20.99,21.45,20.75,8701,18409827.0,3.36,0.62,0.13,2.38,27681195390.48
2006-12-19,20.98,20.45,21.09,20.28,13133,26992343.0,3.86,-2.57,-0.54,3.59,26969054108.399998
2006-12-20,20.5,22.5,22.5,20.21,17553,38414483.0,11.2,10.02,2.05,4.8,29672553420.0
2006-12-21,22.5,22.2,22.8,22.14,11386,25449458.0,2.93,-1.33,-0.3,3.11,29276919374.399998
2006-12-22,22.2,22.29,22.78,22.11,10190,22791779.0,3.02,0.41,0.09,2.79,29395609588.079998
2006-12-25,22.4,22.98,23.99,22.4,10866,25281327.0,7.13,3.1,0.69,2.58,30305567892.96
2006-12-26,23.0,22.74,23.36,22.5,7218,16562563.0,3.74,-1.04,-0.24,1.72,29989060656.48
2006-12-27,22.74,23.62,23.8,22.5,6308,14531590.0,5.72,3.87,0.88,1.5,31149587190.24
2006-12-28,25.28,25.98,25.98,24.1,33650,86206919.0,7.96,9.99,2.36,8.0,34261908348.96
2006-12-29,26.1,27.8,28.5,26.1,22107,59870799.0,9.24,7.01,1.82,5.26,36662088225.6
2007-01-04,28.28,27.51,29.3,27.31,19953,56375578.0,7.16,-1.04,-0.29,4.75,36279641981.520004
2007-01-05,27.25,28.25,28.28,26.88,10077,27779734.0,5.09,2.69,0.74,2.4,37255539294.0
2007-01-08,28.23,29.5,29.6,27.71,8445,24251764.0,6.69,4.42,1.25,2.01,38904014484.0
2007-01-09,29.48,29.9,30.3,29.0,8201,24409398.0,4.41,1.36,0.4,1.95,39431526544.799995
2007-01-10,30.0,29.42,30.0,28.69,9884,28846384.0,4.38,-1.61,-0.48,2.35,38798512071.840004
2007-01-11,29.3,29.57,29.99,28.81,11535,33904275.0,4.01,0.51,0.15,2.74,38996329094.64
2007-01-12,29.69,32.53,32.53,29.3,17229,55245510.0,10.92,10.01,2.96,4.1,42899918344.560005
2007-01-15,32.9,35.24,35.75,32.26,13110,44669090.0,10.73,8.33,2.71,3.12,46473812556.48
2007-01-16,35.25,36.0,38.0,34.0,7973,29051798.0,11.35,2.16,0.76,1.9,47476085472.0
2007-01-17,35.88,37.55,38.0,34.68,11651,42186423.0,9.22,4.31,1.55,2.77,49520194707.6
2007-01-18,36.77,38.56,38.98,35.0,11354,41544831.0,10.6,2.69,1.01,2.7,50852162661.12
2007-01-19,37.55,38.01,38.44,37.33,9038,34178121.0,2.88,-1.43,-0.55,2.15,50126833577.52
2007-01-22,38.0,41.81,41.81,37.41,17095,68923448.0,11.58,10.0,3.8,4.07,55138198155.12
2007-01-23,41.79,41.95,43.7,40.1,7418,30751240.0,8.61,0.33,0.14,1.76,55322827376.4
2007-01-24,41.5,40.8,41.69,40.1,4053,16430786.0,3.79,-2.74,-1.15,0.96,53806230201.6
2007-01-25,40.21,38.32,40.22,36.8,6652,25460662.0,8.38,-6.08,-2.48,1.58,50535655424.64
2007-01-26,37.82,39.38,39.8,35.8,10411,39347580.0,10.44,2.77,1.06,2.48,51933562385.76
2007-01-29,38.68,39.61,39.88,38.21,3893,15252165.0,4.24,0.58,0.23,0.93,52236881820.72
2007-01-30,39.8,40.41,42.8,39.65,3916,15787632.0,7.95,2.02,0.8,0.93,53291905942.31999
2007-01-31,39.83,37.27,40.44,37.18,6966,26720289.0,8.07,-7.77,-3.14,1.66,49150936265.04
2007-02-01,37.2,37.14,37.5,36.2,3661,13523878.0,3.49,-0.35,-0.13,0.87,48979494845.28
2007-02-02,37.14,37.13,38.88,35.01,6302,23101903.0,10.42,-0.03,-0.01,1.5,48966307043.76
2007-02-05,36.0,37.21,37.48,36.0,2629,9689566.0,3.99,0.22,0.08,0.63,49071809455.92
2007-02-06,37.21,38.33,38.68,36.0,5484,20137575.0,7.2,3.01,1.12,1.3,50548843226.159996
2007-02-07,38.79,40.08,40.25,37.72,5268,20881143.0,6.6,4.57,1.75,1.25,52856708492.159996
2007-02-08,40.48,39.7,40.8,39.31,5645,22761512.0,3.72,-0.95,-0.38,1.34,52355572034.4
2007-02-09,40.0,39.94,40.57,39.5,3570,14288217.0,2.7,0.6,0.24,0.85,52672079270.88
2007-02-12,41.0,43.62,43.93,40.0,12089,52287657.0,9.84,9.21,3.68,2.87,57525190230.24
2007-02-13,43.99,43.28,44.49,42.3,6216,26931783.0,5.02,-0.78,-0.34,1.48,57076804978.560005
2007-02-14,43.28,42.95,43.3,41.5,5728,24321033.0,4.16,-0.76,-0.33,1.36,56641607528.4
2007-02-15,42.92,43.22,43.6,42.5,5042,21699596.0,2.56,0.63,0.27,1.2,56997678169.439995
2007-02-16,43.22,43.17,43.6,42.61,3624,15598625.0,2.29,-0.12,-0.05,0.86,56931739161.840004
2007-02-26,43.17,42.78,43.41,42.2,4713,20252290.0,2.8,-0.9,-0.39,1.12,56417414902.560005
2007-02-27,42.97,38.5,42.98,38.5,7333,29036922.0,10.47,-10.0,-4.28,1.74,50773035852.0
2007-02-28,37.4,38.17,38.5,35.21,4687,17371416.0,8.55,-0.86,-0.33,1.11,50337838401.840004
2007-03-01,37.97,36.69,37.98,36.5,5345,19612638.0,3.88,-3.88,-1.48,1.27,48386043776.88
2007-03-02,36.69,36.4,37.2,36.23,4269,15638677.0,2.64,-0.79,-0.29,1.02,48003597532.799995
2007-03-05,36.34,36.79,36.8,35.66,4036,14605700.0,3.13,1.07,0.39,0.96,48517921792.08
2007-03-06,36.48,38.12,38.88,36.2,4427,16712799.0,7.28,3.62,1.33,1.05,50271899394.24
2007-03-07,38.25,38.99,39.9,38.25,2612,10176886.0,4.33,2.28,0.87,0.62,51419238126.48
2007-03-08,38.8,39.45,39.5,38.3,3549,13860112.0,3.08,1.18,0.46,0.84,52025876996.4
2007-03-09,39.6,38.87,39.6,38.01,2383,9201848.0,4.03,-1.47,-0.58,0.57,51260984508.24
2007-03-12,38.52,38.86,38.99,37.5,4166,15880785.0,3.83,-0.03,-0.01,0.99,51247796706.72
2007-03-13,38.9,38.85,39.39,38.26,1857,7218360.0,2.91,-0.03,-0.01,0.44,51234608905.200005
2007-03-14,38.8,38.45,38.8,37.5,1751,6672539.0,3.35,-1.03,-0.4,0.42,50707096844.4
2007-03-15,38.5,42.01,42.1,38.5,6242,25583476.0,9.36,9.26,3.56,1.48,55401954185.52
2007-03-16,42.04,40.92,42.25,40.0,5513,22655730.0,5.36,-2.59,-1.09,1.31,53964483819.840004
2007-03-19,38.4,41.19,41.9,38.4,2563,10468001.0,8.55,0.66,0.27,0.61,54320554460.88
2007-03-20,41.68,40.98,42.5,40.4,2156,8847115.0,5.1,-0.51,-0.21,0.51,54043610628.96
2007-03-21,41.0,43.61,45.08,41.0,10305,45505944.0,9.96,6.42,2.63,2.45,57512002428.72
2007-03-22,43.43,39.94,43.5,39.5,19267,78989819.0,9.17,-8.42,-3.67,4.58,52672079270.88
2007-03-23,39.69,40.0,40.4,38.9,5589,22024192.0,3.76,0.15,0.06,1.33,52751206080.0
2007-03-26,39.79,39.5,39.79,38.0,4502,17572572.0,4.48,-1.25,-0.5,1.07,52091816004.0
2007-03-27,39.58,40.12,40.9,39.0,5310,21273198.0,4.81,1.57,0.62,1.26,52909459698.24
2007-03-28,40.3,41.47,41.61,39.64,10595,43510107.0,4.91,3.36,1.35,2.52,54689812903.439995
2007-03-29,41.2,39.24,41.8,39.1,6357,25437123.0,6.51,-5.38,-2.23,1.51,51748933164.48
2007-03-30,39.2,39.52,39.92,38.5,2172,8597743.0,3.62,0.71,0.28,0.52,52118191607.04
2007-04-02,39.9,39.99,40.55,39.6,5022,20167455.0,2.4,1.19,0.47,1.19,52738018278.48
2007-04-03,40.12,40.8,40.8,39.67,13382,53790954.0,2.83,2.03,0.81,3.18,53806230201.6
2007-04-04,40.8,40.84,41.8,40.4,9155,37301230.0,3.43,0.1,0.04,2.18,53858981407.68001
2007-04-05,40.61,40.68,41.6,40.4,5992,24372197.0,2.94,-0.39,-0.16,1.42,53647976583.36
2007-04-06,40.68,40.09,40.87,39.5,10180,40610128.0,3.37,-1.45,-0.59,2.42,52869896293.68001
2007-04-09,40.0,41.48,41.49,39.5,10805,43998660.0,4.96,3.47,1.39,2.57,54703000704.96
2007-04-10,41.7,45.01,45.63,41.2,33679,148795668.0,10.68,8.51,3.53,8.01,59358294641.52
2007-04-11,45.01,44.35,45.1,43.62,12405,55085057.0,3.29,-1.47,-0.66,2.95,58487899741.200005
2007-04-12,44.36,43.24,44.9,42.8,14264,61804556.0,4.74,-2.5,-1.11,3.39,57024053772.48
2007-04-13,43.21,43.19,45.25,42.3,23021,100741220.0,6.82,-0.12,-0.05,5.47,56958114764.88
2007-04-16,44.1,46.39,47.47,44.1,15775,72366900.0,7.8,7.41,3.2,3.75,61178211251.28
2007-04-17,46.87,45.5,47.45,44.85,10654,48673997.0,5.6,-1.92,-0.89,2.53,60004496916.0
2007-04-18,45.9,44.76,46.7,44.51,9898,44808125.0,4.81,-1.63,-0.74,2.35,59028599603.52
2007-04-20,43.83,45.5,46.49,43.0,12703,56831526.0,7.8,1.65,0.74,3.02,60004496916.0
2007-04-23,45.57,44.77,45.95,43.69,14982,66518671.0,4.97,-1.6,-0.73,3.56,59041787405.04
2007-04-24,45.41,45.22,47.19,44.68,11777,54258634.0,5.61,1.01,0.45,2.8,59635238473.439995
2007-04-25,45.0,43.52,45.02,42.88,8765,38251101.0,4.73,-3.76,-1.7,2.08,57393312215.04
2007-04-26,43.49,43.17,43.6,42.5,9504,40772471.0,2.53,-0.8,-0.35,2.26,56931739161.840004
2007-04-27,43.18,42.37,43.8,42.25,7885,33638202.0,3.59,-1.85,-0.8,1.88,55876715040.24
2007-04-30,42.5,43.22,43.79,42.3,9389,40370061.0,3.52,2.01,0.85,2.23,56997678169.439995
2007-05-08,44.1,42.85,44.1,41.89,22208,94086129.0,5.11,-0.86,-0.37,5.28,56509729513.200005
2007-05-09,42.71,41.98,42.71,41.01,11361,47418582.0,3.97,-2.03,-0.87,2.7,55362390780.96
2007-05-10,41.71,41.92,42.47,41.22,6038,25309448.0,2.98,-0.14,-0.06,1.44,55283263971.840004
2007-05-11,42.0,42.71,43.4,41.5,8966,38295118.0,4.53,1.88,0.79,2.13,56325100291.92
2007-05-14,42.5,42.77,43.66,42.01,10740,46109796.0,3.86,0.14,0.06,2.55,56404227101.04
2007-05-15,42.7,41.27,43.2,41.25,9242,38762951.0,4.56,-3.51,-1.5,2.2,54426056873.04
2007-05-16,40.85,42.15,42.26,40.3,4647,19333489.0,4.75,2.13,0.88,1.11,55586583406.799995
2007-05-17,38.89,39.54,39.77,38.0,6211,24399084.0,4.2,-6.19,-2.61,1.34,52144567210.08
2007-05-18,39.6,41.03,41.9,38.88,16263,65125587.0,7.64,3.77,1.49,3.52,54109549636.560005
2007-05-21,39.66,42.09,42.5,39.51,14073,58711026.0,7.29,2.58,1.06,3.04,55507456597.68001
2007-05-22,42.13,41.18,42.77,40.71,10707,44460930.0,4.89,-2.16,-0.91,2.31,54307366659.36
2007-05-23,41.3,41.19,41.5,40.5,7975,32736770.0,2.43,0.02,0.01,1.72,54320554460.88
2007-05-24,41.04,40.91,41.8,39.9,15557,63308390.0,4.61,-0.68,-0.28,3.36,53951296018.31999
2007-05-25,40.8,43.05,43.86,40.61,18950,80001899.0,7.94,5.23,2.14,4.1,56773485543.6
2007-05-28,43.35,44.98,45.98,43.35,14096,63606129.0,6.11,4.48,1.93,3.05,59318731236.96
2007-05-29,45.45,45.12,45.45,43.8,14615,65041860.0,3.67,0.31,0.14,3.16,59503360458.24
2007-05-30,41.2,41.21,43.58,40.62,17311,72487561.0,6.56,-8.67,-3.91,3.74,54346930063.92
2007-05-31,40.6,43.67,45.0,40.35,14704,62819939.0,11.28,5.97,2.46,3.18,57591129237.840004
2007-06-01,43.67,46.45,48.04,43.5,35136,166215372.0,10.4,6.37,2.78,7.6,61257338060.4
2007-06-04,46.03,41.84,47.5,41.81,19481,84305000.0,12.25,-9.92,-4.61,4.21,55177761559.68001
2007-06-05,41.7,41.39,42.5,37.66,17922,71168825.0,11.57,-1.08,-0.45,3.87,54584310491.28
2007-06-06,40.9,42.07,43.5,40.61,9278,39392091.0,6.98,1.64,0.68,2.01,55481080994.64
2007-06-07,42.2,46.28,46.28,42.2,23083,105681464.0,9.7,10.01,4.21,4.99,61033145434.560005
2007-06-08,47.86,49.58,50.05,46.28,21153,101878172.0,8.15,7.13,3.3,4.57,65385119936.159996
2007-06-11,49.9,51.96,53.98,49.9,16851,88562707.0,8.23,4.8,2.38,3.64,68523816697.92
2007-06-12,53.0,53.29,53.5,50.0,10647,55374606.0,6.74,2.56,1.33,2.3,70277794300.08
2007-06-13,53.33,53.37,53.5,51.6,11417,59985607.0,3.57,0.15,0.08,2.47,70383296712.23999
2007-06-14,53.15,57.39,58.71,52.3,17675,101751917.0,12.01,7.53,4.02,3.82,75684792923.28
2007-06-15,56.3,56.34,58.38,55.59,10138,57167984.0,4.86,-1.83,-1.05,2.19,74300073763.68001
2007-06-18,56.88,57.47,59.85,56.6,13322,77140557.0,5.77,2.01,1.13,2.88,75790295335.44
2007-06-19,57.01,56.49,58.0,55.6,10791,60902364.0,4.18,-1.71,-0.98,2.33,74497890786.48
2007-06-20,57.11,54.61,58.15,54.55,7159,40389810.0,6.37,-3.33,-1.88,1.55,72018584100.72
2007-06-21,54.6,52.78,55.5,52.2,8151,43525960.0,6.04,-3.35,-1.83,1.76,69605216422.56
2007-06-22,53.0,52.45,53.97,50.66,7805,40413635.0,6.27,-0.63,-0.33,1.69,69170018972.40001
2007-06-25,53.0,49.76,53.29,49.7,7241,37137696.0,6.84,-5.13,-2.69,1.57,65622500363.52
2007-06-26,49.55,50.97,51.2,48.0,13838,67819907.0,6.43,2.43,1.21,2.99,67218224347.439995
2007-06-27,51.02,51.98,52.3,50.0,8469,43414885.0,4.51,1.98,1.01,1.83,68550192300.96
2007-06-28,51.88,48.03,51.98,48.0,10862,53723164.0,7.66,-7.6,-3.95,2.35,63341010700.560005
2007-06-29,46.0,45.98,47.79,45.45,8768,40629343.0,4.87,-4.27,-2.05,1.9,60637511388.96
2007-07-02,46.0,45.84,46.89,44.52,5754,26164585.0,5.15,-0.3,-0.14,1.24,60452882167.68001
2007-07-03,46.4,47.57,47.88,45.75,4868,22942183.0,4.65,3.77,1.73,1.05,62734371830.64
2007-07-04,47.8,45.95,48.31,45.5,2705,12611004.0,5.91,-3.41,-1.62,0.58,60597947984.4
2007-07-05,45.01,42.42,45.51,42.25,7585,33309656.0,7.09,-7.68,-3.53,1.64,55942654047.840004
2007-07-06,42.03,44.08,44.15,41.15,5646,24297675.0,7.07,3.91,1.66,1.22,58131829100.159996
2007-07-09,44.5,45.08,45.5,43.4,4669,20778435.0,4.76,2.27,1.0,1.01,59450609252.159996
2007-07-10,45.26,46.81,48.0,45.26,9862,46267340.0,6.08,3.84,1.73,2.13,61732098915.12
2007-07-11,46.86,46.38,46.86,45.51,2667,12316422.0,2.88,-0.92,-0.43,0.58,61165023449.76
2007-07-12,46.38,45.87,46.66,45.13,4263,19501770.0,3.3,-1.1,-0.51,0.92,60492445572.24
2007-07-13,46.16,46.71,47.8,45.6,2447,11464263.0,4.8,1.83,0.84,0.53,61600220899.92
2007-07-16,46.7,45.07,47.5,43.86,3135,14139869.0,7.79,-3.51,-1.64,0.68,59437421450.64
2007-07-17,44.7,46.1,46.5,44.7,1809,8267615.0,3.99,2.29,1.03,0.39,60795765007.200005
2007-07-18,46.01,46.01,46.78,45.03,2719,12572594.0,3.8,-0.2,-0.09,0.59,60677074793.52
2007-07-19,46.0,47.39,48.79,46.0,3663,17521712.0,6.06,3.0,1.38,0.79,62496991403.28
2007-07-20,46.98,49.0,49.35,46.98,3646,17668109.0,5.0,3.4,1.61,0.79,64620227448.0
2007-07-23,48.72,50.91,51.6,45.58,5815,28920178.0,12.29,3.9,1.91,1.26,67139097538.31999
2007-07-24,50.91,49.9,51.49,49.65,4883,24658781.0,3.61,-1.98,-1.01,1.06,65807129584.799995
2007-07-25,49.99,50.83,51.5,49.26,4725,23841525.0,4.49,1.86,0.93,1.02,67033595126.159996
2007-07-26,50.85,50.75,51.79,50.32,3815,19371331.0,2.89,-0.16,-0.08,0.82,66928092714.0
2007-07-27,50.48,49.96,50.48,48.8,7249,35880864.0,3.31,-1.56,-0.79,1.57,65886256393.92
2007-07-30,50.4,53.52,54.5,49.52,9234,47682474.0,9.97,7.13,3.56,2.0,70581113735.04001
2007-07-31,53.9,53.24,53.9,51.8,4829,25425987.0,3.92,-0.52,-0.28,1.04,70211855292.48
2007-08-01,53.1,51.15,53.3,51.02,5540,28780129.0,4.28,-3.93,-2.09,1.2,67455604774.799995
2007-08-03,52.0,52.13,53.12,51.2,10459,54236275.0,3.75,1.92,0.98,2.26,68748009323.76001
2007-08-06,52.8,50.95,52.8,50.16,11204,56977859.0,5.06,-2.26,-1.18,2.42,67191848744.4
2007-08-07,50.8,50.34,50.94,49.3,14293,71038251.0,3.22,-1.2,-0.61,3.09,66387392851.68001
2007-08-08,49.94,49.87,50.0,48.81,8305,40994873.0,2.36,-0.93,-0.47,1.8,65767566180.24
2007-08-09,50.0,50.57,50.6,49.73,8829,44325396.0,1.74,1.4,0.7,1.91,66690712286.64
2007-08-10,50.81,51.13,52.5,50.57,13782,71041590.0,3.82,1.11,0.56,2.98,67429229171.76
2007-08-13,52.0,49.43,52.0,49.1,8377,41969697.0,5.67,-3.32,-1.7,1.81,65187302913.36
2007-08-14,49.4,50.17,50.97,49.4,6876,34503296.0,3.18,1.5,0.74,1.49,66163200225.840004
2007-08-15,50.01,49.52,50.5,48.88,5226,25905391.0,3.23,-1.3,-0.65,1.13,65305993127.04
2007-08-16,49.01,51.26,52.0,49.01,5064,25334592.0,6.04,3.51,1.74,1.09,67600670591.52
2007-08-17,51.7,49.71,51.8,49.5,4316,21724651.0,4.49,-3.02,-1.55,0.93,65556561355.92
2007-08-20,50.8,51.03,51.5,49.71,5119,26014651.0,3.6,2.66,1.32,1.11,67297351156.560005
2007-08-21,51.5,52.28,52.87,50.51,7748,40297037.0,4.62,2.45,1.25,1.68,68945826346.56
2007-08-22,51.5,52.97,53.98,51.08,8570,45371606.0,5.55,1.32,0.69,1.85,69855784651.44
2007-08-23,53.2,53.0,54.9,52.0,8008,42700398.0,5.47,0.06,0.03,1.73,69895348056.0
2007-08-24,53.49,51.95,53.77,51.7,7604,39720848.0,3.91,-1.98,-1.05,1.64,68510628896.4
2007-08-27,51.9,50.91,52.48,50.58,6584,33664194.0,3.66,-2.0,-1.04,1.42,67139097538.31999
2007-08-28,50.8,50.16,51.8,50.05,7935,40037887.0,3.44,-1.47,-0.75,1.72,66150012424.31999
2007-08-29,50.1,49.72,50.59,48.78,10670,52729162.0,3.61,-0.88,-0.44,2.31,65569749157.439995
2007-08-30,50.12,50.24,50.5,49.51,8436,42188072.0,1.99,1.05,0.52,1.82,66255514836.48
2007-08-31,50.31,50.83,51.13,50.31,7140,36263374.0,1.63,1.17,0.59,1.54,67033595126.159996
2007-09-03,50.91,50.41,52.3,50.0,8884,45235355.0,4.52,-0.83,-0.42,1.92,66479707462.31999
2007-09-04,50.3,52.09,53.48,49.6,17858,91668397.0,7.7,3.33,1.68,3.86,68695258117.68001
2007-09-05,52.39,52.18,53.01,51.3,8737,45495808.0,3.28,0.17,0.09,1.89,68813948331.36
2007-09-06,52.21,51.35,52.89,51.33,7676,39698181.0,2.99,-1.59,-0.83,1.66,67719360805.200005
2007-09-07,51.22,48.99,51.22,48.9,14464,72080694.0,4.52,-4.6,-2.36,3.13,64607039646.48
2007-09-10,48.8,48.9,49.49,47.9,8194,39723475.0,3.25,-0.18,-0.09,1.77,64488349432.799995
2007-09-11,48.9,46.19,49.15,46.02,10289,48869501.0,6.4,-5.54,-2.71,2.22,60914455220.88
2007-09-12,46.22,46.0,47.48,45.09,8085,37105223.0,5.17,-0.41,-0.19,1.75,60663886992.0
2007-09-13,46.79,47.78,48.0,45.09,7850,36416198.0,6.33,3.87,1.78,1.7,63011315662.560005
2007-09-14,47.8,47.28,47.88,46.48,3972,18669624.0,2.93,-1.05,-0.5,0.86,62351925586.560005
2007-09-17,47.01,47.48,47.75,46.7,5362,25363529.0,2.22,0.42,0.2,1.16,62615681616.96
2007-09-18,48.01,46.96,48.5,46.7,6403,30300720.0,3.79,-1.1,-0.52,1.38,61929915937.92
2007-09-19,47.02,45.81,47.2,45.6,4561,21013363.0,3.41,-2.45,-1.15,0.99,60413318763.12
2007-09-20,46.18,46.0,46.5,45.45,4131,18955609.0,2.29,0.41,0.19,0.89,60663886992.0
2007-09-21,46.49,45.41,46.49,45.35,3617,16571731.0,2.48,-1.28,-0.59,0.78,59885806702.31999
2007-09-24,45.02,45.99,47.4,43.66,12054,54750520.0,8.24,1.28,0.58,2.61,60650699190.48
2007-09-25,45.5,44.99,46.0,44.7,3694,16680679.0,2.83,-2.17,-1.0,0.8,59331919038.48
2007-09-26,45.0,46.0,46.03,44.9,2797,12719968.0,2.51,2.24,1.01,0.6,60663886992.0
2007-09-27,46.06,47.17,47.8,45.3,4514,21170661.0,5.43,2.54,1.17,0.98,62206859769.840004
2007-09-28,47.2,47.62,48.12,47.2,4653,22245650.0,1.95,0.95,0.45,1.01,62800310838.24
2007-10-08,48.88,46.91,48.88,46.7,3375,16057612.0,4.58,-1.49,-0.71,0.73,61863976930.31999
2007-10-09,46.91,47.7,47.8,46.05,5155,24141624.0,3.73,1.68,0.79,1.11,62905813250.4
2007-10-10,47.1,46.64,47.72,46.5,3569,16753787.0,2.56,-2.22,-1.06,0.77,61507906289.28
2007-10-11,46.39,44.68,46.5,44.0,8918,40411047.0,5.36,-4.2,-1.96,1.93,58923097191.36
2007-10-12,44.68,42.53,45.0,42.11,10811,46529697.0,6.47,-4.81,-2.15,2.34,56087719864.560005
2007-10-15,43.3,42.6,43.49,42.46,8117,34690556.0,2.42,0.16,0.07,1.75,56180034475.200005
2007-10-16,42.55,43.98,44.56,42.55,7350,32227863.0,4.72,3.24,1.38,1.59,57999951084.96
2007-10-17,43.8,46.0,47.99,43.3,7285,33709365.0,10.66,4.59,2.02,1.57,60663886992.0
2007-10-18,45.95,44.04,46.0,43.68,3545,15772893.0,5.04,-4.26,-1.96,0.77,58079077894.08
2007-10-19,44.38,45.99,46.5,43.9,6577,30074675.0,5.9,4.43,1.95,1.42,60650699190.48
2007-10-22,45.95,45.3,47.0,45.06,3043,14009394.0,4.22,-1.5,-0.69,0.66,59740740885.6
2007-10-23,45.0,44.1,45.5,42.9,9942,43415289.0,5.74,-2.65,-1.2,2.15,58158204703.200005
2007-10-24,44.85,42.55,44.85,41.74,4969,21412707.0,7.05,-3.51,-1.55,1.07,56114095467.6
2007-10-25,42.5,39.99,42.88,39.6,9572,38678964.0,7.71,-6.02,-2.56,2.07,52738018278.48
2007-10-26,40.0,39.55,40.99,38.51,2797,11088622.0,6.2,-1.1,-0.44,0.6,52157755011.6
2007-10-29,40.2,39.84,40.2,38.9,3017,11843657.0,3.29,0.73,0.29,0.65,52540201255.68001
2007-10-30,40.98,40.58,41.6,39.8,3668,14914163.0,4.52,1.86,0.74,0.79,53516098568.159996
2007-10-31,41.56,42.45,42.65,40.72,3946,16497490.0,4.76,4.61,1.87,0.85,55982217452.4
2007-11-01,42.52,41.29,42.98,41.1,2316,9739471.0,4.43,-2.73,-1.16,0.5,54452432476.08
2007-11-02,41.49,39.48,41.49,39.01,4400,17460403.0,6.01,-4.38,-1.81,0.95,52065440400.96
2007-11-05,39.49,39.99,40.48,39.48,1813,7218190.0,2.53,1.29,0.51,0.39,52738018278.48
2007-11-06,40.98,41.12,41.58,40.08,3487,14340345.0,3.75,2.83,1.13,0.75,54228239850.24
2007-11-07,41.5,42.02,42.1,40.81,3951,16500656.0,3.14,2.19,0.9,0.85,55415141987.04
2007-11-08,41.5,41.85,42.81,41.0,4374,18479546.0,4.31,-0.4,-0.17,0.95,55190949361.200005
2007-11-09,42.1,41.7,42.13,41.0,2632,10991071.0,2.7,-0.36,-0.15,0.57,54993132338.4
2007-11-12,41.7,43.08,43.18,40.51,4330,18132037.0,6.4,3.31,1.38,0.94,56813048948.159996
2007-11-13,43.1,42.0,43.5,41.68,3392,14339845.0,4.22,-2.51,-1.08,0.73,55388766384.0
2007-11-14,42.85,42.29,43.39,41.55,961,4066139.0,4.38,0.69,0.29,0.21,55771212628.08
2007-11-15,42.5,42.0,42.5,41.0,2232,9298743.0,3.55,-0.69,-0.29,0.48,55388766384.0
2007-11-16,42.05,40.87,42.05,39.88,2807,11336322.0,5.17,-2.69,-1.13,0.61,53898544812.24
2007-11-19,40.15,40.99,41.89,40.15,2408,9872367.0,4.26,0.29,0.12,0.52,54056798430.48
2007-11-20,41.37,42.41,42.98,40.69,5789,24412160.0,5.59,3.46,1.42,1.25,55929466246.31999
2007-11-21,42.51,43.41,43.6,42.18,9826,42312951.0,3.35,2.36,1.0,2.12,57248246398.31999
2007-11-22,43.3,43.71,44.88,42.38,8570,37656335.0,5.76,0.69,0.3,1.85,57643880443.92
2007-11-23,44.0,43.0,44.0,42.6,3027,13087323.0,3.2,-1.62,-0.71,0.65,56707546536.0
2007-11-26,43.4,42.05,44.0,42.02,2234,9638463.0,4.6,-2.21,-0.95,0.48,55454705391.6
2007-11-27,42.0,41.62,42.85,41.51,1682,7050380.0,3.19,-1.02,-0.43,0.36,54887629926.24
2007-11-28,42.65,41.2,42.65,40.88,1180,4899098.0,4.25,-1.01,-0.42,0.26,54333742262.4
2007-11-29,41.38,42.39,42.98,41.0,2371,9969751.0,4.81,2.89,1.19,0.51,55903090643.28
2007-11-30,41.52,41.74,42.8,41.5,1333,5577339.0,3.07,-1.53,-0.65,0.29,55045883544.48
2007-12-03,42.01,42.29,42.31,41.2,1967,8253676.0,2.66,1.32,0.55,0.43,55771212628.08
2007-12-04,42.29,42.25,42.97,41.7,1564,6641951.0,3.0,-0.09,-0.04,0.34,55718461422.0
2007-12-05,42.25,43.51,43.6,42.25,1907,8221861.0,3.2,2.98,1.26,0.41,57380124413.52
2007-12-06,41.28,42.82,43.94,41.28,1054,4553478.0,6.11,-1.59,-0.69,0.23,56470166108.64
2007-12-07,43.09,43.24,43.51,42.86,1782,7707425.0,1.52,0.98,0.42,0.39,57024053772.48
2007-12-11,44.51,44.73,45.87,44.15,6773,30480944.0,3.98,3.45,1.49,1.46,58989036198.96
2007-12-12,44.08,44.76,45.28,44.08,2321,10378565.0,2.68,0.07,0.03,0.5,59028599603.52
2007-12-13,44.0,43.54,45.16,43.52,3488,15518395.0,3.66,-2.73,-1.22,0.75,57419687818.08
2007-12-14,43.88,44.68,44.75,43.03,1675,7361157.0,3.95,2.62,1.14,0.36,58923097191.36
2007-12-17,45.01,44.97,45.86,44.01,6192,28048968.0,4.14,0.65,0.29,1.34,59305543435.439995
2007-12-18,44.94,44.14,44.94,44.05,1267,5633703.0,1.98,-1.85,-0.83,0.27,58210955909.28
2007-12-19,44.8,44.77,45.0,44.0,1926,8588463.0,2.27,1.43,0.63,0.42,59041787405.04
2007-12-20,44.77,45.92,46.28,44.56,4288,19658189.0,3.84,2.57,1.15,0.93,60558384579.840004
2007-12-21,45.49,46.44,46.45,45.2,2726,12564634.0,2.72,1.13,0.52,0.59,61244150258.88
2007-12-24,47.0,46.99,47.98,46.0,8376,39128565.0,4.26,1.18,0.55,1.37,61969479342.48
2007-12-25,47.0,47.31,47.62,46.52,4953,23324612.0,2.34,0.68,0.32,0.81,62391488991.12
2007-12-26,47.33,47.61,48.18,47.0,3743,17764134.0,2.49,0.63,0.3,0.61,62787123036.72
2007-12-27,47.95,47.53,48.21,47.2,9054,43190176.0,2.12,-0.17,-0.08,1.48,62681620624.560005
2007-12-28,47.51,46.71,47.79,46.5,7302,34334259.0,2.71,-1.73,-0.82,1.19,61600220899.92
2008-01-02,46.6,46.69,47.4,45.78,6221,28989610.0,3.47,-0.04,-0.02,1.02,61573845296.88
2008-01-03,46.98,48.77,48.98,46.4,12641,60440980.0,5.53,4.45,2.08,2.06,64316908013.04
2008-01-04,48.5,48.99,49.49,48.01,7057,34301021.0,3.03,0.45,0.22,1.15,64607039646.48
2008-01-07,48.99,48.7,49.5,48.0,5692,27632424.0,3.06,-0.59,-0.29,0.93,64224593402.4
2008-01-08,48.75,49.98,50.59,48.74,16319,81647014.0,3.8,2.63,1.28,2.67,65912631996.96
2008-01-09,48.61,51.02,51.36,48.61,10764,54839682.0,5.5,2.08,1.04,1.76,67284163355.04
2008-01-10,50.8,49.49,51.5,48.6,17392,87039270.0,5.68,-3.0,-1.53,2.84,65266429722.48
2008-01-11,48.98,48.77,49.5,47.8,13166,63807090.0,3.44,-1.45,-0.72,2.15,64316908013.04
2008-01-14,48.7,48.68,49.39,48.13,4668,22653970.0,2.58,-0.18,-0.09,0.76,64198217799.36
2008-01-15,49.0,47.69,49.28,47.5,8452,40702065.0,3.66,-2.03,-0.99,1.38,62892625448.88
2008-01-16,47.86,46.99,48.57,46.64,9621,45529451.0,4.05,-1.47,-0.7,1.57,61969479342.48
2008-01-17,47.14,46.98,47.99,45.8,15458,72421187.0,4.66,-0.02,-0.01,2.53,61956291540.96
2008-01-18,47.45,49.55,49.99,46.98,10842,53264736.0,6.41,5.47,2.57,1.77,65345556531.6
2008-01-21,49.58,48.25,49.95,47.88,8863,42986934.0,4.18,-2.62,-1.3,1.45,63631142334.0
2008-01-22,47.0,47.63,48.0,45.0,15188,70274857.0,6.22,-1.28,-0.62,2.48,62813498639.76
2008-01-23,46.9,52.11,52.28,46.9,26407,134653089.0,11.3,9.41,4.48,4.31,68721633720.72
2008-01-24,52.5,55.31,55.5,51.0,23557,128273575.0,8.64,6.14,3.2,3.85,72941730207.12001
2008-01-25,55.5,54.0,56.66,53.3,8774,48394005.0,6.07,-2.37,-1.31,1.43,71214128208.0
2008-01-28,53.77,51.5,54.0,49.5,8656,44292831.0,8.33,-4.63,-2.5,1.41,67917177828.0
2008-01-29,51.5,50.49,52.68,50.1,7683,39368246.0,5.01,-1.96,-1.01,1.26,66585209874.48
2008-01-30,51.48,50.63,51.75,50.01,4189,21311565.0,3.45,0.28,0.14,0.68,66769839095.76
2008-01-31,50.8,52.5,53.38,50.5,7066,37124237.0,5.69,3.69,1.87,1.15,69235957980.0
2008-02-01,52.5,52.65,53.1,49.5,11783,60199346.0,6.86,0.29,0.15,1.92,69433775002.8
2008-02-04,53.44,55.62,56.45,53.12,7776,42591128.0,6.32,5.64,2.97,1.27,73350552054.23999
2008-02-05,55.21,54.1,55.21,53.8,2706,14737134.0,2.54,-2.73,-1.52,0.44,71346006223.2
2008-02-13,53.99,53.31,54.39,53.3,2542,13711036.0,2.01,-1.46,-0.79,0.42,70304169903.12001
2008-02-14,54.25,53.24,54.26,52.98,2445,13031298.0,2.4,-0.13,-0.07,0.4,70211855292.48
2008-02-15,53.24,52.0,53.48,51.3,1960,10221919.0,4.09,-2.33,-1.24,0.32,68576567904.0
2008-02-18,53.0,52.93,53.5,52.4,2825,14943510.0,2.12,1.79,0.93,0.46,69803033445.36
2008-02-19,51.61,53.0,53.31,51.61,2616,13796484.0,3.21,0.13,0.07,0.43,69895348056.0
2008-02-20,53.94,51.96,53.94,51.65,2818,14736282.0,4.32,-1.96,-1.04,0.46,68523816697.92
2008-02-21,51.2,51.96,52.85,51.2,2713,14102771.0,3.18,0.0,0.0,0.44,68523816697.92
2008-02-22,52.0,50.6,52.01,49.95,2927,14898756.0,3.96,-2.62,-1.36,0.48,66730275691.200005
2008-02-25,50.8,48.7,50.8,48.54,2361,11690402.0,4.47,-3.75,-1.9,0.39,64224593402.4
2008-02-26,49.3,50.56,51.8,49.3,9471,47658529.0,5.13,3.82,1.86,1.55,66677524485.12
2008-02-27,50.7,50.75,51.5,50.58,2183,11122882.0,1.82,0.38,0.19,0.36,66928092714.0
2008-02-28,50.22,50.94,52.5,50.0,1610,8282602.0,4.93,0.37,0.19,0.26,67178660942.88
2008-02-29,51.6,50.5,52.0,50.0,3162,16067533.0,3.93,-0.86,-0.44,0.52,66598397676.0
2008-03-03,50.6,52.44,52.6,50.0,6622,34303940.0,5.15,3.84,1.94,1.08,69156831170.87999
2008-03-04,52.49,51.82,52.7,51.53,2265,11798211.0,2.23,-1.18,-0.62,0.37,68339187476.64
2008-03-05,51.76,51.63,52.36,51.07,1361,7019511.0,2.49,-0.37,-0.19,0.22,68088619247.76
2008-03-06,52.0,52.75,53.94,51.63,4180,22187159.0,4.47,2.17,1.12,0.68,69565653018.0
2008-03-07,51.58,51.86,52.96,51.02,1446,7501889.0,3.68,-1.69,-0.89,0.24,68391938682.72
2008-03-10,50.58,49.84,51.5,49.6,2785,14008223.0,3.66,-3.9,-2.02,0.45,65728002775.68001
2008-03-11,47.01,49.99,50.18,47.01,1498,7396361.0,6.36,0.3,0.15,0.24,65925819798.48
2008-03-12,50.58,48.25,51.15,48.23,2429,11931707.0,5.84,-3.48,-1.74,0.4,63631142334.0
2008-03-13,48.01,46.11,48.1,45.51,2446,11391337.0,5.37,-4.44,-2.14,0.4,60808952808.72
2008-03-14,46.0,46.1,47.01,45.53,730,3370266.0,3.21,-0.02,-0.01,0.12,60795765007.200005
2008-03-17,45.85,43.05,46.77,43.0,2181,9709729.0,8.18,-6.62,-3.05,0.36,56773485543.6
2008-03-18,43.5,39.43,43.5,38.8,2215,8988898.0,10.92,-8.41,-3.62,0.36,51999501393.36
2008-03-19,40.02,39.99,42.0,39.17,2990,12201671.0,7.18,1.42,0.56,0.49,52738018278.48
2008-03-21,42.4,41.39,42.58,41.0,1832,7620494.0,3.95,3.5,1.4,0.3,54584310491.28
2008-03-24,42.3,39.98,42.34,39.98,3487,14354360.0,5.7,-3.41,-1.41,0.57,52724830476.96
2008-03-25,39.8,38.96,40.2,38.6,9974,39223892.0,4.0,-2.55,-1.02,1.63,51379674721.92
2008-03-26,39.28,39.39,40.24,38.8,5639,22369083.0,3.7,1.1,0.43,0.92,51946750187.28
2008-03-27,39.5,39.51,40.08,38.7,2753,10870586.0,3.5,0.3,0.12,0.45,52105003805.52
2008-03-28,39.75,38.13,39.75,36.12,9607,36380169.0,9.19,-3.49,-1.38,1.57,50285087195.76
2008-04-01,29.0,26.33,29.0,26.33,3983,10661952.0,7.0,-30.95,-11.8,0.5,34723481402.159996
2008-04-02,25.41,23.7,25.55,23.7,11120,26802220.0,7.03,-9.99,-2.63,1.4,31255089602.399998
2008-04-03,22.0,23.29,24.08,22.0,4774,11032546.0,8.78,-1.73,-0.41,0.6,30714389740.079998
2008-04-07,23.0,24.37,24.68,22.6,9133,21886946.0,8.93,4.64,1.08,1.15,32138672304.24
2008-04-08,24.5,25.16,26.33,24.37,12282,31139605.0,8.04,3.24,0.79,1.54,33180508624.32
2008-04-09,25.0,23.34,25.25,23.16,4738,11596500.0,8.31,-7.23,-1.82,0.6,30780328747.68
2008-04-10,22.96,23.54,24.18,22.5,7823,17984640.0,7.2,0.86,0.2,0.98,31044084778.079998
2008-04-11,23.88,24.07,24.3,23.22,5384,12829370.0,4.59,2.25,0.53,0.68,31743038258.64
2008-04-14,23.38,21.66,23.4,21.66,5191,11608804.0,7.23,-10.01,-2.41,0.65,28564778092.32
2008-04-15,21.58,21.49,21.7,20.3,11290,23528190.0,6.46,-0.78,-0.17,1.42,28340585466.48
2008-04-16,21.5,21.52,21.9,21.0,15060,32372475.0,4.19,0.14,0.03,1.89,28380148871.04
2008-04-17,21.52,20.48,21.89,19.75,8629,17900784.0,9.94,-4.83,-1.04,0.96,27008617512.96
2008-04-18,20.02,18.5,20.5,18.43,7740,14703430.0,10.11,-9.67,-1.98,0.86,24397432812.0
2008-04-21,20.0,17.2,20.0,16.75,18164,33018240.0,17.57,-7.03,-1.3,2.03,22683018614.399998
2008-04-22,16.89,17.53,17.68,16.34,22522,37995420.0,7.79,1.92,0.33,2.51,23118216064.56
2008-04-23,17.7,19.28,19.28,17.6,30375,57586227.0,9.58,9.98,1.75,3.39,25426081330.56
2008-04-24,21.15,21.09,21.21,20.15,61136,127284855.0,5.5,9.39,1.81,6.82,27813073405.68
2008-04-25,20.59,21.0,22.2,20.28,28698,60469462.0,9.1,-0.43,-0.09,3.2,27694383192.0
2008-04-28,20.7,21.19,21.87,20.28,13981,29532039.0,7.57,0.9,0.19,1.56,27944951420.88
2008-04-29,21.1,21.12,21.55,20.79,8563,18147925.0,3.59,-0.33,-0.07,0.96,27852636810.24
2008-04-30,21.25,23.0,23.18,21.25,18758,42076650.0,9.14,8.9,1.88,2.09,30331943496.0
2008-05-05,23.28,23.22,23.88,22.79,14488,33765219.0,4.74,0.96,0.22,1.62,30622075129.44
2008-05-06,23.22,24.09,24.5,22.6,16284,38404319.0,8.18,3.75,0.87,1.82,31769413861.68
2008-05-07,24.0,21.97,24.2,21.7,12343,28538918.0,10.38,-8.8,-2.12,1.38,28973599939.44
2008-05-08,21.71,22.55,22.79,21.48,8643,19212783.0,5.96,2.64,0.58,0.96,29738492427.600002
2008-05-09,22.58,23.45,24.2,22.55,16544,38759743.0,7.32,3.99,0.9,1.85,30925394564.399998
2008-05-12,23.28,24.47,24.8,22.7,15051,36310663.0,8.96,4.35,1.02,1.68,32270550319.44
2008-05-13,23.61,25.11,25.86,23.6,14974,37612221.0,9.24,2.62,0.64,1.67,33114569616.719997
2008-05-14,25.05,25.99,26.1,24.64,11766,30111885.0,5.81,3.5,0.88,1.31,34275096150.48
2008-05-15,26.3,26.0,26.3,25.6,9415,24388310.0,2.69,0.04,0.01,1.05,34288283952.0
2008-05-16,26.0,25.25,26.0,24.5,11285,28249756.0,5.77,-2.88,-0.75,1.26,33299198838.0
2008-05-19,25.03,25.0,25.38,24.6,3643,9110793.0,3.09,-0.99,-0.25,0.41,32969503800.0
2008-05-20,25.0,22.94,25.25,22.5,10776,25483632.0,11.0,-8.24,-2.06,1.2,30252816686.88
2008-05-21,22.98,22.86,23.7,21.86,14345,33078170.0,8.02,-0.35,-0.08,1.6,30147314274.719997
2008-05-22,22.86,22.06,23.32,21.9,8360,18831972.0,6.21,-3.5,-0.8,0.93,29092290153.12
2008-05-23,22.03,22.8,23.5,21.18,10700,23980039.0,10.52,3.35,0.74,1.19,30068187465.600002
2008-05-26,22.8,21.7,22.98,21.53,5513,12168010.0,6.36,-4.82,-1.1,0.62,28617529298.399998
2008-05-27,21.35,20.98,22.12,20.6,5588,11870940.0,7.0,-3.32,-0.72,0.62,27668007588.96
2008-05-28,21.12,21.51,21.79,21.0,6241,13361851.0,3.77,2.53,0.53,0.7,28366961069.52
2008-05-29,21.52,22.45,22.88,21.5,12483,28105567.0,6.42,4.37,0.94,1.39,29606614412.399998
2008-05-30,22.45,24.49,24.53,22.4,15906,37159512.0,9.49,9.09,2.04,1.78,32296925922.48
2008-06-02,24.0,24.59,25.0,23.93,11451,28040690.0,4.37,0.41,0.1,1.28,32428803937.68
2008-06-03,24.99,24.05,25.2,23.6,13781,33532227.0,6.51,-2.2,-0.54,1.54,31716662655.600002
2008-06-04,23.9,22.76,23.9,22.75,7085,16439259.0,4.78,-5.36,-1.29,0.79,30015436259.52
2008-06-05,22.77,22.81,23.3,22.74,4208,9659691.0,2.46,0.22,0.05,0.47,30081375267.12
2008-06-06,23.0,22.19,23.06,22.05,4607,10312598.0,4.43,-2.72,-0.62,0.51,29263731572.88
2008-06-10,21.35,19.97,21.38,19.97,8510,17310413.0,6.35,-10.0,-2.22,0.95,26336039635.44
2008-06-11,19.97,20.08,20.32,19.1,7672,15271485.0,6.11,0.55,0.11,0.86,26481105452.159996
2008-06-12,20.12,19.4,20.39,19.03,5893,11675728.0,6.77,-3.39,-0.68,0.66,25584334948.8
2008-06-13,19.9,19.01,20.18,19.0,5300,10365402.0,6.08,-2.01,-0.39,0.59,25070010689.52
2008-06-16,19.6,18.83,19.6,18.15,3314,6245313.0,7.63,-0.95,-0.18,0.37,24832630262.159996
2008-06-17,18.7,18.09,19.3,17.9,4558,8393134.0,7.43,-3.93,-0.74,0.51,23856732949.68
2008-06-18,17.72,19.36,19.5,17.3,8739,16225095.0,12.16,7.02,1.27,0.98,25531583742.719997
2008-06-19,19.4,17.42,19.4,17.42,5295,9594383.0,10.23,-10.02,-1.94,0.59,22973150247.840004
2008-06-20,17.5,17.84,18.96,16.61,6498,11707863.0,13.49,2.41,0.42,0.73,23527037911.68
2008-06-23,17.51,17.65,18.0,17.4,2149,3797737.0,3.36,-1.07,-0.19,0.24,23276469682.8
2008-06-24,17.02,18.39,18.78,17.02,2790,5093886.0,9.97,4.19,0.74,0.31,24252366995.280003
2008-06-25,18.5,19.4,19.41,18.39,6815,12993823.0,5.55,5.49,1.01,0.76,25584334948.8
2008-06-26,19.38,19.87,20.15,19.01,6905,13525908.0,5.88,2.42,0.47,0.77,26204161620.24
2008-06-27,19.02,18.67,19.43,18.18,5284,9920186.0,6.29,-6.04,-1.2,0.59,24621625437.840004
2008-06-30,18.46,18.87,19.23,18.11,2920,5487593.0,6.0,1.07,0.2,0.33,24885381468.24
2008-07-01,19.15,18.29,19.15,18.2,952,1766089.0,5.03,-3.07,-0.58,0.11,24120488980.079998
2008-07-02,18.3,18.65,18.8,18.3,1989,3693582.0,2.73,1.97,0.36,0.22,24595249834.8
2008-07-03,18.21,19.47,19.8,18.1,3644,7019677.0,9.12,4.4,0.82,0.41,25676649559.44
2008-07-04,19.5,19.23,19.85,19.0,4138,8036621.0,4.37,-1.23,-0.24,0.46,25360142322.96
2008-07-08,20.23,20.03,20.49,19.63,6978,14003382.0,4.47,4.16,0.8,0.78,26415166444.56
2008-07-09,20.2,20.85,21.08,19.9,10020,20667116.0,5.89,4.09,0.82,1.12,27496566169.2
2008-07-10,20.64,22.94,22.94,20.5,25861,58105748.0,11.7,10.02,2.09,2.89,30252816686.88
2008-07-11,22.95,21.88,22.95,21.38,13051,28771673.0,6.84,-4.62,-1.06,1.46,28854909725.76
2008-07-14,21.79,22.21,22.45,21.1,9494,20775127.0,6.17,1.51,0.33,1.06,29290107175.920002
2008-07-15,22.21,21.55,23.21,21.37,5776,12726709.0,8.28,-2.97,-0.66,0.64,28419712275.600002
2008-07-16,21.26,20.05,21.41,19.73,10305,20743443.0,7.8,-6.96,-1.5,1.15,26441542047.600002
2008-07-17,20.5,20.22,20.8,19.8,5981,12139989.0,4.99,0.85,0.17,0.67,26665734673.44
2008-07-18,20.78,20.69,20.8,19.82,4186,8501841.0,4.85,2.32,0.47,0.47,27285561344.88
2008-07-21,20.7,21.81,21.88,20.51,5954,12728941.0,6.62,5.41,1.12,0.66,28762595115.12
2008-07-22,21.57,22.15,22.5,21.57,5387,11915330.0,4.26,1.56,0.34,0.6,29210980366.8
2008-07-23,21.91,21.54,22.58,21.5,4060,8902603.0,4.88,-2.75,-0.61,0.45,28406524474.079998
2008-07-24,21.6,22.35,22.45,21.2,9240,20262369.0,5.8,3.76,0.81,1.03,29474736397.2
2008-07-25,22.4,22.31,22.55,22.03,4404,9812035.0,2.33,-0.18,-0.04,0.49,29421985191.12
2008-07-28,22.35,21.91,22.55,21.85,5143,11398947.0,3.14,-1.79,-0.4,0.57,28894473130.32
2008-07-29,21.92,21.3,21.92,21.1,3280,6999542.0,3.74,-2.78,-0.61,0.37,28090017237.600002
2008-07-30,21.61,21.14,21.71,21.05,1884,4020539.0,3.1,-0.75,-0.16,0.21,27879012413.280003
2008-07-31,21.21,21.0,21.48,20.9,3367,7101373.0,2.74,-0.66,-0.14,0.38,27694383192.0
2008-08-01,20.6,21.16,21.17,20.28,5735,11902083.0,4.24,0.76,0.16,0.64,27905388016.32
2008-08-04,21.15,20.0,21.15,19.83,4646,9472778.0,6.24,-5.48,-1.16,0.52,26375603040.0
2008-08-05,20.0,18.78,20.4,18.71,6249,12071082.0,8.45,-6.1,-1.22,0.7,24766691254.56
2008-08-06,18.8,18.37,19.2,18.01,8692,15966514.0,6.34,-2.18,-0.41,0.97,24225991392.24
2008-08-07,18.5,18.34,18.55,18.18,3984,7316338.0,2.01,-0.16,-0.03,0.44,24186427987.68
2008-08-08,18.3,17.66,18.5,17.3,5006,9082308.0,6.54,-3.71,-0.68,0.56,23289657484.32
2008-08-11,17.9,16.6,17.9,16.55,5598,9620066.0,7.64,-6.0,-1.06,0.62,21891750523.2
2008-08-12,16.5,16.67,16.95,16.35,1994,3313329.0,3.61,0.42,0.07,0.22,21984065133.840004
2008-08-13,16.61,17.15,17.2,16.42,2059,3457615.0,4.68,2.88,0.48,0.23,22617079606.8
2008-08-14,17.15,17.53,17.65,17.08,2153,3748037.0,3.32,2.22,0.38,0.24,23118216064.56
2008-08-15,17.66,17.47,17.8,17.36,757,1327532.0,2.51,-0.34,-0.06,0.08,23039089255.44
2008-08-18,17.36,16.7,17.4,16.63,1928,3270086.0,4.41,-4.41,-0.77,0.22,22023628538.399998
2008-08-19,16.58,16.86,17.0,16.5,1456,2456967.0,2.99,0.96,0.16,0.16,22234633362.719997
2008-08-20,16.65,18.09,18.17,16.65,6579,11747827.0,9.02,7.3,1.23,0.73,23856732949.68
2008-08-21,17.9,16.99,17.99,16.98,7472,13026946.0,5.58,-6.08,-1.1,0.83,22406074782.48
2008-08-22,17.05,16.38,17.06,15.51,5915,9678495.0,9.12,-3.59,-0.61,0.66,21601618889.76
2008-08-25,16.28,16.48,16.6,15.86,1500,2455125.0,4.52,0.61,0.1,0.17,21733496904.96
2008-08-26,16.12,15.88,16.35,15.65,2141,3402313.0,4.25,-3.64,-0.6,0.24,20942228813.760002
2008-08-27,15.89,15.6,16.2,15.51,2365,3716360.0,4.35,-1.76,-0.28,0.26,20572970371.2
2008-08-28,15.65,15.35,15.82,15.31,4031,6291483.0,3.27,-1.6,-0.25,0.45,20243275333.2
2008-08-29,15.68,15.7,15.94,15.35,4428,6958556.0,3.84,2.28,0.35,0.49,20704848386.399998
2008-09-01,15.7,15.5,15.7,15.11,3387,5216052.0,3.76,-1.27,-0.2,0.38,20441092356.0
2008-09-02,15.03,15.55,15.75,15.03,1632,2523824.0,4.65,0.32,0.05,0.18,20507031363.600002
2008-09-03,15.3,15.4,15.6,15.18,2014,3105681.0,2.7,-0.96,-0.15,0.22,20309214340.8
2008-09-04,15.25,15.33,15.72,15.22,2021,3125135.0,3.25,-0.45,-0.07,0.23,20216899730.16
2008-09-05,15.04,15.0,15.17,14.85,2827,4250259.0,2.09,-2.15,-0.33,0.32,19781702280.0
2008-09-08,15.0,14.1,15.01,14.1,2307,3335240.0,6.07,-6.0,-0.9,0.26,18594800143.2
2008-09-09,14.43,14.0,14.45,13.95,1098,1547409.0,3.55,-0.71,-0.1,0.12,18462922128.0
2008-09-10,13.8,13.96,14.33,13.8,2150,3018128.0,3.79,-0.29,-0.04,0.24,18410170921.920002
2008-09-11,13.8,13.68,13.97,13.4,2109,2879686.0,4.08,-2.01,-0.28,0.24,18040912479.36
2008-09-12,13.8,13.8,13.9,13.51,1049,1437855.0,2.85,0.88,0.12,0.12,18199166097.600002
2008-09-16,13.78,13.62,13.8,13.21,1563,2122126.0,4.28,-1.3,-0.18,0.17,17961785670.239998
2008-09-17,13.58,13.64,13.99,13.41,1423,1937442.0,4.26,0.15,0.02,0.16,17988161273.280003
2008-09-18,13.5,12.8,13.5,12.28,5461,6897898.0,8.94,-6.16,-0.84,0.61,16880385945.6
2008-09-19,13.8,14.08,14.08,13.61,28743,40398885.0,3.67,10.0,1.28,3.21,18568424540.16
2008-09-22,14.5,14.79,15.4,14.01,38185,55463540.0,9.87,5.04,0.71,4.26,19504758448.079998
2008-09-23,14.3,13.34,14.3,13.32,8334,11490524.0,6.63,-9.8,-1.45,0.93,17592527227.68
2008-09-24,13.2,13.2,13.4,12.7,7024,9137854.0,5.25,-1.05,-0.14,0.78,17407898006.399998
2008-09-26,13.91,14.06,14.18,13.4,11765,16238760.0,5.91,6.52,0.86,1.31,18542048937.12
2008-10-06,13.84,13.45,13.84,13.3,5992,8190046.0,3.84,-4.34,-0.61,0.67,17737593044.399998
2008-10-07,13.0,14.5,14.6,12.66,27450,39094780.0,14.42,7.81,1.05,3.06,19122312204.0
2008-10-08,14.2,14.43,14.9,14.02,18535,26950510.0,6.07,-0.48,-0.07,2.07,19029997593.36
2008-10-09,14.9,14.17,14.91,14.1,9220,13345584.0,5.61,-1.8,-0.26,1.03,18687114753.84
2008-10-10,13.75,14.39,14.58,13.15,12996,18288976.0,10.09,1.55,0.22,1.45,18977246387.280003
2008-10-13,13.99,14.0,14.39,12.95,10877,14821105.0,10.01,-2.71,-0.39,1.21,18462922128.0
2008-10-14,14.5,13.25,14.79,13.21,10189,14097310.0,11.29,-5.36,-0.75,1.14,17473837014.0
2008-10-15,13.02,12.32,13.02,12.29,8033,10146611.0,5.51,-7.02,-0.93,0.9,16247371472.640001
2008-10-16,11.31,11.2,11.98,11.2,11754,13469584.0,6.33,-9.09,-1.12,1.31,14770337702.4
2008-10-17,11.2,10.84,11.28,10.5,9400,10292225.0,6.96,-3.21,-0.36,1.05,14295576847.68
2008-10-20,10.8,11.14,11.15,10.6,4075,4418887.0,5.07,2.77,0.3,0.45,14691210893.28
2008-10-21,11.2,11.14,11.44,11.0,5517,6187616.0,3.95,0.0,0.0,0.62,14691210893.28
2008-10-22,11.14,11.03,11.2,10.85,4846,5328688.0,3.14,-0.99,-0.11,0.54,14546145076.56
2008-10-23,10.75,10.6,10.75,10.36,6279,6617560.0,3.54,-3.9,-0.43,0.7,13979069611.199999
2008-10-24,10.58,10.3,10.75,10.11,5894,6141714.0,6.04,-2.83,-0.3,0.66,13583435565.6
2008-10-27,10.3,9.57,10.3,9.51,8555,8498313.0,7.67,-7.09,-0.73,0.95,12620726054.640001
2008-10-28,9.57,9.81,9.94,9.5,9178,8926124.0,4.6,2.51,0.24,1.02,12937233291.12
2008-10-29,9.97,9.47,10.1,9.46,6538,6371694.0,6.52,-3.47,-0.34,0.73,12488848039.44
2008-10-30,9.55,9.49,9.68,9.3,7742,7370936.0,4.01,0.21,0.02,0.86,12515223642.48
2008-10-31,9.49,9.22,9.49,9.2,4278,3995177.0,3.06,-2.85,-0.27,0.48,12159153001.44
2008-11-03,9.2,9.01,9.37,9.0,3713,3414418.0,4.01,-2.28,-0.21,0.41,11882209169.52
2008-11-04,9.01,9.15,9.25,8.91,3869,3508539.0,3.77,1.55,0.14,0.43,12066838390.800001
2008-11-05,9.25,9.45,9.6,9.2,5055,4770019.0,4.37,3.28,0.3,0.56,12462472436.4
2008-11-06,9.15,9.23,9.3,9.0,2478,2258036.0,3.17,-2.33,-0.22,0.28,12172340802.960001
2008-11-07,9.01,9.43,9.58,9.0,3317,3115460.0,6.28,2.17,0.2,0.37,12436096833.359999
2008-11-10,9.6,10.15,10.24,9.6,10383,10391319.0,6.79,7.64,0.72,1.16,13385618542.800001
2008-11-11,10.2,10.28,10.4,9.99,15871,16219062.0,4.04,1.28,0.13,1.77,13557059962.56
2008-11-12,10.3,10.73,10.74,10.28,20134,21213747.0,4.47,4.38,0.45,2.25,14150511030.960001
2008-11-13,10.54,11.57,11.6,10.44,31247,34955182.0,10.81,7.83,0.84,3.49,15258286358.640001
2008-11-14,11.57,12.73,12.73,11.57,46492,57676551.0,10.03,10.03,1.16,5.19,16788071334.960001
2008-11-17,13.28,14.0,14.0,13.1,78187,108188017.0,7.07,9.98,1.27,8.73,18462922128.0
2008-11-18,14.0,13.65,14.58,12.74,66906,93225659.0,13.14,-2.5,-0.35,7.47,18001349074.8
2008-11-19,13.29,15.02,15.02,12.85,45063,63654705.0,15.9,10.04,1.37,5.03,19808077883.04
2008-11-20,15.05,15.66,16.2,13.85,46132,71554431.0,15.65,4.26,0.64,5.15,20652097180.32
2008-11-21,15.0,15.5,16.2,14.31,30506,46956878.0,12.07,-1.02,-0.16,3.41,20441092356.0
2008-11-24,15.56,14.28,15.63,14.25,25351,37863217.0,8.9,-7.87,-1.22,2.83,18832180570.559998
2008-11-25,14.51,13.94,14.78,13.58,15258,21410936.0,8.4,-2.38,-0.34,1.7,18383795318.88
2008-11-26,13.91,13.94,14.5,13.6,9946,13970058.0,6.46,0.0,0.0,1.11,18383795318.88
2008-11-27,15.1,14.53,15.33,14.47,29403,43900996.0,6.17,4.23,0.59,3.28,19161875608.559998
2008-11-28,14.0,14.2,14.95,13.98,14398,20809097.0,6.68,-2.27,-0.33,1.61,18726678158.399998
2008-12-01,14.07,14.97,15.19,13.8,17448,25541403.0,9.79,5.42,0.77,1.95,19742138875.440002
2008-12-02,14.78,15.08,15.8,14.6,16355,24986239.0,8.02,0.73,0.11,1.83,19887204692.16
2008-12-03,15.05,16.03,16.06,15.05,23632,37242843.0,6.7,6.3,0.95,2.64,21140045836.56
2008-12-04,16.03,15.96,16.68,15.85,20826,34060099.0,5.18,-0.44,-0.07,2.32,21047731225.920002
2008-12-05,15.9,15.51,16.19,15.2,19344,30082859.0,6.2,-2.82,-0.45,2.16,20454280157.52
2008-12-08,15.74,15.93,16.15,15.52,20375,32353076.0,4.06,2.71,0.42,2.27,21008167821.36
2008-12-09,16.1,16.23,16.4,15.78,14050,22655721.0,3.89,1.88,0.3,1.57,21403801866.96
2008-12-10,15.98,16.76,16.8,15.93,17007,27955497.0,5.36,3.27,0.53,1.9,22102755347.52
2008-12-11,16.7,15.88,16.92,15.82,17543,28716959.0,6.56,-5.25,-0.88,1.96,20942228813.760002
2008-12-12,15.7,14.98,16.0,14.86,16878,25890339.0,7.18,-5.67,-0.9,1.88,19755326676.96
2008-12-16,14.75,15.53,15.7,14.3,11454,17053401.0,9.35,3.67,0.55,1.28,20480655760.559998
2008-12-17,15.41,16.11,16.6,15.4,27332,44450326.0,7.73,3.73,0.58,3.05,21245548248.719997
2008-12-18,16.01,16.31,16.4,15.86,8308,13429790.0,3.35,1.24,0.2,0.93,21509304279.12
2008-12-19,16.4,16.99,17.59,16.28,15670,26861661.0,8.03,4.17,0.68,1.75,22406074782.48
2008-12-22,17.12,17.23,17.48,16.35,12004,20303079.0,6.65,1.41,0.24,1.34,22722582018.96
2008-12-23,17.07,16.67,17.5,16.62,12356,21052711.0,5.11,-3.25,-0.56,1.05,21984065133.840004
2008-12-24,16.67,15.84,16.8,15.6,9930,16135845.0,7.2,-4.98,-0.83,0.85,20889477607.68
2008-12-25,15.78,15.7,16.19,15.43,5980,9504155.0,4.8,-0.88,-0.14,0.51,20704848386.399998
2008-12-26,15.7,15.88,16.18,15.68,2763,4383513.0,3.18,1.15,0.18,0.24,20942228813.760002
2008-12-29,15.7,16.13,16.14,15.4,5644,8932239.0,4.66,1.57,0.25,0.48,21271923851.76
2008-12-30,16.15,16.47,16.85,16.03,8209,13604141.0,5.08,2.11,0.34,0.7,21720309103.44
2008-12-31,16.41,16.31,16.54,16.05,5568,9137391.0,2.98,-0.97,-0.16,0.48,21509304279.12
2009-01-05,16.5,17.02,17.08,16.12,9608,16037840.0,5.89,4.35,0.71,0.82,22445638187.04
2009-01-06,17.18,17.67,17.77,17.02,12370,21607186.0,4.41,3.82,0.65,1.06,23302845285.840004
2009-01-07,17.66,18.09,18.19,17.26,10818,19181920.0,5.26,2.38,0.42,0.92,23856732949.68
2009-01-08,17.9,17.63,18.1,17.48,7601,13503899.0,3.43,-2.54,-0.46,0.65,23250094079.76
2009-01-09,17.5,18.01,18.15,17.5,6352,11368457.0,3.69,2.16,0.38,0.54,23751230537.52
2009-01-12,17.95,17.94,18.55,17.82,9055,16466613.0,4.05,-0.39,-0.07,0.77,23658915926.88
2009-01-13,17.7,17.37,17.8,17.33,6180,10832550.0,2.62,-3.18,-0.57,0.53,22907211240.24
2009-01-14,17.44,18.0,18.06,17.16,3957,7063315.0,5.18,3.63,0.63,0.34,23738042736.0
2009-01-15,18.3,18.88,18.99,17.97,11194,20725944.0,5.67,4.89,0.88,0.96,24898569269.76
2009-01-16,19.39,18.14,19.42,16.99,75964,135210559.0,12.87,-3.92,-0.74,6.48,23922671957.280003
2009-01-19,17.63,16.88,17.65,16.75,21060,35890034.0,4.96,-6.95,-1.26,1.8,22261008965.76
2009-01-20,17.09,16.73,17.1,16.35,20628,34198352.0,4.44,-0.89,-0.15,1.76,22063191942.96
2009-01-21,16.51,17.02,17.1,16.46,42300,70979216.0,3.83,1.73,0.29,3.61,22445638187.04
2009-01-22,16.95,17.19,17.31,16.68,39037,66445814.0,3.7,1.0,0.17,3.33,22669830812.88
2009-01-23,17.2,16.7,17.2,16.68,13711,23168449.0,3.03,-2.85,-0.49,1.17,22023628538.399998
2009-02-02,16.75,18.02,18.1,16.72,25640,45182595.0,8.26,7.9,1.32,2.19,23764418339.04
2009-02-03,18.0,18.51,18.57,17.97,26445,48401698.0,3.33,2.72,0.49,2.26,24410620613.52
2009-02-04,18.55,18.14,18.98,17.88,29454,53953440.0,5.94,-2.0,-0.37,2.51,23922671957.280003
2009-02-05,18.16,17.5,18.32,17.39,16326,29299344.0,5.13,-3.53,-0.64,1.39,23078652660.0
2009-02-06,17.44,17.99,18.09,17.44,16111,28946050.0,3.71,2.8,0.49,1.38,23724854934.48
2009-02-09,18.4,19.34,19.5,18.21,33891,64004950.0,7.17,7.5,1.35,2.89,25505208139.68
2009-02-10,19.6,20.03,20.1,18.8,25553,49947410.0,6.72,3.57,0.69,2.18,26415166444.56
2009-02-11,19.69,19.54,20.66,19.32,41932,83866930.0,6.69,-2.45,-0.49,3.58,25768964170.079998
2009-02-12,19.92,19.69,19.92,18.99,9021,17590970.0,4.76,0.77,0.15,0.77,25966781192.88
2009-02-13,19.65,20.73,20.9,19.65,21255,43648868.0,6.35,5.28,1.04,1.81,27338312550.96
2009-02-16,20.7,20.9,21.03,20.31,19708,40784862.0,3.47,0.82,0.17,1.68,27562505176.8
2009-02-17,20.6,20.09,20.96,19.77,10883,21923185.0,5.69,-3.88,-0.81,0.93,26494293253.68
2009-02-18,19.7,18.92,19.7,18.75,12990,24843623.0,4.73,-5.82,-1.17,1.11,24951320475.840004
2009-02-19,18.9,18.48,19.34,18.31,23149,43164202.0,5.44,-2.33,-0.44,1.98,24371057208.96
2009-02-20,18.56,19.42,19.59,18.45,35092,66682000.0,6.17,5.09,0.94,3.0,25610710551.840004
2009-02-23,19.33,19.54,19.69,18.71,20097,38795617.0,5.05,0.62,0.12,1.72,25768964170.079998
2009-02-24,19.33,18.8,19.74,18.41,19762,37761849.0,6.81,-3.79,-0.74,1.69,24793066857.600002
2009-02-25,18.9,18.95,19.1,17.52,14022,25977151.0,8.4,0.8,0.15,1.2,24990883880.399998
2009-02-26,18.76,17.06,19.01,17.06,12039,21598583.0,10.29,-9.97,-1.89,1.03,22498389393.12
2009-02-27,17.2,15.97,17.35,15.55,17205,27607911.0,10.55,-6.39,-1.09,1.47,21060919027.440002
2009-03-02,15.86,16.14,16.32,15.86,6966,11197864.0,2.88,1.06,0.17,0.59,21285111653.280003
2009-03-03,15.88,16.65,16.8,15.25,10476,16969781.0,9.6,3.16,0.51,0.89,21957689530.8
2009-03-04,16.52,17.37,17.5,16.52,30563,52229551.0,5.89,4.32,0.72,2.61,22907211240.24
2009-03-05,17.5,16.95,17.76,16.3,34525,58311025.0,8.41,-2.42,-0.42,2.95,22353323576.399998
2009-03-06,16.7,16.86,16.97,16.31,16316,27030675.0,3.89,-0.53,-0.09,1.39,22234633362.719997
2009-03-09,16.89,16.16,17.0,16.01,9235,15290804.0,5.87,-4.15,-0.7,0.79,21311487256.32
2009-03-10,16.06,16.72,16.75,16.0,10114,16721315.0,4.64,3.47,0.56,0.86,22050004141.44
2009-03-11,17.02,16.69,17.37,16.55,21004,35650368.0,4.9,-0.18,-0.03,1.79,22010440736.88
2009-03-12,16.68,16.33,16.87,15.9,16003,25924106.0,5.81,-2.16,-0.36,1.37,21535679882.159996
2009-03-13,15.91,16.02,16.16,15.78,20442,32589465.0,2.33,-1.9,-0.31,1.74,21126858035.04
2009-03-16,15.91,15.69,15.95,15.0,11430,17727905.0,5.93,-2.06,-0.33,0.98,20691660584.88
2009-03-17,15.65,16.11,16.2,15.54,15031,24094306.0,4.21,2.68,0.42,1.28,21245548248.719997
2009-03-18,16.16,16.42,16.82,16.15,24830,41099872.0,4.16,1.92,0.31,2.12,21654370095.840004
2009-03-19,16.47,16.96,16.99,16.47,20044,33763186.0,3.17,3.29,0.54,1.71,22366511377.920002
2009-03-20,17.25,17.08,17.3,16.57,21384,36348528.0,4.3,0.71,0.12,1.83,22524764996.159996
2009-03-23,17.06,17.53,17.65,17.0,20436,35763655.0,3.81,2.63,0.45,1.74,23118216064.56
2009-03-24,17.61,17.63,17.68,17.5,15951,28004788.0,1.03,0.57,0.1,1.36,23250094079.76
2009-03-25,17.5,16.87,17.63,16.84,18256,31188735.0,4.48,-4.31,-0.76,1.56,22247821164.24
2009-03-26,16.82,17.14,17.15,16.65,9423,15959624.0,2.96,1.6,0.27,0.8,22603891805.280003
2009-03-27,17.12,17.96,17.98,17.01,33707,59408486.0,5.66,4.78,0.82,2.88,23685291529.920002
2009-03-30,18.12,18.58,18.76,17.9,29555,54476966.0,4.79,3.45,0.62,2.52,24502935224.159996
2009-03-31,18.62,18.92,19.1,18.27,36297,68026572.0,4.47,1.83,0.34,3.1,24951320475.840004
2009-04-01,18.85,19.46,19.5,18.69,25586,49267752.0,4.28,2.85,0.54,2.18,25663461757.920002
2009-04-02,19.42,18.98,19.42,18.8,24788,47101880.0,3.19,-2.47,-0.48,2.12,25030447284.96
2009-04-07,18.65,18.35,18.79,18.16,14438,26548939.0,3.32,-3.32,-0.63,1.23,24199615789.2
2009-04-08,18.35,17.82,18.55,17.38,23714,42265056.0,6.38,-2.89,-0.53,2.02,23500662308.64
2009-04-09,17.61,17.77,17.89,17.31,12384,21814325.0,3.25,-0.28,-0.05,1.06,23434723301.04
2009-04-10,17.8,18.0,18.31,17.75,24831,44779263.0,3.15,1.29,0.23,2.12,23738042736.0
2009-04-13,18.01,18.15,18.48,17.9,22003,40029526.0,3.22,0.83,0.15,1.88,23935859758.8
2009-04-14,18.28,18.13,18.28,17.82,17793,32084366.0,2.53,-0.11,-0.02,1.52,23909484155.76
2009-04-15,17.85,17.81,17.86,17.41,37765,66752003.0,2.48,-1.77,-0.32,3.22,23487474507.12
2009-04-16,17.93,19.16,19.2,17.9,46787,86844674.0,7.3,7.58,1.35,3.99,25267827712.32
2009-04-17,19.07,18.71,19.08,18.0,33836,62924412.0,5.64,-2.35,-0.45,2.89,24674376643.920002
2009-04-20,18.51,18.83,18.95,18.45,26011,48700671.0,2.67,0.64,0.12,2.22,24832630262.159996
2009-04-21,18.65,18.21,18.65,18.01,18666,34309805.0,3.4,-3.29,-0.62,1.59,24014986567.920002
2009-04-22,18.21,17.03,18.59,16.81,28844,51501177.0,9.77,-6.48,-1.18,2.46,22458825988.56
2009-04-23,17.0,16.57,17.2,16.38,25164,41841253.0,4.82,-2.7,-0.46,2.15,21852187118.64
2009-04-27,16.17,15.5,16.55,15.42,19684,31146732.0,6.82,-6.46,-1.07,1.68,20441092356.0
2009-04-28,15.5,15.78,15.79,15.45,12398,19341741.0,2.19,1.81,0.28,1.06,20810350798.559998
2009-04-29,15.71,16.0,16.44,15.61,25268,40603830.0,5.26,1.39,0.22,2.16,21100482432.0
2009-04-30,16.1,16.01,16.35,15.87,16048,25707438.0,3.0,0.06,0.01,1.37,21113670233.52
2009-05-04,16.06,16.49,16.57,16.0,40166,64993742.0,3.56,3.0,0.48,3.43,21746684706.48
2009-05-05,16.48,16.69,16.78,16.18,31262,51487970.0,3.64,1.21,0.2,2.67,22010440736.88
2009-05-06,16.7,16.77,16.87,16.46,20419,34208593.0,2.46,0.48,0.08,1.74,22115943149.04
2009-05-07,16.86,16.63,16.87,16.08,31748,52362335.0,4.71,-0.83,-0.14,2.71,21931313927.76
2009-05-08,16.39,16.47,16.6,16.18,16801,27623483.0,2.53,-0.96,-0.16,1.43,21720309103.44
2009-05-11,16.52,16.43,16.95,16.33,29796,49839754.0,3.76,-0.24,-0.04,2.54,21667557897.36
2009-05-12,16.45,16.4,16.69,16.05,15382,25120748.0,3.9,-0.18,-0.03,1.31,21627994492.8
2009-05-13,16.52,16.51,16.54,16.2,16616,27277342.0,2.07,0.67,0.11,1.42,21773060309.52
2009-05-14,16.44,16.61,16.62,16.29,13251,21809889.0,2.0,0.61,0.1,1.13,21904938324.719997
2009-05-15,16.65,17.79,17.96,16.65,69598,121037451.0,7.89,7.1,1.18,5.94,23461098904.079998
2009-05-18,18.35,18.5,19.2,18.32,122363,229552006.0,4.95,3.99,0.71,10.44,24397432812.0
2009-05-19,18.49,19.29,19.5,18.1,87113,165918129.0,7.57,4.27,0.79,7.43,25439269132.079998
2009-05-20,19.3,19.62,20.52,18.91,63731,126525635.0,8.35,1.71,0.33,5.44,25874466582.24
2009-05-21,19.26,18.71,19.56,18.52,44499,84331070.0,5.3,-4.64,-0.91,3.8,24674376643.920002
2009-05-22,18.65,19.38,19.6,18.65,40781,78471260.0,5.08,3.58,0.67,3.48,25557959345.76
2009-05-25,19.0,21.32,21.32,18.9,65436,133853445.0,12.49,10.01,1.94,5.58,28116392840.64
2009-05-26,22.1,22.24,23.23,21.88,85801,192750193.0,6.33,4.32,0.92,7.32,29329670580.48
2009-05-27,22.3,23.36,23.46,21.96,84159,191464191.0,6.74,5.04,1.12,7.18,30806704350.719997
2009-06-01,23.2,23.05,23.57,22.51,64346,147533486.0,4.54,-1.33,-0.31,5.49,30397882503.600002
2009-06-02,22.9,22.78,23.56,22.52,49672,113794415.0,4.51,-1.17,-0.27,4.24,30041811862.56
2009-06-03,22.6,22.32,22.93,22.1,42277,94544836.0,3.64,-2.02,-0.46,3.61,29435172992.64
2009-06-04,22.32,22.52,22.94,22.15,40659,91716498.0,3.54,0.9,0.2,3.47,29698929023.04
2009-06-05,22.36,21.82,22.65,21.7,43739,96560608.0,4.22,-3.11,-0.7,3.73,28775782916.64
2009-06-08,21.9,21.49,22.26,21.33,32162,69406292.0,4.26,-1.51,-0.33,2.75,28340585466.48
2009-06-09,21.6,21.77,21.98,21.3,27158,58954884.0,3.16,1.3,0.28,2.32,28709843909.04
2009-06-10,21.8,21.19,21.85,20.86,51297,108650791.0,4.55,-2.66,-0.58,4.38,27944951420.88
2009-06-11,21.12,21.57,21.66,20.9,38839,82693731.0,3.59,1.79,0.38,3.31,28446087878.64
2009-06-12,21.27,20.94,21.56,20.75,27544,58205686.0,3.76,-2.92,-0.63,2.35,27615256382.88
2009-06-15,20.93,21.0,21.26,20.77,17733,37251279.0,2.34,0.29,0.06,1.51,27694383192.0
2009-06-16,21.01,22.26,22.39,20.9,54713,119063489.0,7.1,6.0,1.26,4.67,29356046183.52
2009-06-17,21.9,22.09,22.87,21.82,38989,87055776.0,4.72,-0.76,-0.17,3.33,29131853557.68
2009-06-18,22.45,22.1,22.55,21.82,24817,54642690.0,3.3,0.05,0.01,2.12,29145041359.2
2009-06-19,21.85,21.26,22.44,21.1,34927,75352807.0,6.06,-3.8,-0.84,2.98,28037266031.52
2009-06-22,21.11,21.04,21.48,20.82,26749,56302906.0,3.1,-1.03,-0.22,2.28,27747134398.079998
2009-06-23,20.81,20.41,21.0,20.38,29878,61583236.0,2.95,-2.99,-0.63,2.55,26916302902.32
2009-06-24,20.45,20.71,20.74,20.15,27317,55879744.0,2.89,1.47,0.3,2.33,27311936947.920002
2009-06-25,20.65,20.39,20.7,20.26,17880,36538622.0,2.12,-1.55,-0.32,1.53,26889927299.280003
2009-06-26,20.35,20.13,20.59,19.98,41543,83743948.0,2.99,-1.28,-0.26,3.55,26547044459.76
2009-06-29,20.12,19.93,20.18,19.81,30017,59804215.0,1.84,-0.99,-0.2,2.56,26283288429.36
2009-06-30,19.94,20.25,20.48,19.85,36632,73782612.0,3.16,1.61,0.32,3.13,26705298078.0
2009-07-01,20.2,20.53,20.66,20.0,28674,58384383.0,3.26,1.38,0.28,2.45,27074556520.56
2009-07-02,20.59,20.21,20.65,19.97,32805,66119024.0,3.31,-1.56,-0.32,2.8,26652546871.920002
2009-07-03,20.19,19.82,20.19,19.62,37955,75346873.0,2.82,-1.93,-0.39,3.24,26138222612.64
2009-07-06,19.71,20.45,20.78,19.71,41806,84662018.0,5.4,3.18,0.63,3.57,26969054108.399998
2009-07-07,20.61,20.75,21.15,20.33,39158,81415991.0,4.01,1.47,0.3,3.34,27364688154.0
2009-07-08,20.5,20.47,20.85,20.2,22087,45155083.0,3.13,-1.35,-0.28,1.89,26995429711.44
2009-07-09,20.5,20.88,21.0,20.25,34487,71567690.0,3.66,2.0,0.41,2.94,27536129573.76
2009-07-10,20.99,20.91,21.4,20.79,31484,66269003.0,2.92,0.14,0.03,2.69,27575692978.32
2009-07-13,21.09,21.4,21.77,20.9,36992,79127526.0,4.16,2.34,0.49,3.16,28221895252.8
2009-07-14,21.42,21.39,21.63,21.18,22593,48120180.0,2.1,-0.05,-0.01,1.93,28208707451.280003
2009-07-15,21.66,22.04,22.39,21.47,41580,91292768.0,4.3,3.04,0.65,3.55,29065914550.079998
2009-07-16,22.0,21.36,22.14,21.23,32196,69570943.0,4.13,-3.09,-0.68,2.75,28169144046.719997
2009-07-17,21.39,21.1,21.52,20.88,27105,57172913.0,3.0,-1.22,-0.26,2.31,27826261207.2
2009-07-20,21.1,21.33,21.45,20.98,27060,57439998.0,2.23,1.09,0.23,2.31,28129580642.159996
2009-07-21,21.79,21.57,22.33,21.36,52055,114154902.0,4.55,1.13,0.24,4.44,28446087878.64
2009-07-22,21.46,21.99,22.25,21.3,42062,91434505.0,4.4,1.95,0.42,3.59,28999975542.48
2009-07-23,22.05,22.02,22.3,21.68,25624,56331084.0,2.82,0.14,0.03,2.19,29039538947.04
2009-07-24,22.03,21.51,22.29,21.29,27019,58723144.0,4.54,-2.32,-0.51,2.31,28366961069.52
2009-07-27,21.8,21.87,22.18,21.65,24690,54056982.0,2.46,1.67,0.36,2.11,28841721924.24
2009-07-28,22.1,21.5,22.15,21.3,31820,68350510.0,3.89,-1.69,-0.37,2.72,28353773268.0
2009-07-29,21.5,19.81,21.52,19.4,32122,66304775.0,9.86,-7.86,-1.69,2.74,26125034811.12
2009-07-30,19.76,19.61,20.2,19.21,24697,48439545.0,5.0,-1.01,-0.2,2.11,25861278780.719997
2009-07-31,20.91,21.02,21.43,20.4,43227,90775071.0,5.25,7.19,1.41,3.69,27720758795.04
2009-08-03,21.2,21.08,21.2,20.6,20039,41860944.0,2.85,0.29,0.06,1.71,27799885604.159996
2009-08-04,20.9,20.9,21.0,20.2,41413,84817331.0,3.8,-0.85,-0.18,3.53,27562505176.8
2009-08-05,20.9,21.13,21.44,20.66,29588,62370301.0,3.73,1.1,0.23,2.53,27865824611.76
2009-08-06,21.25,22.11,22.5,20.91,70184,153714100.0,7.52,4.64,0.98,5.99,29158229160.719997
2009-08-07,22.72,22.32,23.6,21.9,60537,137201543.0,7.69,0.95,0.21,5.17,29435172992.64
2009-08-10,22.59,22.42,23.19,21.88,36689,83000994.0,5.87,0.45,0.1,3.13,29567051007.840004
2009-08-11,22.62,22.66,22.76,22.21,21323,48050854.0,2.45,1.07,0.24,1.82,29883558244.32
2009-08-12,22.58,20.71,22.58,20.52,28662,62015246.0,9.09,-8.61,-1.95,2.45,27311936947.920002
2009-08-13,20.75,20.74,21.12,20.2,21876,45101705.0,4.44,0.14,0.03,1.87,27351500352.48
2009-08-14,21.15,21.53,22.3,21.09,43947,95426846.0,5.83,3.81,0.79,3.75,28393336672.56
2009-08-17,21.48,19.39,21.49,19.38,34704,69916414.0,9.8,-9.94,-2.14,2.96,25571147147.280003
2009-08-18,18.89,19.04,19.41,18.27,37629,70578541.0,5.88,-1.81,-0.35,3.21,25109574094.079998
2009-08-27,18.37,18.37,18.37,18.0,26994,49534123.0,1.94,-3.52,-0.67,1.78,24225991392.24
2009-08-28,19.89,18.8,19.89,18.61,69405,133402338.0,6.97,2.34,0.43,4.58,24793066857.600002
2009-08-31,18.37,17.44,18.37,17.41,23820,42233527.0,5.11,-7.23,-1.36,1.57,22999525850.88
2009-09-01,17.44,16.99,17.79,16.9,24380,42102490.0,5.1,-2.58,-0.45,1.61,22406074782.48
2009-09-02,16.89,16.95,17.22,16.68,17842,30209550.0,3.18,-0.24,-0.04,1.18,22353323576.399998
2009-09-03,17.2,18.03,18.1,17.0,24791,43651037.0,6.49,6.37,1.08,1.63,23777606140.56
2009-09-04,18.77,18.61,19.0,18.38,45626,85072952.0,3.44,3.22,0.58,3.01,24542498628.719997
2009-09-07,18.58,18.73,18.96,18.21,57270,106831122.0,4.03,0.64,0.12,3.78,24700752246.96
2009-09-08,18.65,19.05,19.39,18.3,61016,116041041.0,5.82,1.71,0.32,4.02,25122761895.600002
2009-09-09,19.1,18.89,19.1,18.56,35651,67083172.0,2.83,-0.84,-0.16,2.35,24911757071.280003
2009-09-10,18.89,18.72,19.3,18.66,31148,59204520.0,3.39,-0.9,-0.17,2.05,24687564445.44
2009-09-11,18.57,19.64,19.99,18.56,59679,116431156.0,7.64,4.91,0.92,3.94,25900842185.280003
2009-09-14,20.0,19.85,20.3,19.5,71741,142464734.0,4.07,1.07,0.21,4.73,26177786017.2
2009-09-15,19.7,19.71,19.94,19.5,38226,75311978.0,2.22,-0.71,-0.14,2.52,25993156795.920002
2009-09-16,19.65,19.22,19.79,19.18,48455,93869238.0,3.09,-2.49,-0.49,3.2,25346954521.44
2009-09-17,19.28,21.14,21.14,19.28,109567,226722907.0,9.68,9.99,1.92,7.23,27879012413.280003
2009-09-18,21.3,19.79,21.39,19.5,85038,174138039.0,8.94,-6.39,-1.35,5.61,26098659208.079998
2009-09-21,19.79,20.66,20.7,19.69,58906,119014909.0,5.1,4.4,0.87,3.88,27245997940.32
2009-09-22,20.65,19.75,20.79,19.7,49777,100589484.0,5.28,-4.4,-0.91,3.28,26045908002.0
2009-09-23,19.65,18.65,19.97,18.3,41624,79361741.0,8.46,-5.57,-1.1,2.75,24595249834.8
2009-09-24,18.7,18.52,18.9,18.05,25308,46741596.0,4.56,-0.7,-0.13,1.67,24423808415.04
2009-09-25,18.5,18.24,18.8,18.13,18183,33465570.0,3.62,-1.51,-0.28,1.2,24054549972.48
2009-09-28,18.45,19.05,19.24,18.45,41336,77729092.0,4.33,4.44,0.81,2.73,25122761895.600002
2009-09-29,18.8,18.79,19.18,18.44,16866,31658003.0,3.88,-1.36,-0.26,1.11,24779879056.079998
2009-09-30,18.9,18.74,19.4,18.7,17659,33658422.0,3.73,-0.27,-0.05,1.16,24713940048.48
2009-10-09,19.12,19.43,19.49,18.92,18914,36492490.0,3.04,3.68,0.69,1.25,25623898353.36
2009-10-13,19.48,19.41,19.59,19.18,20626,39908187.0,2.11,-0.1,-0.02,1.36,25597522750.32
2009-10-14,19.55,19.42,19.84,19.35,25426,49846126.0,2.52,0.05,0.01,1.68,25610710551.840004
2009-10-15,19.6,19.63,19.95,19.31,17156,33696231.0,3.3,1.08,0.21,1.13,25887654383.76
2009-10-16,19.74,19.61,19.94,19.37,18444,36237724.0,2.9,-0.1,-0.02,1.22,25861278780.719997
2009-10-19,19.65,19.71,19.74,19.2,26977,52829612.0,2.75,0.51,0.1,1.78,25993156795.920002
2009-10-20,19.88,20.44,20.69,19.7,48970,99413361.0,5.02,3.7,0.73,3.23,26955866306.88
2009-10-21,20.53,20.09,20.55,20.06,27125,54989928.0,2.4,-1.71,-0.35,1.79,26494293253.68
2009-10-22,20.15,19.89,20.15,19.76,20459,40775851.0,1.94,-1.0,-0.2,1.35,26230537223.280003
2009-10-23,20.05,20.54,20.69,20.05,33263,67880322.0,3.22,3.27,0.65,2.19,27087744322.079998
2009-10-26,21.0,21.41,21.73,21.0,67361,144126559.0,3.55,4.24,0.87,4.44,28235083054.32
2009-10-27,21.02,20.77,21.28,20.71,30951,64957467.0,2.66,-2.99,-0.64,2.04,27391063757.04
2009-10-28,20.77,20.99,21.01,20.35,26003,53790811.0,3.18,1.06,0.22,1.71,27681195390.48
2009-10-29,20.55,20.41,20.93,20.4,20889,43137954.0,2.53,-2.76,-0.58,1.38,26916302902.32
2009-10-30,20.62,20.79,21.48,20.35,30149,62988604.0,5.54,1.86,0.38,1.99,27417439360.079998
2009-11-02,20.0,21.57,21.75,19.7,49634,104704847.0,9.86,3.75,0.78,3.27,28446087878.64
2009-11-03,21.45,22.31,22.5,21.45,53225,117641210.0,4.87,3.43,0.74,3.51,29421985191.12
2009-11-04,22.47,22.49,23.0,22.23,44441,100362161.0,3.45,0.81,0.18,2.93,29659365618.48
2009-11-05,22.49,22.86,23.15,22.28,28017,64014715.0,3.87,1.65,0.37,1.85,30147314274.719997
2009-11-06,23.0,22.98,23.6,22.95,36132,83847509.0,2.84,0.52,0.12,2.38,30305567892.96
2009-11-09,22.88,22.94,22.98,22.4,21242,48104524.0,2.52,-0.17,-0.04,1.4,30252816686.88
2009-11-10,23.03,23.23,23.75,23.03,26916,63009293.0,3.14,1.26,0.29,1.78,30635262930.96
2009-11-11,23.05,22.86,23.39,22.49,19344,44081846.0,3.87,-1.59,-0.37,1.28,30147314274.719997
2009-11-12,22.81,22.78,23.29,22.75,22712,52294999.0,2.36,-0.35,-0.08,1.5,30041811862.56
2009-11-13,22.88,24.2,24.5,22.86,39139,92150012.0,7.2,6.23,1.42,2.58,31914479678.399998
2009-11-16,24.35,24.64,25.3,24.1,41313,102174754.0,4.96,1.82,0.44,2.72,32494742945.280003
2009-11-17,24.6,24.6,24.9,24.32,18995,46650164.0,2.35,-0.16,-0.04,1.25,32441991739.2
2009-11-18,24.59,24.73,24.77,24.11,23792,58252940.0,2.68,0.53,0.13,1.57,32613433158.96
2009-11-19,24.75,24.8,25.09,24.41,16465,40737214.0,2.75,0.28,0.07,1.09,32705747769.600002
2009-11-20,24.6,25.03,25.15,24.22,28615,70404881.0,3.75,0.93,0.23,1.89,33009067204.56
2009-11-23,25.0,24.78,25.62,24.6,22051,55218801.0,4.08,-1.0,-0.25,1.45,32679372166.56
2009-11-24,24.71,23.06,24.95,22.98,50784,121906258.0,7.95,-6.94,-1.72,3.35,30411070305.12
2009-11-25,23.29,23.78,23.93,22.7,32227,74989750.0,5.33,3.12,0.72,2.13,31360592014.56
2009-11-26,23.8,22.5,23.8,22.41,32298,74556717.0,5.85,-5.38,-1.28,2.13,29672553420.0
2009-11-27,22.18,22.45,23.1,22.12,23518,53088302.0,4.36,-0.22,-0.05,1.55,29606614412.399998
2009-11-30,22.8,23.56,23.69,22.72,34721,80945794.0,4.32,4.94,1.11,2.29,31070460381.12
2009-12-01,23.67,24.4,24.48,23.52,33722,81532327.0,4.07,3.57,0.84,2.22,32178235708.8
2009-12-02,24.5,24.94,25.0,24.2,36678,90396569.0,3.28,2.21,0.54,2.42,32890376990.88
2009-12-03,24.8,24.79,25.0,24.25,34244,84390947.0,3.01,-0.6,-0.15,2.26,32692559968.079998
2009-12-04,24.65,23.98,24.98,23.6,28881,69759868.0,5.57,-3.27,-0.81,1.9,31624348044.96
2009-12-07,23.71,24.53,24.6,23.71,18121,44156699.0,3.71,2.29,0.55,1.2,32349677128.56
2009-12-08,24.35,25.21,25.38,24.0,38508,95473517.0,5.63,2.77,0.68,2.54,33246447631.920002
2009-12-09,25.0,24.51,25.15,24.31,20769,51316926.0,3.33,-2.78,-0.7,1.37,32323301525.52
2009-12-10,24.5,24.55,24.85,24.21,16678,40857509.0,2.61,0.16,0.04,1.1,32376052731.600002
2009-12-11,24.79,24.86,25.28,24.54,18535,46222496.0,3.01,1.26,0.31,1.22,32784874578.719997
2009-12-14,24.82,24.17,24.86,23.5,21961,52747978.0,5.47,-2.78,-0.69,1.45,31874916273.840004
2009-12-15,24.15,23.85,24.15,23.7,22761,54233155.0,1.86,-1.32,-0.32,1.5,31452906625.2
2009-12-16,23.8,24.06,24.1,23.7,15484,36972851.0,1.68,0.88,0.21,1.02,31729850457.12
2009-12-17,24.06,22.8,24.13,22.78,28517,66126149.0,5.61,-5.24,-1.26,1.88,30068187465.600002
2009-12-18,22.5,22.49,23.1,22.3,20238,46016622.0,3.51,-1.36,-0.31,1.33,29659365618.48
2009-12-21,22.53,22.96,22.99,22.4,14800,33540610.0,2.62,2.09,0.47,0.98,30279192289.920002
2009-12-22,23.0,22.82,23.25,22.6,16832,38617595.0,2.83,-0.61,-0.14,1.11,30094563068.64
2009-12-23,22.82,23.55,23.59,22.82,20465,47758216.0,3.37,3.2,0.73,1.35,31057272579.600002
2009-12-24,23.55,23.82,23.97,23.53,21084,50174314.0,1.87,1.15,0.27,1.39,31413343220.64
2009-12-25,23.8,24.81,25.11,23.71,45170,110943238.0,5.88,4.16,0.99,2.98,32718935571.12
2009-12-28,24.9,24.91,25.4,24.61,24198,60379802.0,3.18,0.4,0.1,1.6,32850813586.32
2009-12-29,24.8,25.97,26.0,24.72,38613,97773429.0,5.14,4.26,1.06,2.55,34248720547.44
2009-12-30,26.0,25.65,26.0,25.44,27627,70893175.0,2.16,-1.23,-0.32,1.82,33826710898.8
2009-12-31,25.86,25.53,26.86,25.48,51194,134064850.0,5.38,-0.47,-0.12,3.38,33668457280.56
2010-01-04,25.63,25.77,26.05,25.0,27680,70986822.0,4.11,0.94,0.24,1.83,33984964517.04
2010-01-05,25.61,26.52,26.69,25.61,33728,88941924.0,4.19,2.91,0.75,2.22,34974049631.04
2010-01-06,26.31,25.96,26.8,25.8,26620,70022783.0,3.77,-2.11,-0.56,1.76,34235532745.920002
2010-01-07,25.7,25.62,25.9,25.06,29678,75522635.0,3.24,-1.31,-0.34,1.96,33787147494.24
2010-01-08,25.33,25.97,25.98,25.0,20763,52833860.0,3.83,1.37,0.35,1.37,34248720547.44
2010-01-11,25.88,27.42,27.6,25.64,57370,154805400.0,7.55,5.58,1.45,3.78,36160951767.840004
2010-01-12,27.21,27.63,27.92,27.03,26587,73133629.0,3.25,0.77,0.21,1.75,36437895599.76
2010-01-13,27.14,27.25,27.98,27.01,23772,65026027.0,3.51,-1.38,-0.38,1.57,35936759142.0
2010-01-14,27.28,28.4,28.5,27.28,34694,97576045.0,4.48,4.22,1.15,2.29,37453356316.799995
2010-01-15,28.49,28.23,28.66,28.18,21620,61256695.0,1.69,-0.6,-0.17,1.43,37229163690.96
2010-01-18,28.08,28.47,29.36,28.08,34433,98974677.0,4.53,0.85,0.24,2.27,37545670927.439995
2010-01-19,28.5,28.79,29.29,28.2,21000,60407136.0,3.83,1.12,0.32,1.38,37967680576.08
2010-01-20,28.89,27.42,29.0,27.2,31601,88047704.0,6.25,-4.76,-1.37,2.08,36160951767.840004
2010-01-21,27.6,27.15,27.8,26.8,23677,64370485.0,3.65,-0.98,-0.27,1.56,35804881126.799995
2010-01-22,26.56,25.85,26.98,25.6,39814,104342992.0,5.08,-4.79,-1.3,2.63,34090466929.2
2010-01-25,26.0,27.22,27.79,26.0,33033,89493427.0,6.92,5.3,1.37,2.18,35897195737.439995
2010-01-27,26.3,26.23,27.79,26.2,32815,88386046.0,5.84,-3.64,-0.99,2.16,34591603386.96
2010-01-28,26.5,26.26,26.77,25.63,11757,30837625.0,4.35,0.11,0.03,0.78,34631166791.520004
2010-01-29,26.18,26.57,26.75,25.81,14842,39260789.0,3.58,1.18,0.31,0.98,35039988638.64
2010-02-01,26.41,25.62,26.41,25.5,22910,59346720.0,3.42,-3.58,-0.95,1.51,33787147494.24
2010-02-02,25.68,25.68,26.07,25.4,10514,27044519.0,2.62,0.23,0.06,0.69,33866274303.36
2010-02-03,25.98,26.23,26.25,25.03,14413,37172861.0,4.75,2.14,0.55,0.95,34591603386.96
2010-02-04,26.4,26.5,26.85,26.16,13233,35079681.0,2.63,1.03,0.27,0.87,34947674028.0
2010-02-05,25.5,24.95,26.15,24.6,25714,65177680.0,5.85,-5.85,-1.55,1.7,32903564792.399998
2010-02-08,24.99,25.36,25.88,24.99,13501,34551077.0,3.57,1.64,0.41,0.89,33444264654.719997
2010-02-09,25.25,25.2,25.48,24.98,8970,22645136.0,1.97,-0.63,-0.16,0.59,33233259830.399998
2010-02-10,25.48,25.74,25.76,25.4,8358,21412230.0,1.43,2.14,0.54,0.55,33945401112.48
2010-02-11,25.61,25.62,25.86,25.4,5484,14085100.0,1.79,-0.47,-0.12,0.36,33787147494.24
2010-02-12,25.85,26.16,26.21,25.68,6245,16270019.0,2.07,2.11,0.54,0.41,34499288776.32
2010-02-22,26.22,25.99,26.3,25.81,7542,19648186.0,1.87,-0.65,-0.17,0.5,34275096150.48
2010-02-23,26.0,26.06,26.14,25.55,8710,22422688.0,2.27,0.27,0.07,0.57,34367410761.119995
2010-02-24,26.13,27.11,27.26,25.86,17491,46981505.0,5.37,4.03,1.05,1.15,35752129920.72
2010-02-25,27.3,27.32,27.63,27.1,14546,39972303.0,1.95,0.77,0.21,0.96,36029073752.64
2010-02-26,27.5,27.49,27.97,27.3,14111,38985271.0,2.45,0.62,0.17,0.93,36253266378.479996
2010-03-01,27.5,28.0,28.15,27.3,15288,42540881.0,3.09,1.86,0.51,1.01,36925844256.0
2010-03-02,28.5,28.4,28.65,28.03,27550,78062307.0,2.21,1.43,0.4,1.82,37453356316.799995
2010-03-03,28.4,28.09,28.4,27.7,19641,54991636.0,2.46,-1.09,-0.31,1.3,37044534469.68
2010-03-04,28.08,27.43,28.38,27.39,23200,64483610.0,3.52,-2.35,-0.66,1.53,36174139569.36
2010-03-05,27.31,28.01,28.48,27.31,25237,70666514.0,4.27,2.11,0.58,1.66,36939032057.520004
2010-03-08,28.07,28.95,29.09,28.0,22402,64058297.0,3.89,3.36,0.94,1.04,38178685400.4
2010-03-09,28.91,28.38,29.0,28.28,10850,30922044.0,2.49,-1.97,-0.57,0.5,37426980713.76
2010-03-10,28.33,28.07,28.69,27.93,8361,23600538.0,2.68,-1.09,-0.31,0.39,37018158866.64
2010-03-11,28.25,27.69,28.25,27.43,7276,20168985.0,2.92,-1.35,-0.38,0.34,36517022408.880005
2010-03-12,27.66,27.32,27.97,27.22,6539,18049231.0,2.71,-1.34,-0.37,0.3,36029073752.64
2010-03-15,27.3,27.15,27.48,26.76,7701,20862811.0,2.64,-0.62,-0.17,0.36,35804881126.799995
2010-03-16,27.4,27.25,27.4,26.84,6244,16909867.0,2.06,0.37,0.1,0.29,35936759142.0
2010-03-17,27.3,28.04,28.15,27.3,15346,42816452.0,3.12,2.9,0.79,0.71,36978595462.08
2010-03-18,28.04,28.12,28.44,27.88,9894,27830056.0,2.0,0.29,0.08,0.46,37084097874.24
2010-03-19,28.35,29.92,29.99,28.18,38262,112314232.0,6.44,6.4,1.8,1.77,39457902147.840004
2010-03-22,30.17,29.88,30.97,29.65,35840,108197880.0,4.41,-0.13,-0.04,1.66,39405150941.76
2010-03-23,30.6,31.0,31.6,30.2,46949,145566826.0,4.69,3.75,1.12,2.17,40882184712.0
2010-03-24,31.18,33.21,34.1,30.6,62687,204352191.0,11.29,7.13,2.21,2.9,43796688847.92
2010-03-25,32.8,33.0,33.9,32.51,40292,133852628.0,4.19,-0.63,-0.21,1.87,43519745016.0
2010-03-26,33.48,33.89,34.9,33.38,38297,130259485.0,4.61,2.7,0.89,1.77,44693459351.28
2010-03-29,33.9,33.54,34.15,33.02,26074,87226016.0,3.33,-1.03,-0.35,1.21,44231886298.08
2010-03-30,33.3,33.47,33.89,33.15,24778,82910315.0,2.21,-0.21,-0.07,1.15,44139571687.439995
2010-03-31,33.48,35.49,35.5,33.28,38508,133529527.0,6.63,6.04,2.02,1.78,46803507594.48
2010-04-01,35.46,35.31,36.09,34.88,37366,131996812.0,3.41,-0.51,-0.18,1.73,46566127167.12
2010-04-02,35.02,34.62,35.75,34.47,36734,128767540.0,3.63,-1.95,-0.69,1.7,45656168862.24
2010-04-06,34.5,36.09,36.17,34.18,30969,109768505.0,5.75,4.25,1.47,1.43,47594775685.68001
2010-04-07,35.88,37.09,37.37,35.8,32326,118822895.0,4.35,2.77,1.0,1.5,48913555837.68001
2010-04-08,37.0,36.98,37.5,36.42,20665,76339730.0,2.91,-0.3,-0.11,0.96,48768490020.96
2010-04-09,36.88,38.38,39.0,36.59,27301,103273108.0,6.52,3.79,1.4,1.26,50614782233.76
2010-04-13,39.21,35.68,39.66,34.55,63861,233639269.0,13.31,-7.03,-2.7,2.96,47054075823.36
2010-04-14,35.35,35.6,36.4,35.0,37071,132181723.0,3.92,-0.22,-0.08,1.72,46948573411.200005
2010-04-15,35.98,34.49,36.26,34.01,36568,128127231.0,6.32,-3.12,-1.11,1.69,45484727442.48
2010-04-16,34.4,35.62,36.07,34.06,27000,94997699.0,5.83,3.28,1.13,1.25,46974949014.24
2010-04-19,35.17,35.69,36.8,35.01,41086,148210069.0,5.03,0.2,0.07,1.9,47067263624.88
2010-04-20,35.89,36.45,36.48,34.1,43536,153242611.0,6.67,2.13,0.76,2.02,48069536540.4
2010-04-21,35.92,38.75,39.49,35.85,54088,202517998.0,9.99,6.31,2.3,2.51,51102730890.0
2010-04-22,38.41,38.68,39.41,37.78,53316,204833854.0,4.21,-0.18,-0.07,2.47,51010416279.36
2010-04-23,39.14,37.15,39.69,37.0,53107,204056846.0,6.95,-3.96,-1.53,2.46,48992682646.799995
2010-04-26,37.0,35.96,37.49,35.48,52564,190522156.0,5.41,-3.2,-1.19,2.43,47423334265.92
2010-04-27,35.96,34.24,36.18,32.92,42864,147153236.0,9.07,-4.78,-1.72,1.99,45155032404.48
2010-04-28,34.95,34.85,36.0,34.6,46725,165289650.0,4.09,1.78,0.61,2.16,45959488297.200005
2010-04-29,17.35,17.58,18.86,17.0,74956,135877465.0,5.34,-49.56,-17.27,1.74,23184155072.159996
2010-04-30,17.45,16.2,17.45,15.82,86817,141857456.0,9.27,-7.85,-1.38,2.01,21364238462.399998
2010-05-04,15.6,16.59,16.8,15.55,60634,99907323.0,7.72,2.41,0.39,1.4,21878562721.68
2010-05-05,16.34,17.01,17.19,16.11,62907,105589769.0,6.51,2.53,0.42,1.46,22432450385.52
2010-05-06,16.78,16.1,17.38,15.95,64163,107922310.0,8.41,-5.35,-0.91,1.49,21232360447.2
2010-05-07,15.35,14.89,15.7,14.57,114759,174558696.0,7.02,-7.52,-1.21,2.66,19636636463.280003
2010-05-10,14.82,15.09,15.3,14.34,51202,76644655.0,6.45,1.34,0.2,1.19,19900392493.68
2010-05-11,15.49,14.25,15.58,14.0,60883,90579919.0,10.47,-5.57,-0.84,1.41,18792617166.0
2010-05-12,14.0,13.67,14.5,13.58,52089,72807787.0,6.46,-4.07,-0.58,1.21,18027724677.84
2010-05-13,13.85,14.25,14.37,13.75,45265,63772591.0,4.54,4.24,0.58,1.05,18792617166.0
2010-05-14,14.15,14.84,15.18,14.0,54299,79996963.0,8.28,4.14,0.59,1.26,19570697455.68
2010-05-17,14.6,14.03,14.9,14.0,53952,78591574.0,6.06,-5.46,-0.81,1.25,18502485532.559998
2010-05-18,14.03,14.71,14.84,13.9,54695,78565170.0,6.7,4.85,0.68,1.27,19399256035.920002
2010-05-19,14.7,15.19,15.43,14.54,66219,100137516.0,6.05,3.26,0.48,1.53,20032270508.88
2010-05-20,15.1,14.93,15.4,14.8,61905,93428544.0,3.95,-1.71,-0.26,1.43,19689387669.36
2010-05-21,14.5,15.37,15.41,14.3,56153,84354164.0,7.43,2.95,0.44,1.3,20269650936.239998
2010-05-24,15.57,16.09,16.19,15.56,67934,108043413.0,4.1,4.68,0.72,1.57,21219172645.68
2010-05-25,15.95,16.01,16.5,15.78,62110,100156351.0,4.47,-0.5,-0.08,1.44,21113670233.52
2010-05-26,15.95,16.36,16.58,15.88,56231,91258950.0,4.37,2.19,0.35,1.3,21575243286.719997
2010-05-27,16.25,16.49,16.57,15.88,56653,92234531.0,4.22,0.79,0.13,1.31,21746684706.48
2010-05-28,16.59,16.53,17.0,16.49,65462,109656476.0,3.09,0.24,0.04,1.52,21799435912.56
2010-06-01,15.72,14.88,15.78,14.88,105286,158626745.0,5.44,-9.98,-1.65,2.44,19623448661.760002
2010-06-02,14.68,15.02,15.08,14.31,56552,82865584.0,5.17,0.94,0.14,1.31,19808077883.04
2010-06-03,15.06,15.11,15.44,15.02,48895,74445374.0,2.8,0.6,0.09,1.13,19926768096.719997
2010-06-04,14.9,15.1,15.28,14.9,28921,43872061.0,2.51,-0.07,-0.01,0.67,19913580295.2
2010-06-07,14.75,15.61,15.69,14.4,51230,77940819.0,8.54,3.38,0.51,1.19,20586158172.719997
2010-06-08,15.5,15.81,15.89,15.41,45385,71080169.0,3.07,1.28,0.2,1.05,20849914203.12
2010-06-09,15.88,15.95,16.1,15.6,45475,72059251.0,3.16,0.89,0.14,1.05,21034543424.399998
2010-06-10,15.96,17.05,17.07,15.81,113748,188928272.0,7.9,6.9,1.1,2.63,22485201591.600002
2010-06-11,17.3,16.85,17.98,16.82,139406,242784463.0,6.8,-1.17,-0.2,3.23,22221445561.2
2010-06-17,17.19,16.59,17.46,16.58,79600,136051802.0,5.22,-1.54,-0.26,1.84,21878562721.68
2010-06-18,16.5,15.36,16.73,15.02,91340,142941597.0,10.31,-7.41,-1.23,2.12,20256463134.719997
2010-06-21,15.45,15.63,15.74,14.93,59394,90927047.0,5.27,1.76,0.27,1.38,20612533775.760002
2010-06-22,15.6,16.34,16.67,15.46,66283,107233094.0,7.74,4.54,0.71,1.54,21548867683.68
2010-06-23,16.22,15.89,16.52,15.6,67164,107623373.0,5.63,-2.75,-0.45,1.56,20955416615.280003
2010-06-24,15.89,15.75,16.05,15.58,41028,64756110.0,2.96,-0.88,-0.14,0.95,20770787394.0
2010-06-25,15.47,15.23,15.69,14.98,59012,89991990.0,4.51,-3.3,-0.52,1.37,20085021714.96
2010-06-28,15.15,14.99,15.38,14.95,27560,41720512.0,2.82,-1.58,-0.24,0.64,19768514478.48
2010-06-29,15.15,14.41,15.15,14.23,51155,74286703.0,6.14,-3.87,-0.58,1.18,19003621990.32
2010-06-30,14.2,14.18,14.27,13.68,49800,69588039.0,4.09,-1.6,-0.23,1.15,18700302555.36
2010-07-01,14.18,13.97,14.38,13.91,40813,57915201.0,3.31,-1.48,-0.21,0.95,18423358723.440002
2010-07-02,13.78,14.03,14.24,13.25,40009,55212137.0,7.09,0.43,0.06,0.93,18502485532.559998
2010-07-05,13.8,13.64,13.91,13.45,19512,26731770.0,3.28,-2.78,-0.39,0.45,17988161273.280003
2010-07-06,13.79,14.42,14.45,13.64,37549,53282716.0,5.94,5.72,0.78,0.87,19016809791.84
2010-07-07,14.76,14.8,14.88,14.51,41249,60681413.0,2.57,2.64,0.38,0.96,19517946249.600002
2010-07-08,14.8,14.62,14.97,14.55,31560,46577197.0,2.84,-1.22,-0.18,0.73,19280565822.239998
2010-07-09,14.47,14.92,15.05,14.47,46310,68747622.0,3.97,2.05,0.3,1.07,19676199867.84
2010-07-12,14.98,14.94,15.17,14.85,35546,53219939.0,2.14,0.13,0.02,0.82,19702575470.88
2010-07-13,14.7,14.47,14.8,14.27,33874,49207075.0,3.55,-3.15,-0.47,0.78,19082748799.440002
2010-07-14,14.61,14.68,14.95,14.51,29452,43484699.0,3.04,1.45,0.21,0.68,19359692631.36
2010-07-15,14.77,14.53,15.07,14.5,36964,54809031.0,3.88,-1.02,-0.15,0.86,19161875608.559998
2010-07-16,14.59,14.35,14.62,14.06,37065,52837566.0,3.85,-1.24,-0.18,0.86,18924495181.2
2010-07-19,14.28,14.71,14.86,14.07,31858,46242712.0,5.51,2.51,0.36,0.74,19399256035.920002
2010-07-20,14.74,15.24,15.3,14.74,70246,106114544.0,3.81,3.6,0.53,1.63,20098209516.48
2010-07-21,15.2,15.36,15.77,15.2,60556,93988100.0,3.74,0.79,0.12,1.4,20256463134.719997
2010-07-22,15.45,15.94,16.09,15.3,76501,120628636.0,5.14,3.78,0.58,1.77,21021355622.88
2010-07-23,15.93,15.64,16.1,15.39,62749,98566064.0,4.45,-1.88,-0.3,1.45,20625721577.280003
2010-07-26,15.65,15.85,15.98,15.55,45712,72251569.0,2.75,1.34,0.21,1.06,20902665409.2
2010-07-27,15.83,15.57,15.83,15.47,41746,65239034.0,2.27,-1.77,-0.28,0.97,20533406966.64
2010-07-28,15.4,15.97,16.05,15.37,56772,90099933.0,4.37,2.57,0.4,1.31,21060919027.440002
2010-07-29,16.08,16.21,16.46,16.0,64315,104393452.0,2.88,1.5,0.24,1.49,21377426263.920002
2010-07-30,16.2,16.01,16.3,15.89,45805,73558740.0,2.53,-1.23,-0.2,1.06,21113670233.52
2010-08-02,16.0,16.18,16.26,15.95,56234,90647073.0,1.94,1.06,0.17,1.3,21337862859.36
2010-08-03,16.3,16.53,16.96,16.18,129190,214684624.0,4.82,2.16,0.35,2.99,21799435912.56
2010-08-04,16.48,17.38,17.58,16.36,158486,269923973.0,7.38,5.14,0.85,3.67,22920399041.76
2010-08-05,17.43,17.09,17.98,16.72,165443,288368481.0,7.25,-1.67,-0.29,3.83,22537952797.68
2010-08-06,16.88,17.1,17.21,16.47,92129,155181338.0,4.33,0.06,0.01,2.13,22551140599.2
2010-08-09,17.04,17.78,17.88,16.95,102895,179209488.0,5.44,3.98,0.68,2.38,23447911102.56
2010-08-10,17.78,16.81,17.95,16.8,97077,167172825.0,6.47,-5.46,-0.97,2.25,22168694355.12
2010-08-11,16.73,17.02,17.14,16.5,57853,97855214.0,3.81,1.25,0.21,1.34,22445638187.04
2010-08-12,16.76,16.65,17.0,16.6,49947,83666679.0,2.35,-2.17,-0.37,1.16,21957689530.8
2010-08-13,16.64,17.27,17.3,16.58,52762,89450824.0,4.32,3.72,0.62,1.22,22775333225.04
2010-08-16,17.16,17.45,17.47,16.9,84530,145872675.0,3.3,1.04,0.18,1.96,23012713652.399998
2010-08-17,17.5,17.59,17.85,17.25,100889,177302707.0,3.44,0.8,0.14,2.34,23197342873.68
2010-08-18,17.61,17.47,17.7,17.34,60072,104846914.0,2.05,-0.68,-0.12,1.39,23039089255.44
2010-08-19,17.5,17.06,17.58,16.97,103687,177608712.0,3.49,-2.35,-0.41,2.4,22498389393.12
2010-08-20,17.1,16.6,17.16,16.57,65788,110293191.0,3.46,-2.7,-0.46,1.52,21891750523.2
2010-08-23,16.58,16.79,16.89,16.5,31999,53395039.0,2.35,1.14,0.19,0.74,22142318752.079998
2010-08-24,16.73,16.72,16.91,16.5,47206,78868748.0,2.44,-0.42,-0.07,1.09,22050004141.44
2010-08-25,16.62,16.07,16.7,16.04,49779,81570708.0,3.95,-3.89,-0.65,1.15,21192797042.64
2010-08-26,16.2,16.03,16.34,15.93,49552,79690410.0,2.55,-0.25,-0.04,1.15,21140045836.56
2010-08-27,16.05,16.37,16.43,16.05,49130,79708871.0,2.37,2.12,0.34,1.14,21588431088.24
2010-08-30,16.43,17.05,17.15,16.4,88717,149668645.0,4.58,4.15,0.68,2.05,22485201591.600002
2010-08-31,17.05,17.19,17.35,16.91,70115,120262233.0,2.58,0.82,0.14,1.62,22669830812.88
2010-09-02,17.2,17.47,17.76,16.98,102063,177696058.0,4.54,1.63,0.28,2.36,23039089255.44
2010-09-03,17.43,17.45,17.85,17.41,93888,165464800.0,2.52,-0.11,-0.02,2.17,23012713652.399998
2010-09-06,17.46,17.09,17.6,16.9,66790,114554659.0,4.01,-2.06,-0.36,1.55,22537952797.68
2010-09-07,17.09,17.18,17.49,17.05,39166,67508030.0,2.57,0.53,0.09,0.91,22656643011.36
2010-09-08,17.12,17.41,17.45,16.85,63203,108467891.0,3.49,1.34,0.23,1.46,22959962446.32
2010-09-09,17.45,18.68,19.05,17.45,197933,366963415.0,9.19,7.29,1.27,4.58,24634813239.36
2010-09-10,18.5,18.52,18.74,17.83,97856,179513629.0,4.87,-0.86,-0.16,2.27,24423808415.04
2010-09-13,18.5,19.7,19.85,18.5,145692,281969790.0,7.29,6.37,1.18,3.37,25979968994.399998
2010-09-14,19.74,20.44,21.37,19.6,225844,464682953.0,8.98,3.76,0.74,5.23,26955866306.88
2010-09-15,20.5,20.12,20.85,20.01,98111,199591435.0,4.11,-1.57,-0.32,2.27,26533856658.24
2010-09-16,20.1,19.37,20.16,18.87,104369,201274988.0,6.41,-3.73,-0.75,2.42,25544771544.24
2010-09-17,19.45,19.5,19.6,19.0,54199,104975269.0,3.1,0.67,0.13,1.26,25716212964.0
2010-09-20,19.49,19.1,19.49,18.67,51117,97644966.0,4.21,-2.05,-0.4,1.18,25188700903.2
2010-09-21,19.08,19.29,19.45,18.95,35411,68070391.0,2.62,0.99,0.19,0.82,25439269132.079998
2010-09-27,19.27,20.81,20.82,19.27,75280,153073683.0,8.04,7.88,1.52,1.74,27443814963.12
2010-09-28,20.74,20.56,20.87,20.35,56204,115656928.0,2.5,-1.2,-0.25,1.3,27114119925.12
2010-09-29,20.45,20.16,21.5,19.88,67964,141300786.0,7.88,-1.95,-0.4,1.57,26586607864.32
2010-09-30,19.98,20.53,20.77,19.82,43614,89140044.0,4.71,1.84,0.37,1.01,27074556520.56
2010-10-08,21.0,21.0,21.21,20.5,75459,157578914.0,3.46,2.29,0.47,1.75,27694383192.0
2010-10-11,21.01,20.29,21.54,20.08,86416,178761956.0,6.95,-3.38,-0.71,2.0,26758049284.079998
2010-10-12,20.25,19.24,20.25,19.0,143958,279960067.0,6.16,-5.17,-1.05,3.33,25373330124.48
2010-10-13,19.3,19.0,19.74,18.97,107392,206125059.0,4.0,-1.25,-0.24,2.49,25056822888.0
2010-10-14,19.0,19.1,19.35,18.73,100015,190712232.0,3.26,0.53,0.1,2.32,25188700903.2
2010-10-15,19.07,19.32,19.66,18.98,74133,143007627.0,3.56,1.15,0.22,1.72,25478832536.64
2010-10-18,19.36,18.01,19.51,17.77,100536,183423952.0,9.01,-6.78,-1.31,2.33,23751230537.52
2010-10-19,18.0,18.74,18.99,18.0,59252,110555841.0,5.5,4.05,0.73,1.37,24713940048.48
2010-10-20,18.5,19.02,19.59,18.16,76562,145834865.0,7.63,1.49,0.28,1.77,25083198491.04
2010-10-21,19.16,18.92,19.27,18.78,64020,121181232.0,2.58,-0.53,-0.1,1.48,24951320475.840004
2010-10-22,18.7,18.64,19.09,18.5,73630,137566290.0,3.12,-1.48,-0.28,1.71,24582062033.280003
2010-10-25,18.85,19.73,19.83,18.68,108088,209448188.0,6.17,5.85,1.09,2.5,26019532398.96
2010-10-26,19.79,19.58,19.91,19.23,104369,203031559.0,3.45,-0.76,-0.15,2.42,25821715376.159996
2010-10-27,19.69,18.99,19.76,18.93,75383,146018033.0,4.24,-3.01,-0.59,1.75,25043635086.48
2010-10-28,18.96,18.93,19.35,18.91,45936,87549708.0,2.32,-0.32,-0.06,1.06,24964508277.36
2010-10-29,18.82,19.16,19.42,18.8,52162,100019219.0,3.28,1.22,0.23,1.21,25267827712.32
2010-11-01,19.19,20.19,20.49,18.83,133641,264950044.0,8.66,5.38,1.03,3.1,26626171268.88
2010-11-02,20.23,20.57,20.92,20.1,141988,291624776.0,4.06,1.88,0.38,3.29,27127307726.64
2010-11-03,20.7,19.77,20.8,19.7,93835,189208125.0,5.35,-3.89,-0.8,2.17,26072283605.04
2010-11-04,19.7,21.06,21.39,19.5,161502,331258532.0,9.56,6.53,1.29,3.74,27773510001.12
2010-11-05,21.09,22.03,22.07,21.08,172786,374653951.0,4.7,4.61,0.97,4.0,29052726748.56
2010-11-08,22.31,23.89,24.18,21.79,178954,403725606.0,10.85,8.44,1.86,4.14,31505657831.280003
2010-11-09,23.5,23.89,24.2,22.8,214557,502410071.0,5.86,0.0,0.0,4.97,31505657831.280003
2010-11-10,23.57,23.03,23.79,23.0,127323,296758268.0,3.31,-3.6,-0.86,2.95,30371506900.56
2010-11-11,22.86,22.58,23.3,22.5,106199,243724585.0,3.47,-1.95,-0.45,2.46,29778055832.159996
2010-11-12,22.1,20.6,22.5,20.38,112533,242681607.0,9.39,-8.77,-1.98,2.61,27166871131.2
2010-11-15,20.6,21.91,22.05,20.29,90795,192123847.0,8.54,6.36,1.31,2.1,28894473130.32
2010-11-16,21.8,21.87,22.39,21.15,119649,260708652.0,5.66,-0.18,-0.04,2.77,28841721924.24
2010-11-17,21.16,21.32,22.5,21.16,100446,219229760.0,6.13,-2.51,-0.55,2.33,28116392840.64
2010-11-18,21.34,21.56,22.3,20.51,74492,157747055.0,8.4,1.13,0.24,1.73,28432900077.12
2010-11-19,21.65,23.53,23.67,21.0,167793,379173146.0,12.38,9.14,1.97,3.89,31030896976.56
2010-11-22,23.55,24.99,25.6,23.28,252634,621452638.0,9.86,6.2,1.46,5.85,32956315998.48
2010-11-23,24.69,24.2,25.75,23.65,142743,350942023.0,8.4,-3.16,-0.79,3.31,31914479678.399998
2010-11-24,23.88,24.7,25.05,23.6,107413,262801590.0,5.99,2.07,0.5,2.49,32573869754.399998
2010-11-25,24.72,24.05,24.98,23.79,85743,208100141.0,4.82,-2.63,-0.65,1.99,31716662655.600002
2010-11-26,24.05,24.16,24.48,23.5,61156,146178992.0,4.07,0.46,0.11,1.42,31861728472.32
2010-11-29,24.25,25.02,25.06,23.68,85725,209960421.0,5.71,3.56,0.86,1.99,32995879403.04
2010-11-30,24.9,23.86,25.24,22.99,86829,208540198.0,8.99,-4.64,-1.16,2.01,31466094426.719997
2010-12-01,23.74,23.73,24.26,23.52,33645,80397273.0,3.1,-0.54,-0.13,0.78,31294653006.96
2010-12-02,24.05,23.73,24.2,23.56,46651,111309990.0,2.7,0.0,0.0,1.08,31294653006.96
2010-12-03,23.7,23.49,24.0,23.34,28065,66110878.0,2.78,-1.01,-0.24,0.65,30978145770.48
2010-12-13,25.39,24.22,25.4,23.8,92901,226423202.0,6.81,3.11,0.73,2.15,31940855281.44
2010-12-14,24.3,26.38,26.57,24.3,146106,371607914.0,9.37,8.92,2.16,3.38,34789420409.76
2010-12-15,26.0,25.58,26.23,25.43,95635,245494949.0,3.03,-3.03,-0.8,2.22,33734396288.159996
2010-12-16,25.55,25.42,25.78,25.22,48306,122981624.0,2.19,-0.63,-0.16,1.12,33523391463.840004
2010-12-17,25.5,25.92,26.0,25.22,69675,178691987.0,3.07,1.97,0.5,1.61,34182781539.840004
2010-12-20,25.9,25.07,26.1,24.08,58924,147902681.0,7.79,-3.28,-0.85,1.36,33061818410.64
2010-12-21,24.81,24.98,25.48,24.49,57804,144320664.0,3.95,-0.36,-0.09,1.34,32943128196.96
2010-12-22,25.0,24.36,25.0,24.0,52972,129168163.0,4.0,-2.48,-0.62,1.23,32125484502.719997
2010-12-23,24.02,22.92,24.36,22.5,104675,243038895.0,7.64,-5.91,-1.44,2.42,30226441083.840004
2010-12-24,23.03,22.83,23.32,22.5,56219,129061587.0,3.58,-0.39,-0.09,1.3,30107750870.159996
2010-12-27,22.73,21.91,22.95,21.8,60794,136693670.0,5.04,-4.03,-0.92,1.41,28894473130.32
2010-12-28,21.9,21.4,21.91,21.38,39392,85520418.0,2.42,-2.33,-0.51,0.91,28221895252.8
2010-12-29,21.5,22.08,22.1,21.12,24028,52244267.0,4.58,3.18,0.68,0.56,29118665756.159996
2010-12-30,22.0,22.26,22.8,21.91,44874,100665021.0,4.03,0.82,0.18,1.04,29356046183.52
2010-12-31,22.28,22.81,22.9,22.28,34524,78234638.0,2.79,2.47,0.55,0.8,30081375267.12
2011-01-04,23.0,23.39,23.5,22.72,41293,96022267.0,3.42,2.54,0.58,0.96,30846267755.280003
2011-01-05,23.17,23.38,23.65,23.01,53350,124421932.0,2.74,-0.04,-0.01,1.24,30833079953.76
2011-01-06,23.91,23.19,24.59,23.17,88245,210098097.0,6.07,-0.81,-0.19,2.04,30582511724.88
2011-01-07,23.0,22.8,23.2,22.36,39392,90158328.0,3.62,-1.68,-0.39,0.91,30068187465.600002
2011-01-10,22.79,21.98,23.13,21.6,35664,80264424.0,6.71,-3.6,-0.82,0.83,28986787740.96
2011-01-11,21.98,20.92,21.98,20.81,58699,123993088.0,5.32,-4.82,-1.06,1.36,27588880779.840004
2011-01-12,20.98,21.36,21.5,20.78,29919,63216389.0,3.44,2.1,0.44,0.69,28169144046.719997
2011-01-13,21.5,21.09,21.59,20.88,22165,46655877.0,3.32,-1.26,-0.27,0.51,27813073405.68
2011-01-14,21.0,20.17,21.0,20.1,33144,67569638.0,4.27,-4.36,-0.92,0.77,26599795665.840004
2011-01-17,20.06,19.4,20.3,19.36,31212,61179848.0,4.66,-3.82,-0.77,0.72,25584334948.8
2011-01-18,19.35,19.35,19.76,19.23,23489,45728289.0,2.73,-0.26,-0.05,0.54,25518395941.2
2011-01-19,19.5,21.13,21.29,19.3,76334,157539922.0,10.28,9.2,1.78,1.77,27865824611.76
2011-01-20,21.14,20.22,21.14,20.13,32643,67063946.0,4.78,-4.31,-0.91,0.76,26665734673.44
2011-01-21,20.2,21.0,21.25,20.05,41020,85831971.0,5.93,3.86,0.78,0.95,27694383192.0
2011-01-24,20.9,21.84,21.97,20.71,50753,108916032.0,6.0,4.0,0.84,1.18,28802158519.68
2011-01-25,21.54,20.93,21.75,20.78,44127,93216148.0,4.44,-4.17,-0.91,1.02,27602068581.36
2011-01-26,20.89,21.77,21.89,20.8,37417,80205037.0,5.21,4.01,0.84,0.87,28709843909.04
2011-01-27,21.7,21.84,22.15,21.3,28030,61242238.0,3.9,0.32,0.07,0.65,28802158519.68
2011-01-28,21.86,21.68,22.0,21.52,17376,37732229.0,2.2,-0.73,-0.16,0.4,28591153695.36
2011-01-31,21.6,21.76,21.8,21.28,17636,38062867.0,2.4,0.37,0.08,0.41,28696656107.52
2011-02-01,21.98,21.9,21.98,21.5,16329,35561059.0,2.21,0.64,0.14,0.38,28881285328.8
2011-02-09,21.52,22.18,22.35,21.52,31832,70477236.0,3.79,1.28,0.28,0.74,29250543771.36
2011-02-10,22.15,22.11,22.35,21.81,32918,72403766.0,2.43,-0.32,-0.07,0.76,29158229160.719997
2011-02-11,21.96,22.59,22.65,21.96,35842,80158135.0,3.12,2.17,0.48,0.83,29791243633.68
2011-02-14,22.61,22.7,22.82,22.27,44871,101218198.0,2.43,0.49,0.11,1.04,29936309450.399998
2011-02-15,22.59,22.49,23.12,22.45,51852,118062894.0,2.95,-0.93,-0.21,1.2,29659365618.48
2011-02-16,22.45,22.15,22.53,22.08,53232,118242063.0,2.0,-1.51,-0.34,1.23,29210980366.8
2011-02-17,22.2,22.31,22.72,22.14,65307,145942838.0,2.62,0.72,0.16,1.51,29421985191.12
2011-02-18,22.3,21.49,22.3,21.3,49616,107583590.0,4.48,-3.68,-0.82,1.15,28340585466.48
2011-02-21,21.29,21.76,21.83,21.29,33248,71918663.0,2.51,1.26,0.27,0.77,28696656107.52
2011-02-22,21.82,21.67,22.32,21.66,60240,132694295.0,3.03,-0.41,-0.09,1.4,28577965893.840004
2011-02-23,21.6,21.91,21.95,21.4,30339,65793848.0,2.54,1.11,0.24,0.7,28894473130.32
2011-02-24,21.91,22.32,22.55,21.81,50062,111351855.0,3.38,1.87,0.41,1.16,29435172992.64
2011-02-25,22.5,22.36,22.65,22.16,56448,126217146.0,2.2,0.18,0.04,1.31,29487924198.719997
2011-02-28,22.36,23.51,23.72,22.16,112308,258626583.0,6.98,5.14,1.15,2.6,31004521373.52
2011-03-01,23.49,24.19,24.21,23.4,118571,281545263.0,3.45,2.89,0.68,2.75,31901291876.88
2011-03-02,24.5,23.82,24.61,22.88,133964,317449066.0,7.15,-1.53,-0.37,3.1,31413343220.64
2011-03-03,23.59,22.56,23.65,22.42,109630,251240579.0,5.16,-5.29,-1.26,2.54,29751680229.12
2011-03-04,22.53,22.4,22.7,22.01,76832,171286760.0,3.06,-0.71,-0.16,1.78,29540675404.8
2011-03-07,22.4,22.77,23.18,22.31,58856,133535333.0,3.88,1.65,0.37,1.36,30028624061.04
2011-03-08,22.68,22.75,22.77,22.3,40347,90700348.0,2.06,-0.09,-0.02,0.93,30002248458.0
2011-03-09,22.72,22.55,22.88,22.3,33941,76488306.0,2.55,-0.88,-0.2,0.79,29738492427.600002
2011-03-10,22.55,21.99,22.55,21.89,56280,124420823.0,2.93,-2.48,-0.56,1.3,28999975542.48
2011-03-11,21.8,22.23,22.68,21.71,50587,112344587.0,4.41,1.09,0.24,1.17,29316482778.96
2011-03-14,22.26,22.12,22.28,21.93,35376,78053019.0,1.57,-0.49,-0.11,0.82,29171416962.24
2011-03-15,22.03,21.0,22.1,20.88,84121,178167505.0,5.52,-5.06,-1.12,1.95,27694383192.0
2011-03-16,21.04,21.28,21.35,20.95,79687,168275597.0,1.9,1.33,0.28,1.85,28063641634.56
2011-03-17,21.1,21.29,21.79,20.83,64327,137605060.0,4.51,0.05,0.01,1.49,28076829436.079998
2011-03-18,21.38,21.68,21.75,21.38,41057,88654186.0,1.74,1.83,0.39,0.95,28591153695.36
2011-03-21,21.63,21.74,22.28,21.55,63436,138986293.0,3.37,0.28,0.06,1.47,28670280504.48
2011-03-22,22.0,22.27,22.3,21.65,61005,134331550.0,2.99,2.44,0.53,1.41,29369233985.04
2011-03-23,22.68,22.58,22.8,22.28,82365,186080510.0,2.33,1.39,0.31,1.91,29778055832.159996
2011-03-24,22.58,23.2,23.37,22.51,107094,247399398.0,3.81,2.75,0.62,2.48,30595699526.399998
2011-03-25,23.27,22.89,23.68,22.8,127568,294743763.0,3.79,-1.34,-0.31,2.95,30186877679.280003
2011-03-28,23.19,22.18,23.2,22.02,85138,192206063.0,5.16,-3.1,-0.71,1.97,29250543771.36
2011-03-29,22.2,21.86,22.38,21.84,57049,126154512.0,2.43,-1.44,-0.32,1.32,28828534122.719997
2011-03-30,21.75,21.81,22.0,21.48,26056,56633939.0,2.38,-0.23,-0.05,0.6,28762595115.12
2011-03-31,21.89,22.11,22.31,21.71,34770,76689447.0,2.75,1.38,0.3,0.81,29158229160.719997
2011-04-06,21.4,19.94,21.45,19.9,192554,388523271.0,7.01,-9.81,-2.17,4.46,26296476230.88
2011-04-07,19.7,18.96,19.7,18.2,161171,302795644.0,7.52,-4.91,-0.98,3.73,25004071681.920002
2011-04-08,18.67,19.33,19.38,18.5,89623,170976950.0,4.64,1.95,0.37,2.08,25492020338.159996
2011-04-11,19.33,19.12,19.48,19.01,65375,125513903.0,2.43,-1.09,-0.21,1.51,25215076506.24
2011-04-12,19.08,18.89,19.24,18.8,52633,100296956.0,2.3,-1.2,-0.23,1.22,24911757071.280003
2011-04-13,18.88,19.09,19.24,18.75,48176,91870835.0,2.59,1.06,0.2,1.12,25175513101.68
2011-04-14,19.14,19.04,19.29,18.9,50556,96328215.0,2.04,-0.26,-0.05,1.17,25109574094.079998
2011-04-18,19.11,18.75,19.13,18.67,52840,99431479.0,2.42,-1.52,-0.29,1.22,24727127850.0
2011-04-19,18.8,18.82,18.97,18.27,51505,95605572.0,3.73,0.37,0.07,1.19,24819442460.64
2011-04-20,18.83,19.28,19.34,18.68,58495,112240687.0,3.51,2.44,0.46,1.35,25426081330.56
2011-04-21,19.35,19.23,19.47,19.2,40918,79122645.0,1.4,-0.26,-0.05,0.95,25360142322.96
2011-04-22,19.26,19.22,19.44,19.21,32760,63251564.0,1.2,-0.05,-0.01,0.76,25346954521.44
2011-04-25,19.25,19.2,19.4,19.15,29940,57678076.0,1.3,-0.1,-0.02,0.69,25320578918.399998
2011-04-26,19.28,18.78,19.29,18.63,28096,53008469.0,3.44,-2.19,-0.42,0.65,24766691254.56
2011-04-27,18.96,18.6,19.0,18.4,22468,42056899.0,3.19,-0.96,-0.18,0.52,24529310827.2
2011-04-28,18.7,17.88,18.7,17.73,32089,58241693.0,5.22,-3.87,-0.72,0.74,23579789117.76
2011-04-29,17.55,17.98,18.08,17.55,17247,30859022.0,2.96,0.56,0.1,0.4,23711667132.96
2011-05-03,18.08,18.48,18.5,17.7,18031,32747344.0,4.45,2.78,0.5,0.42,24371057208.96
2011-05-04,18.99,19.28,19.98,18.69,85971,166568296.0,6.98,4.33,0.8,1.99,25426081330.56
2011-05-05,19.25,19.14,19.43,18.9,29363,56338809.0,2.75,-0.73,-0.14,0.68,25241452109.280003
2011-05-06,19.0,19.41,19.43,18.79,35534,68337158.0,3.34,1.41,0.27,0.82,25597522750.32
2011-05-09,19.67,19.11,19.67,19.09,43339,83623962.0,2.99,-1.55,-0.3,1.0,25201888704.719997
2011-05-10,9.51,9.68,9.75,9.21,43904,42202183.0,2.83,-49.35,-9.43,0.51,12765791871.359999
2011-05-11,9.48,9.29,9.57,9.19,89865,83911273.0,3.93,-4.03,-0.39,1.04,12251467612.079998
2011-05-12,9.2,9.05,9.28,9.01,59250,54075840.0,2.91,-2.58,-0.24,0.69,11934960375.6
2011-05-13,9.04,9.09,9.19,8.97,36887,33465605.0,2.43,0.44,0.04,0.43,11987711581.68
2011-05-16,9.09,9.15,9.2,8.9,91680,82918654.0,3.3,0.66,0.06,1.06,12066838390.800001
2011-05-17,9.13,9.0,9.14,8.89,54284,48860959.0,2.73,-1.64,-0.15,0.63,11869021368.0
2011-05-18,8.92,9.06,9.09,8.91,41464,37369010.0,2.0,0.67,0.06,0.48,11948148177.12
2011-05-19,9.06,9.1,9.18,9.01,56898,51744709.0,1.88,0.44,0.04,0.66,12000899383.199999
2011-05-20,9.04,8.94,9.14,8.9,47712,42883266.0,2.64,-1.76,-0.16,0.55,11789894558.88
2011-05-23,8.94,8.25,8.96,8.11,91600,77724542.0,9.51,-7.72,-0.69,1.06,10879936254.0
2011-05-24,8.21,8.31,8.35,7.9,46879,38345661.0,5.45,0.73,0.06,0.54,10959063063.12
2011-05-25,8.33,8.11,8.33,8.08,31850,26010766.0,3.01,-2.41,-0.2,0.37,10695307032.72
2011-05-26,8.12,7.98,8.22,7.97,32066,25885538.0,3.08,-1.6,-0.13,0.37,10523865612.960001
2011-05-27,7.98,7.7,8.07,7.64,53310,41463380.0,5.39,-3.51,-0.28,0.62,10154607170.4
2011-05-30,7.68,7.59,7.77,7.56,29212,22402973.0,2.73,-1.43,-0.11,0.34,10009541353.68
2011-05-31,7.59,7.94,7.95,7.56,43258,33550516.0,5.14,4.61,0.35,0.5,10471114406.880001
2011-06-01,7.97,7.84,7.97,7.8,44874,35323558.0,2.14,-1.26,-0.1,0.52,10339236391.68
2011-06-02,7.77,7.91,7.92,7.7,35826,27981835.0,2.81,0.89,0.07,0.41,10431551002.32
2011-06-03,7.91,7.93,8.06,7.86,41825,33238530.0,2.53,0.25,0.02,0.48,10457926605.359999
2011-06-07,7.97,7.89,7.97,7.86,32675,25822240.0,1.39,-0.5,-0.04,0.38,10405175399.279999
2011-06-08,7.89,7.85,7.93,7.77,31500,24665914.0,2.03,-0.51,-0.04,0.36,10352424193.199999
2011-06-09,7.82,7.79,7.92,7.77,31413,24636802.0,1.91,-0.76,-0.06,0.36,10273297384.08
2011-06-10,7.8,7.69,7.81,7.58,39884,30500652.0,2.95,-1.28,-0.1,0.46,10141419368.880001
2011-06-13,7.9,7.99,8.18,7.85,97403,78000048.0,4.29,3.9,0.3,1.13,10537053414.48
2011-06-14,7.81,7.97,8.02,7.81,67143,53280135.0,2.63,-0.25,-0.02,0.78,10510677811.44
2011-06-15,7.94,7.83,7.98,7.82,36806,29074056.0,2.01,-1.76,-0.14,0.43,10326048590.16
2011-06-16,7.83,7.59,7.85,7.57,56455,43354999.0,3.58,-3.07,-0.24,0.65,10009541353.68
2011-06-20,7.5,7.51,7.62,7.45,29505,22182798.0,2.24,-1.05,-0.08,0.34,9904038941.52
2011-06-21,7.51,7.59,7.64,7.51,20130,15233454.0,1.73,1.07,0.08,0.23,10009541353.68
2011-06-22,7.61,7.54,7.63,7.53,19438,14705405.0,1.32,-0.66,-0.05,0.23,9943602346.08
2011-06-23,7.59,7.68,7.72,7.47,41079,31319645.0,3.32,1.86,0.14,0.48,10128231567.359999
2011-06-24,7.68,7.86,7.94,7.63,81361,63681761.0,4.04,2.34,0.18,0.94,10365611994.720001
2011-06-27,7.89,8.44,8.64,7.88,166100,137758591.0,9.67,7.38,0.58,1.92,11130504482.88
2011-06-28,8.44,8.35,8.45,8.26,91847,76584193.0,2.25,-1.07,-0.09,1.06,11011814269.199999
2011-06-29,8.4,8.22,8.47,8.2,71914,59999942.0,3.23,-1.56,-0.13,0.83,10840372849.44
2011-06-30,8.22,8.33,8.39,8.21,51618,43042914.0,2.19,1.34,0.11,0.6,10985438666.16
2011-07-01,8.38,8.28,8.4,8.24,55188,45859680.0,1.92,-0.6,-0.05,0.64,10919499658.56
2011-07-04,8.32,8.51,8.59,8.32,95111,80236935.0,3.26,2.78,0.23,1.1,11222819093.52
2011-07-05,8.52,8.55,8.65,8.44,84003,71856065.0,2.47,0.47,0.04,0.97,11275570299.6
2011-07-06,8.55,8.79,8.85,8.42,105354,90998986.0,5.03,2.81,0.24,1.22,11592077536.079998
2011-07-07,8.76,8.68,8.88,8.65,86080,75227015.0,2.62,-1.25,-0.11,1.0,11447011719.359999
2011-07-08,8.67,8.64,8.67,8.51,60864,52235396.0,1.84,-0.46,-0.04,0.7,11394260513.28
2011-07-11,8.6,8.74,8.86,8.51,65477,57258955.0,4.05,1.16,0.1,0.76,11526138528.48
2011-07-12,8.65,8.86,9.04,8.61,141283,125856363.0,4.92,1.37,0.12,1.64,11684392146.72
2011-07-13,8.8,8.95,8.98,8.78,69875,62210111.0,2.26,1.02,0.09,0.81,11803082360.4
2011-07-14,8.9,9.19,9.22,8.9,129564,118170367.0,3.58,2.68,0.24,1.5,12119589596.88
2011-07-15,9.16,9.49,9.55,9.13,147351,138711666.0,4.57,3.26,0.3,1.71,12515223642.48
2011-07-18,9.52,10.13,10.32,9.52,292915,290757154.0,8.43,6.74,0.64,3.39,13359242939.76
2011-07-19,10.15,9.88,10.15,9.72,160074,158614417.0,4.24,-2.47,-0.25,1.85,13029547901.76
2011-07-20,9.78,9.73,9.97,9.63,96606,94469107.0,3.44,-1.52,-0.15,1.12,12831730878.960001
2011-07-21,9.7,9.39,9.78,9.38,88175,83831700.0,4.11,-3.49,-0.34,1.02,12383345627.28
2011-07-22,9.41,9.71,9.87,9.41,124151,120379850.0,4.9,3.41,0.32,1.44,12805355275.920002
2011-07-25,9.52,9.25,9.71,9.15,97766,92391449.0,5.77,-4.74,-0.46,1.13,12198716406.0
2011-07-26,9.2,9.27,9.39,9.06,60435,55598907.0,3.57,0.22,0.02,0.7,12225092009.039999
2011-07-27,9.25,9.86,9.97,9.1,165960,161032893.0,9.39,6.36,0.59,1.92,13003172298.72
2011-07-28,9.7,9.6,9.93,9.41,143031,138777592.0,5.27,-2.64,-0.26,1.66,12660289459.199999
2011-07-29,9.58,9.61,9.7,9.3,85200,81148016.0,4.17,0.1,0.01,0.99,12673477260.72
2011-08-01,9.5,10.01,10.16,9.43,246572,243418225.0,7.6,4.16,0.4,2.86,13200989321.52
2011-08-02,10.03,9.7,10.27,9.66,328207,325336254.0,6.09,-3.1,-0.31,3.8,12792167474.4
2011-08-03,9.88,9.64,9.88,9.55,131429,127334023.0,3.4,-0.62,-0.06,1.52,12713040665.28
2011-08-04,9.6,9.54,9.7,9.49,86446,82813231.0,2.18,-1.04,-0.1,1.0,12581162650.079998
2011-08-05,9.24,9.2,9.45,9.01,95391,88098251.0,4.61,-3.56,-0.34,1.1,12132777398.4
2011-08-09,8.32,8.65,8.76,8.28,164990,140129950.0,5.22,-5.98,-0.55,1.91,11407448314.800001
2011-08-10,8.88,8.57,8.93,8.51,119576,104460347.0,4.86,-0.92,-0.08,1.38,11301945902.640001
2011-08-11,8.39,8.74,8.8,8.3,89518,76881660.0,5.83,1.98,0.17,1.04,11526138528.48
2011-08-12,8.8,8.83,8.94,8.7,108837,96321098.0,2.75,1.03,0.09,1.26,11644828742.16
2011-08-15,8.86,9.06,9.2,8.81,118771,107010982.0,4.42,2.6,0.23,1.38,11948148177.12
2011-08-17,9.0,8.82,9.05,8.78,100445,89006095.0,2.98,-2.65,-0.24,1.16,11631640940.640001
2011-08-18,8.83,8.6,8.83,8.57,72562,62932623.0,2.95,-2.49,-0.22,0.84,11341509307.199999
2011-08-19,8.34,8.55,8.63,8.31,58121,49515023.0,3.72,-0.58,-0.05,0.67,11275570299.6
2011-08-22,8.55,8.41,8.8,8.35,61847,52686751.0,5.26,-1.64,-0.14,0.72,11090941078.32
2011-08-23,8.45,8.56,8.59,8.39,45409,38508152.0,2.38,1.78,0.15,0.53,11288758101.12
2011-08-24,8.64,8.51,8.77,8.47,54445,46876940.0,3.5,-0.58,-0.05,0.63,11222819093.52
2011-08-25,8.51,8.73,8.76,8.47,80924,69851829.0,3.41,2.59,0.22,0.94,11512950726.960001
2011-08-26,8.7,8.7,8.74,8.6,45747,39725557.0,1.6,-0.34,-0.03,0.53,11473387322.4
2011-08-29,8.66,8.5,8.66,8.48,52716,45118887.0,2.07,-2.3,-0.2,0.61,11209631292.0
2011-08-30,8.58,8.38,8.64,8.35,62107,52778036.0,3.41,-1.41,-0.12,0.72,11051377673.76
2011-08-31,8.39,8.23,8.4,8.18,59307,49120222.0,2.63,-1.79,-0.15,0.69,10853560650.960001
2011-09-01,8.26,8.2,8.32,8.13,42395,34788709.0,2.31,-0.36,-0.03,0.49,10813997246.4
2011-09-02,8.2,8.12,8.25,8.05,35874,29144881.0,2.44,-0.98,-0.08,0.42,10708494834.24
2011-09-05,8.11,7.89,8.11,7.8,53091,41901102.0,3.82,-2.83,-0.23,0.61,10405175399.279999
2011-09-06,7.83,7.9,7.98,7.77,29976,23524696.0,2.66,0.13,0.01,0.35,10418363200.800001
2011-09-07,7.95,8.01,8.03,7.83,80349,63764365.0,2.53,1.39,0.11,0.93,10563429017.52
2011-09-08,8.05,7.8,8.09,7.78,57827,45868660.0,3.87,-2.62,-0.21,0.67,10286485185.6
2011-09-09,7.78,7.74,7.88,7.68,40535,31491986.0,2.56,-0.77,-0.06,0.47,10207358376.48
2011-09-13,7.65,7.92,7.98,7.6,52074,40798198.0,4.91,2.33,0.18,0.6,10444738803.84
2011-09-14,7.89,8.02,8.04,7.84,40480,32150992.0,2.53,1.26,0.1,0.47,10576616819.039999
2011-09-15,8.05,8.05,8.22,8.02,62477,50830602.0,2.49,0.37,0.03,0.72,10616180223.6
2011-09-16,8.1,8.04,8.16,8.0,30167,24390541.0,1.99,-0.12,-0.01,0.35,10602992422.079998
2011-09-19,8.01,7.85,8.03,7.8,27560,21741161.0,2.86,-2.36,-0.19,0.32,10352424193.199999
2011-09-20,7.8,7.9,7.96,7.75,24108,19029867.0,2.68,0.64,0.05,0.28,10418363200.800001
2011-09-21,7.93,8.16,8.19,7.86,57245,46379275.0,4.18,3.29,0.26,0.66,10761246040.32
2011-09-22,8.1,7.93,8.19,7.91,44129,35627117.0,3.43,-2.82,-0.23,0.51,10457926605.359999
2011-09-23,7.8,7.89,8.01,7.71,36330,28578129.0,3.78,-0.5,-0.04,0.42,10405175399.279999
2011-09-26,7.92,7.76,7.97,7.72,30078,23504053.0,3.17,-1.65,-0.13,0.35,10233733979.52
2011-09-27,7.8,7.82,7.89,7.74,25197,19687967.0,1.93,0.77,0.06,0.29,10312860788.640001
2011-09-28,7.9,7.9,7.97,7.81,32923,25954746.0,2.05,1.02,0.08,0.38,10418363200.800001
2011-09-29,7.87,7.67,7.9,7.66,35442,27559237.0,3.04,-2.91,-0.23,0.41,10115043765.84
2011-09-30,7.69,7.79,7.8,7.56,21651,16568275.0,3.13,1.56,0.12,0.25,10273297384.08
2011-10-10,7.8,7.86,7.88,7.73,24907,19472009.0,1.93,0.9,0.07,0.29,10365611994.720001
2011-10-11,8.02,7.98,8.09,7.86,47204,37606003.0,2.93,1.53,0.12,0.55,10523865612.960001
2011-10-12,7.99,8.29,8.3,7.85,90616,73991303.0,5.64,3.88,0.31,1.05,10932687460.079998
2011-10-14,8.28,8.24,8.47,8.19,82864,68926905.0,3.38,-0.6,-0.05,0.96,10866748452.48
2011-10-17,8.3,8.27,8.3,8.14,42097,34657712.0,1.94,0.36,0.03,0.49,10906311857.039999
2011-10-18,8.37,8.13,8.53,8.1,108540,90932667.0,5.2,-1.69,-0.14,1.26,10721682635.76
2011-10-19,8.13,8.31,8.35,8.07,62684,51635353.0,3.44,2.21,0.18,0.73,10959063063.12
2011-10-20,8.29,8.17,8.29,8.08,60314,49206404.0,2.53,-1.68,-0.14,0.7,10774433841.84
2011-10-21,8.14,8.09,8.22,8.01,28657,23255506.0,2.57,-0.98,-0.08,0.33,10668931429.68
2011-10-24,8.11,8.23,8.24,7.75,57773,46530857.0,6.06,1.73,0.14,0.67,10853560650.960001
2011-10-25,8.25,8.41,8.45,8.12,74936,62405407.0,4.01,2.19,0.18,0.87,11090941078.32
2011-10-26,8.32,8.54,8.63,8.3,120139,101918596.0,3.92,1.55,0.13,1.39,11262382498.079998
2011-10-27,8.54,8.46,8.63,8.38,63741,54124288.0,2.93,-0.94,-0.08,0.74,11156880085.920002
2011-10-28,8.55,8.6,8.66,8.43,99094,84735346.0,2.72,1.65,0.14,1.15,11341509307.199999
2011-10-31,8.67,8.63,8.7,8.53,59817,51529498.0,1.98,0.35,0.03,0.69,11381072711.76
2011-11-01,8.5,8.52,8.64,8.45,63463,54179712.0,2.2,-1.27,-0.11,0.73,11236006895.039999
2011-11-02,8.4,8.64,8.65,8.28,85136,71985620.0,4.34,1.41,0.12,0.99,11394260513.28
2011-11-03,8.72,8.86,9.3,8.72,260100,235242562.0,6.71,2.55,0.22,3.01,11684392146.72
2011-11-04,8.98,8.95,9.1,8.86,120398,108060631.0,2.71,1.02,0.09,1.39,11803082360.4
2011-11-07,8.96,8.85,9.03,8.83,70333,62672989.0,2.23,-1.12,-0.1,0.81,11671204345.199999
2011-11-08,8.82,8.71,8.88,8.66,70300,61537772.0,2.49,-1.58,-0.14,0.81,11486575123.920002
2011-11-09,8.74,9.03,9.04,8.74,108442,96614452.0,3.44,3.67,0.32,1.26,11908584772.56
2011-11-10,8.93,8.96,9.19,8.87,100646,90942722.0,3.54,-0.78,-0.07,1.17,11816270161.920002
2011-11-11,8.98,8.91,9.07,8.82,60969,54236782.0,2.79,-0.56,-0.05,0.71,11750331154.32
2011-11-15,9.15,9.04,9.17,8.96,87607,79248067.0,2.36,1.46,0.13,1.01,11921772574.079998
2011-11-16,9.03,8.73,9.03,8.71,82517,72860884.0,3.54,-3.43,-0.31,0.96,11512950726.960001
2011-11-17,8.8,8.81,8.88,8.65,65068,57022405.0,2.63,0.92,0.08,0.75,11618453139.12
2011-11-18,8.7,8.51,8.74,8.5,55460,47577708.0,2.72,-3.41,-0.3,0.64,11222819093.52
2011-11-21,8.55,8.55,8.6,8.41,33093,28083497.0,2.23,0.47,0.04,0.38,11275570299.6
2011-11-22,8.45,8.51,8.53,8.41,33579,28442148.0,1.4,-0.47,-0.04,0.39,11222819093.52
2011-11-23,8.56,8.44,8.65,8.4,49179,41896082.0,2.94,-0.82,-0.07,0.57,11130504482.88
2011-11-24,8.39,8.3,8.42,8.2,41927,34822283.0,2.61,-1.66,-0.14,0.49,10945875261.6
2011-11-25,8.29,8.27,8.38,8.24,19913,16539194.0,1.69,-0.36,-0.03,0.23,10906311857.039999
2011-11-28,8.27,8.17,8.35,8.13,37555,30805892.0,2.66,-1.21,-0.1,0.43,10774433841.84
2011-11-29,8.34,8.35,8.36,8.23,35425,29413445.0,1.59,2.2,0.18,0.41,11011814269.199999
2011-11-30,8.35,8.03,8.35,7.88,54923,44410864.0,5.63,-3.83,-0.32,0.64,10589804620.56
2011-12-01,8.28,8.14,8.32,8.1,119516,97783162.0,2.74,1.37,0.11,1.38,10734870437.28
2011-12-02,8.1,7.88,8.1,7.85,46378,36769241.0,3.07,-3.19,-0.26,0.54,10391987597.76
2011-12-05,7.86,7.71,7.95,7.69,32686,25543833.0,3.3,-2.16,-0.17,0.38,10167794971.92
2011-12-06,7.71,7.74,7.8,7.68,24859,19239694.0,1.56,0.39,0.03,0.29,10207358376.48
2011-12-07,7.76,7.84,7.87,7.76,21295,16644475.0,1.42,1.29,0.1,0.25,10339236391.68
2011-12-08,7.86,7.82,7.92,7.7,23965,18706428.0,2.81,-0.26,-0.02,0.28,10312860788.640001
2011-12-09,7.76,7.79,7.87,7.72,17103,13330613.0,1.92,-0.38,-0.03,0.2,10273297384.08
2011-12-12,7.8,7.79,7.88,7.75,18696,14610448.0,1.67,0.0,0.0,0.22,10273297384.08
2011-12-13,7.75,7.54,7.78,7.5,38663,29382680.0,3.59,-3.21,-0.25,0.45,9943602346.08
2011-12-14,7.54,7.39,7.59,7.36,32703,24510727.0,3.05,-1.99,-0.15,0.38,9745785323.279999
2011-12-15,7.35,7.03,7.35,7.0,49407,35070285.0,4.74,-4.87,-0.36,0.57,9271024468.56
2011-12-16,7.03,7.24,7.25,6.88,41840,29507346.0,5.26,2.99,0.21,0.48,9547968300.48
2011-12-19,7.17,7.11,7.17,6.9,34870,24672052.0,3.73,-1.8,-0.13,0.4,9376526880.720001
2011-12-20,7.16,7.14,7.3,7.11,34665,24984333.0,2.67,0.42,0.03,0.4,9416090285.279999
2011-12-21,7.28,7.02,7.33,6.99,27907,20025345.0,4.76,-1.68,-0.12,0.32,9257836667.039999
2011-12-22,7.0,6.96,7.07,6.76,30452,21045377.0,4.42,-0.85,-0.06,0.35,9178709857.92
2011-12-23,7.04,7.01,7.12,6.94,24791,17477000.0,2.59,0.72,0.05,0.29,9244648865.52
2011-12-26,7.01,7.12,7.27,6.97,45339,32538895.0,4.28,1.57,0.11,0.53,9389714682.24
2011-12-27,7.12,7.05,7.15,6.97,27865,19593972.0,2.53,-0.98,-0.07,0.32,9297400071.6
2011-12-28,6.98,6.92,7.0,6.7,30638,21031463.0,4.26,-1.84,-0.13,0.35,9125958651.84
2011-12-29,6.93,6.96,7.06,6.81,26762,18729137.0,3.61,0.58,0.04,0.31,9178709857.92
2011-12-30,7.03,7.14,7.16,6.98,41418,29434666.0,2.59,2.59,0.18,0.48,9416090285.279999
2012-01-04,7.22,6.97,7.26,6.96,29575,21015422.0,4.2,-2.38,-0.17,0.34,9191897659.44
2012-01-05,6.95,6.78,6.98,6.75,30019,20569290.0,3.3,-2.73,-0.19,0.35,8941329430.56
2012-01-06,6.78,6.78,6.83,6.55,29748,19921088.0,4.13,0.0,0.0,0.34,8941329430.56
2012-01-09,6.7,7.09,7.1,6.6,45866,31881849.0,7.37,4.57,0.31,0.53,9350151277.68
2012-01-10,7.1,7.33,7.36,7.02,83851,60735150.0,4.8,3.39,0.24,0.97,9666658514.16
2012-01-11,7.35,7.28,7.35,7.18,51477,37425848.0,2.32,-0.68,-0.05,0.6,9600719506.56
2012-01-12,7.28,7.28,7.4,7.23,36705,26828159.0,2.34,0.0,0.0,0.43,9600719506.56
2012-01-13,7.28,7.13,7.36,7.01,47747,34183410.0,4.81,-2.06,-0.15,0.55,9402902483.76
2012-01-16,7.03,6.81,7.11,6.81,44359,30779327.0,4.21,-4.49,-0.32,0.51,8980892835.119999
2012-01-17,6.81,7.17,7.19,6.81,36569,25751871.0,5.58,5.29,0.36,0.42,9455653689.84
2012-01-18,7.28,7.12,7.34,7.09,46698,33738927.0,3.49,-0.7,-0.05,0.54,9389714682.24
2012-01-19,7.11,7.19,7.22,7.04,37704,26984988.0,2.53,0.98,0.07,0.44,9482029292.880001
2012-01-20,7.25,7.3,7.31,7.17,36598,26566227.0,1.95,1.53,0.11,0.42,9627095109.6
2012-01-30,7.32,7.24,7.36,7.23,35847,26154322.0,1.78,-0.82,-0.06,0.42,9547968300.48
2012-01-31,7.25,7.23,7.26,7.16,23130,16641470.0,1.38,-0.14,-0.01,0.27,9534780498.960001
2012-02-01,7.23,7.16,7.29,7.14,22414,16169791.0,2.07,-0.97,-0.07,0.26,9442465888.32
2012-02-02,7.16,7.31,7.32,7.16,32079,23246314.0,2.23,2.09,0.15,0.37,9640282911.119999
2012-02-03,7.28,7.44,7.48,7.24,53687,39623916.0,3.28,1.78,0.13,0.62,9811724330.880001
2012-02-06,7.48,7.37,7.48,7.32,56615,41762206.0,2.15,-0.94,-0.07,0.66,9719409720.24
2012-02-07,7.35,7.22,7.35,7.18,41164,29814226.0,2.31,-2.04,-0.15,0.48,9521592697.44
2012-02-08,7.23,7.38,7.39,7.19,50508,36959377.0,2.77,2.22,0.16,0.58,9732597521.76
2012-02-09,7.39,7.43,7.52,7.35,75042,55804641.0,2.3,0.68,0.05,0.87,9798536529.359999
2012-02-10,7.35,7.49,7.52,7.35,66686,49771578.0,2.29,0.81,0.06,0.77,9877663338.48
2012-02-13,7.45,7.53,7.57,7.4,59568,44646417.0,2.27,0.53,0.04,0.69,9930414544.56
2012-02-14,7.57,7.59,7.59,7.44,65319,49161498.0,1.99,0.8,0.06,0.76,10009541353.68
2012-02-15,7.6,7.84,7.85,7.56,134489,104232652.0,3.82,3.29,0.25,1.56,10339236391.68
2012-02-16,7.85,7.76,7.89,7.68,88832,69071912.0,2.68,-1.02,-0.08,1.03,10233733979.52
2012-02-17,7.77,7.66,7.82,7.61,57535,44273398.0,2.71,-1.29,-0.1,0.67,10101855964.32
2012-02-20,7.76,7.88,8.17,7.76,165356,131672997.0,5.35,2.87,0.22,1.91,10391987597.76
2012-02-21,7.88,8.04,8.09,7.81,105155,83591431.0,3.55,2.03,0.16,1.22,10602992422.079998
2012-02-22,8.09,8.36,8.38,8.04,155868,128029920.0,4.23,3.98,0.32,1.81,11025002070.72
2012-02-23,8.44,8.36,8.72,8.33,184973,156736814.0,4.67,0.0,0.0,2.14,11025002070.72
2012-02-27,8.43,8.34,8.54,8.33,144658,121880723.0,2.51,-0.24,-0.02,1.68,10998626467.68
2012-02-28,8.24,8.27,8.33,8.14,87979,72365279.0,2.28,-0.84,-0.07,1.02,10906311857.039999
2012-02-29,8.24,8.19,8.3,8.15,56872,46780184.0,1.81,-0.97,-0.08,0.66,10800809444.88
2012-03-01,8.2,8.43,8.51,8.16,113748,95115497.0,4.27,2.93,0.24,1.32,11117316681.359999
2012-03-02,8.43,8.57,8.6,8.37,105144,89355794.0,2.73,1.66,0.14,1.22,11301945902.640001
2012-03-05,8.61,8.52,8.8,8.5,148662,128956906.0,3.5,-0.58,-0.05,1.72,11236006895.039999
2012-03-06,8.42,8.33,8.48,8.28,83280,69658714.0,2.35,-2.23,-0.19,0.96,10985438666.16
2012-03-07,8.22,8.23,8.43,8.17,67072,55672869.0,3.12,-1.2,-0.1,0.78,10853560650.960001
2012-03-08,8.28,8.35,8.45,8.27,76431,63800236.0,2.19,1.46,0.12,0.89,11011814269.199999
2012-03-09,8.39,8.4,8.43,8.24,74979,62700635.0,2.28,0.6,0.05,0.87,11077753276.800001
2012-03-12,8.45,8.56,8.57,8.37,97570,82616639.0,2.38,1.9,0.16,1.13,11288758101.12
2012-03-13,8.56,8.62,8.64,8.46,101765,87220057.0,2.1,0.7,0.06,1.18,11367884910.24
2012-03-14,8.71,8.22,8.79,8.16,163510,139017848.0,7.31,-4.64,-0.4,1.89,10840372849.44
2012-03-15,8.18,8.1,8.26,7.96,92370,74928963.0,3.65,-1.46,-0.12,1.07,10682119231.199999
2012-03-16,8.1,8.32,8.34,8.1,68228,56169571.0,2.96,2.72,0.22,0.79,10972250864.640001
2012-03-19,8.38,8.54,8.55,8.33,83137,70353298.0,2.64,2.64,0.22,0.96,11262382498.079998
2012-03-20,8.53,8.56,8.65,8.3,97189,82255924.0,4.1,0.23,0.02,1.13,11288758101.12
2012-03-21,8.58,8.54,8.63,8.3,102399,86978628.0,3.86,-0.23,-0.02,1.19,11262382498.079998
2012-03-22,8.47,8.48,8.57,8.4,46417,39414810.0,1.99,-0.7,-0.06,0.54,11183255688.960001
2012-03-23,8.4,8.33,8.46,8.16,105368,87517868.0,3.54,-1.77,-0.15,1.22,10985438666.16
2012-03-26,8.3,8.33,8.41,8.2,44590,37133971.0,2.52,0.0,0.0,0.52,10985438666.16
2012-03-27,8.38,8.23,8.41,8.22,32417,26884130.0,2.28,-1.2,-0.1,0.38,10853560650.960001
2012-03-28,8.22,8.09,8.22,7.91,84641,68088799.0,3.77,-1.7,-0.14,0.98,10668931429.68
2012-03-29,8.09,7.86,8.12,7.86,51787,41373424.0,3.21,-2.84,-0.23,0.6,10365611994.720001
2012-03-30,7.89,7.8,7.93,7.69,43777,34142512.0,3.05,-0.76,-0.06,0.51,10286485185.6
2012-04-05,7.8,8.04,8.06,7.8,43517,34721518.0,3.33,3.08,0.24,0.5,10602992422.079998
2012-04-06,8.04,7.98,8.09,7.96,34099,27344078.0,1.62,-0.75,-0.06,0.39,10523865612.960001
2012-04-09,7.99,7.92,8.05,7.92,25525,20336342.0,1.63,-0.75,-0.06,0.3,10444738803.84
2012-04-10,7.89,7.91,7.92,7.58,68806,53261640.0,4.29,-0.13,-0.01,0.8,10431551002.32
2012-04-11,7.75,7.88,7.92,7.72,41750,32690330.0,2.53,-0.38,-0.03,0.48,10391987597.76
2012-04-13,8.15,8.01,8.19,7.99,71824,57855714.0,2.54,1.65,0.13,0.83,10563429017.52
2012-04-16,7.95,8.01,8.08,7.94,35133,28181132.0,1.75,0.0,0.0,0.41,10563429017.52
2012-04-17,8.0,8.04,8.09,7.96,37598,30173734.0,1.62,0.37,0.03,0.44,10602992422.079998
2012-04-18,8.06,8.21,8.22,8.02,70690,57523303.0,2.49,2.11,0.17,0.82,10827185047.920002
2012-04-19,8.22,8.16,8.23,8.1,42361,34533782.0,1.58,-0.61,-0.05,0.49,10761246040.32
2012-04-20,8.16,8.21,8.24,8.13,64574,52827995.0,1.35,0.61,0.05,0.75,10827185047.920002
2012-04-23,8.19,8.03,8.21,7.98,47079,38000633.0,2.8,-2.19,-0.18,0.55,10589804620.56
2012-04-24,7.97,7.93,8.06,7.79,51032,40379240.0,3.36,-1.25,-0.1,0.59,10457926605.359999
2012-04-25,7.93,8.03,8.07,7.88,42237,33673831.0,2.4,1.26,0.1,0.49,10589804620.56
2012-04-26,8.03,8.03,8.11,7.96,35624,28638519.0,1.87,0.0,0.0,0.41,10589804620.56
2012-04-27,8.06,7.89,8.07,7.89,37285,29597657.0,2.24,-1.74,-0.14,0.43,10405175399.279999
2012-05-02,7.97,8.0,8.07,7.91,49894,39834611.0,2.03,1.39,0.11,0.58,10550241216.0
2012-05-03,7.95,7.82,7.97,7.78,76334,59829465.0,2.38,-2.25,-0.18,0.88,10312860788.640001
2012-05-04,7.83,7.86,7.92,7.83,41334,32538986.0,1.15,0.51,0.04,0.48,10365611994.720001
2012-05-07,7.85,7.82,7.85,7.77,46218,36057785.0,1.02,-0.51,-0.04,0.54,10312860788.640001
2012-05-08,7.82,7.82,7.92,7.8,53689,42214346.0,1.53,0.0,0.0,0.62,10312860788.640001
2012-05-09,7.79,7.84,7.86,7.68,59549,46179149.0,2.3,0.26,0.02,0.69,10339236391.68
2012-05-10,7.85,7.81,7.89,7.74,32051,25042577.0,1.91,-0.38,-0.03,0.37,10299672987.119999
2012-05-11,7.84,7.71,7.84,7.71,28381,22002543.0,1.66,-1.28,-0.1,0.33,10167794971.92
2012-05-14,7.77,7.68,7.79,7.68,26338,20306751.0,1.43,-0.39,-0.03,0.31,10128231567.359999
2012-05-15,7.62,7.64,7.67,7.58,27794,21187733.0,1.17,-0.52,-0.04,0.32,10075480361.279999
2012-05-16,7.64,7.66,7.84,7.64,40648,31547464.0,2.62,0.26,0.02,0.47,10101855964.32
2012-05-17,7.71,8.03,8.09,7.66,74567,58742552.0,5.61,4.83,0.37,0.86,10589804620.56
2012-05-18,8.01,7.83,8.05,7.82,129381,102532984.0,2.86,-2.49,-0.2,1.5,10326048590.16
2012-05-21,7.71,7.71,7.84,7.68,29070,22483182.0,2.04,-1.53,-0.12,0.34,10167794971.92
2012-05-22,7.72,7.89,7.9,7.72,59612,46586425.0,2.33,2.33,0.18,0.69,10405175399.279999
2012-05-23,7.86,7.85,7.91,7.67,56335,43879229.0,3.04,-0.51,-0.04,0.65,10352424193.199999
2012-05-24,7.8,7.78,7.99,7.74,75587,59289741.0,3.18,-0.89,-0.07,0.88,10260109582.56
2012-05-25,7.79,7.62,7.79,7.61,31309,24043884.0,2.31,-2.06,-0.16,0.36,10049104758.24
2012-05-28,7.65,7.57,7.7,7.42,34922,26308166.0,3.67,-0.66,-0.05,0.4,9983165750.640001
2012-05-29,7.59,7.7,7.8,7.57,58362,44854604.0,3.04,1.72,0.13,0.68,10154607170.4
2012-05-30,7.69,7.71,7.81,7.69,34533,26764849.0,1.56,0.13,0.01,0.4,10167794971.92
2012-05-31,7.7,7.61,7.7,7.58,37986,28953063.0,1.56,-1.3,-0.1,0.44,10035916956.720001
2012-06-01,7.6,7.62,7.69,7.58,25650,19561945.0,1.45,0.13,0.01,0.3,10049104758.24
2012-06-04,7.5,7.22,7.54,7.18,50374,37098522.0,4.72,-5.25,-0.4,0.58,9521592697.44
2012-06-05,7.27,7.11,7.3,7.01,40878,29114371.0,4.02,-1.52,-0.11,0.47,9376526880.720001
2012-06-06,7.14,7.1,7.25,7.08,19396,13856141.0,2.39,-0.14,-0.01,0.22,9363339079.199999
2012-06-07,7.2,7.01,7.24,6.99,24303,17223406.0,3.52,-1.27,-0.09,0.28,9244648865.52
2012-06-08,7.11,6.97,7.12,6.96,25302,17798606.0,2.28,-0.57,-0.04,0.29,9191897659.44
2012-06-11,7.0,7.09,7.09,6.96,22254,15652571.0,1.87,1.72,0.12,0.26,9350151277.68
2012-06-12,7.04,6.89,7.04,6.88,19031,13186329.0,2.26,-2.82,-0.2,0.22,9086395247.279999
2012-06-13,6.95,7.07,7.1,6.85,33232,23357593.0,3.63,2.61,0.18,0.38,9323775674.640001
2012-06-14,7.08,7.06,7.19,7.02,25588,18206640.0,2.4,-0.14,-0.01,0.3,9310587873.119999
2012-06-15,7.07,7.04,7.15,6.95,19786,13913450.0,2.83,-0.28,-0.02,0.23,9284212270.08
2012-06-18,7.05,7.11,7.13,7.0,22414,15875943.0,1.85,0.99,0.07,0.26,9376526880.720001
2012-06-19,7.11,7.26,7.32,7.07,59528,43133208.0,3.52,2.11,0.15,0.69,9574343903.52
2012-06-20,7.26,7.28,7.36,7.22,26620,19434296.0,1.93,0.28,0.02,0.31,9600719506.56
2012-06-21,7.28,7.15,7.28,7.12,29065,20811473.0,2.2,-1.79,-0.13,0.34,9429278086.800001
2012-06-25,7.17,7.0,7.19,7.0,19287,13643599.0,2.66,-2.1,-0.15,0.22,9231461064.0
2012-06-26,7.01,7.2,7.24,6.95,18731,13314854.0,4.14,2.86,0.2,0.22,9495217094.4
2012-06-27,7.18,7.14,7.26,7.12,17954,12934557.0,1.94,-0.83,-0.06,0.21,9416090285.279999
2012-06-28,7.17,6.95,7.17,6.94,23707,16682906.0,3.22,-2.66,-0.19,0.27,9165522056.4
2012-06-29,6.95,7.06,7.08,6.87,15121,10551241.0,3.02,1.58,0.11,0.18,9310587873.119999
2012-07-02,7.09,7.14,7.22,7.09,21980,15740529.0,1.84,1.13,0.08,0.25,9416090285.279999
2012-07-03,7.14,7.16,7.22,7.09,18830,13526333.0,1.82,0.28,0.02,0.22,9442465888.32
2012-07-04,7.19,7.29,7.3,7.13,35276,25461656.0,2.37,1.82,0.13,0.41,9613907308.08
2012-07-05,7.27,7.1,7.27,7.09,27262,19513953.0,2.47,-2.61,-0.19,0.32,9363339079.199999
2012-07-06,7.17,7.15,7.18,6.99,29732,21022528.0,2.68,0.7,0.05,0.34,9429278086.800001
2012-07-09,7.14,6.89,7.15,6.84,24808,17376095.0,4.34,-3.64,-0.26,0.29,9086395247.279999
2012-07-10,6.86,6.9,6.99,6.85,17935,12386397.0,2.03,0.15,0.01,0.21,9099583048.800001
2012-07-11,6.9,6.89,6.94,6.81,16172,11133143.0,1.88,-0.14,-0.01,0.19,9086395247.279999
2012-07-12,6.94,6.89,6.94,6.79,37458,25700433.0,2.18,0.0,0.0,0.43,9086395247.279999
2012-07-13,6.82,6.68,6.82,6.63,57654,38637118.0,2.76,-3.05,-0.21,0.67,8809451415.359999
2012-07-16,6.7,6.23,6.75,6.14,63125,40337162.0,9.13,-6.74,-0.45,0.73,8216000346.960001
2012-07-17,6.17,6.21,6.22,6.06,37884,23281519.0,2.57,-0.32,-0.02,0.44,8189624743.92
2012-07-18,6.2,6.29,6.31,6.18,23489,14663679.0,2.09,1.29,0.08,0.27,8295127156.08
2012-07-19,6.29,6.34,6.41,6.24,25528,16183962.0,2.7,0.79,0.05,0.3,8361066163.679999
2012-07-20,6.38,6.22,6.38,6.19,21797,13700730.0,3.0,-1.89,-0.12,0.25,8202812545.44
2012-07-23,6.21,6.12,6.21,6.09,17913,10982555.0,1.93,-1.61,-0.1,0.21,8070934530.24
2012-07-24,6.1,6.15,6.2,6.07,15408,9433865.0,2.12,0.49,0.03,0.18,8110497934.8
2012-07-25,6.12,6.12,6.18,6.09,16250,9968062.0,1.46,-0.49,-0.03,0.19,8070934530.24
2012-07-26,6.13,6.15,6.23,6.12,17136,10577913.0,1.8,0.49,0.03,0.2,8110497934.8
2012-07-27,6.17,6.12,6.2,6.09,15833,9715806.0,1.79,-0.49,-0.03,0.18,8070934530.24
2012-07-30,6.13,6.09,6.18,6.06,17380,10587201.0,1.96,-0.49,-0.03,0.2,8031371125.679999
2012-07-31,6.09,6.0,6.14,5.97,19446,11725815.0,2.79,-1.48,-0.09,0.23,7912680912.0
2012-08-01,6.0,6.14,6.15,6.0,19103,11656472.0,2.5,2.33,0.14,0.22,8097310133.28
2012-08-02,6.15,6.17,6.18,6.07,17904,10982780.0,1.79,0.49,0.03,0.21,8136873537.84
2012-08-03,6.18,6.22,6.23,6.16,19873,12305836.0,1.13,0.81,0.05,0.23,8202812545.44
2012-08-06,6.18,6.26,6.28,6.14,21960,13658192.0,2.25,0.64,0.04,0.25,8255563751.5199995
2012-08-07,6.28,6.26,6.29,6.21,22295,13945271.0,1.28,0.0,0.0,0.26,8255563751.5199995
2012-08-08,6.29,6.53,6.77,6.24,86410,56545687.0,8.47,4.31,0.27,1.0,8611634392.56
2012-08-09,6.52,6.54,6.58,6.45,31050,20242071.0,1.99,0.15,0.01,0.36,8624822194.08
2012-08-10,6.52,6.53,6.65,6.5,24320,15922505.0,2.29,-0.15,-0.01,0.28,8611634392.56
2012-08-13,6.5,6.31,6.51,6.3,24369,15533643.0,3.22,-3.37,-0.22,0.28,8321502759.12
2012-08-14,6.3,6.26,6.37,6.15,26581,16563037.0,3.49,-0.79,-0.05,0.31,8255563751.5199995
2012-08-15,6.25,6.17,6.25,6.15,20141,12445112.0,1.6,-1.44,-0.09,0.23,8136873537.84
2012-08-16,6.16,6.17,6.2,6.12,11547,7120113.0,1.3,0.0,0.0,0.13,8136873537.84
2012-08-17,6.18,6.22,6.23,6.14,12916,7980450.0,1.46,0.81,0.05,0.15,8202812545.44
2012-08-20,6.22,6.26,6.28,6.1,18109,11217725.0,2.89,0.64,0.04,0.21,8255563751.5199995
2012-08-21,6.26,6.31,6.4,6.22,30079,18989711.0,2.88,0.8,0.05,0.35,8321502759.12
2012-08-22,6.3,6.17,6.31,6.12,27330,16938667.0,3.01,-2.22,-0.14,0.32,8136873537.84
2012-08-23,6.19,6.26,6.28,6.12,18770,11669162.0,2.59,1.46,0.09,0.22,8255563751.5199995
2012-08-24,6.28,6.09,6.28,6.07,32158,19736595.0,3.35,-2.72,-0.17,0.37,8031371125.679999
2012-08-27,6.01,5.94,6.07,5.94,22898,13680567.0,2.13,-2.46,-0.15,0.27,7833554102.88
2012-08-28,5.89,5.93,5.97,5.89,30534,18111097.0,1.35,-0.17,-0.01,0.35,7820366301.36
2012-08-29,5.93,5.87,5.97,5.86,22553,13327012.0,1.85,-1.01,-0.06,0.26,7741239492.24
2012-08-30,5.94,5.97,6.15,5.89,34116,20475740.0,4.43,1.7,0.1,0.4,7873117507.44
2012-08-31,5.94,6.08,6.11,5.94,23084,13895811.0,2.85,1.84,0.11,0.27,8018183324.16
2012-09-03,6.08,6.05,6.12,6.02,30857,18728590.0,1.64,-0.49,-0.03,0.36,7978619919.599999
2012-09-04,6.09,5.98,6.09,5.98,22264,13389989.0,1.82,-1.16,-0.07,0.26,7886305308.960001
2012-09-05,5.88,5.99,6.07,5.88,13361,8020786.0,3.18,0.17,0.01,0.15,7899493110.4800005
2012-09-06,6.04,6.1,6.11,6.0,21750,13209498.0,1.84,1.84,0.11,0.25,8044558927.2
2012-09-07,6.11,6.29,6.35,6.1,67988,42470372.0,4.1,3.11,0.19,0.79,8295127156.08
2012-09-10,6.27,6.27,6.35,6.24,37397,23469400.0,1.75,-0.32,-0.02,0.43,8268751553.039999
2012-09-11,6.27,6.19,6.27,6.15,36935,22869898.0,1.91,-1.28,-0.08,0.43,8163249140.88
2012-09-12,6.2,6.23,6.27,6.17,24166,15051222.0,1.62,0.65,0.04,0.28,8216000346.960001
2012-09-13,6.2,6.18,6.29,6.18,22905,14282599.0,1.77,-0.8,-0.05,0.27,8150061339.36
2012-09-14,6.2,6.12,6.24,6.08,35333,21669882.0,2.59,-0.97,-0.06,0.41,8070934530.24
2012-09-17,6.12,5.9,6.12,5.88,28521,17065503.0,3.92,-3.59,-0.22,0.33,7780802896.8
2012-09-18,5.86,5.95,6.01,5.85,28388,16880152.0,2.71,0.85,0.05,0.33,7846741904.400001
2012-09-19,5.99,5.96,6.0,5.92,17670,10510352.0,1.34,0.17,0.01,0.2,7859929705.92
2012-09-20,5.94,5.72,5.94,5.71,22830,13309869.0,3.86,-4.03,-0.24,0.26,7543422469.44
2012-09-21,5.75,5.67,5.76,5.6,23567,13361415.0,2.8,-0.87,-0.05,0.27,7477483461.84
2012-09-24,5.56,5.35,5.56,5.22,110309,58657631.0,6.0,-5.64,-0.32,1.28,7055473813.2
2012-09-25,5.3,5.39,5.43,5.25,48393,25923760.0,3.36,0.75,0.04,0.56,7108225019.28
2012-09-26,5.37,5.26,5.43,5.24,26624,14178237.0,3.53,-2.41,-0.13,0.31,6936783599.5199995
2012-09-27,5.25,5.34,5.37,5.19,46060,24310189.0,3.42,1.52,0.08,0.53,7042286011.679999
2012-09-28,5.29,5.4,5.42,5.24,54403,29065495.0,3.37,1.12,0.06,0.63,7121412820.8
2012-10-08,5.4,5.49,5.67,5.35,50565,27666162.0,5.93,1.67,0.09,0.59,7240103034.4800005
2012-10-09,5.44,5.77,5.85,5.44,82534,47088802.0,7.47,5.1,0.28,0.96,7609361477.039999
2012-10-10,5.76,5.8,5.89,5.69,45378,26306547.0,3.47,0.52,0.03,0.53,7648924881.599999
2012-10-11,5.8,5.73,5.91,5.7,35735,20773829.0,3.62,-1.21,-0.07,0.41,7556610270.960001
2012-10-12,5.77,5.6,5.83,5.56,42648,24192113.0,4.71,-2.27,-0.13,0.49,7385168851.2
2012-10-15,5.66,5.63,5.68,5.54,41024,22977456.0,2.5,0.54,0.03,0.48,7424732255.76
2012-10-16,5.63,5.68,5.69,5.53,39993,22502554.0,2.84,0.89,0.05,0.46,7490671263.36
2012-10-17,5.72,5.72,5.74,5.57,30902,17522511.0,2.99,0.7,0.04,0.36,7543422469.44
2012-10-18,5.71,5.82,5.85,5.62,51559,29685572.0,4.02,1.75,0.1,0.6,7675300484.64
2012-10-19,5.83,5.89,5.91,5.76,59584,34922007.0,2.58,1.2,0.07,0.69,7767615095.28
2012-10-22,5.89,5.87,5.89,5.79,23477,13712489.0,1.7,-0.34,-0.02,0.27,7741239492.24
2012-10-23,5.84,5.79,5.9,5.77,21108,12331918.0,2.21,-1.36,-0.08,0.24,7635737080.08
2012-10-24,5.71,5.74,5.8,5.69,17459,10025520.0,1.9,-0.86,-0.05,0.2,7569798072.4800005
2012-10-25,5.76,5.77,5.78,5.69,18670,10705155.0,1.57,0.52,0.03,0.22,7609361477.039999
2012-10-26,5.75,5.66,5.75,5.5,32665,18341365.0,4.33,-1.91,-0.11,0.38,7464295660.320001
2012-10-29,5.56,5.66,5.69,5.53,17028,9584209.0,2.83,0.0,0.0,0.2,7464295660.320001
2012-10-30,5.64,5.61,5.67,5.55,31576,17735828.0,2.12,-0.88,-0.05,0.37,7398356652.72
2012-10-31,5.61,5.62,5.69,5.58,18919,10636758.0,1.96,0.18,0.01,0.22,7411544454.24
2012-11-01,5.68,5.73,5.77,5.58,51226,29100947.0,3.38,1.96,0.11,0.59,7556610270.960001
2012-11-02,5.72,5.95,5.98,5.7,58799,34443362.0,4.89,3.84,0.22,0.68,7846741904.400001
2012-11-05,5.94,6.07,6.12,5.91,69114,41834296.0,3.53,2.02,0.12,0.8,8004995522.64
2012-11-06,6.05,6.08,6.11,5.95,37106,22378098.0,2.64,0.16,0.01,0.43,8018183324.16
2012-11-07,6.08,6.06,6.11,6.01,32951,19937248.0,1.64,-0.33,-0.02,0.38,7991807721.12
2012-11-08,6.01,5.96,6.03,5.91,34813,20810019.0,1.98,-1.65,-0.1,0.4,7859929705.92
2012-11-09,5.95,6.03,6.04,5.91,26188,15703366.0,2.18,1.17,0.07,0.3,7952244316.56
2012-11-12,6.06,6.04,6.09,5.96,17670,10627423.0,2.16,0.17,0.01,0.2,7965432118.08
2012-11-13,6.07,6.03,6.11,5.96,27290,16475213.0,2.48,-0.17,-0.01,0.32,7952244316.56
2012-11-14,6.0,5.97,6.01,5.88,20698,12311626.0,2.16,-1.0,-0.06,0.24,7873117507.44
2012-11-15,5.91,5.94,5.98,5.91,21341,12695958.0,1.17,-0.5,-0.03,0.25,7833554102.88
2012-11-16,5.88,5.58,5.91,5.45,57123,31805918.0,7.74,-6.06,-0.36,0.66,7358793248.16
2012-11-19,5.6,5.53,5.6,5.4,17484,9592468.0,3.58,-0.9,-0.05,0.2,7292854240.56
2012-11-20,5.55,5.5,5.57,5.49,13312,7359569.0,1.45,-0.54,-0.03,0.15,7253290836.0
2012-11-21,5.52,5.57,5.57,5.43,16250,8952112.0,2.55,1.27,0.07,0.19,7345605446.64
2012-11-22,5.58,5.54,5.58,5.41,18013,9893940.0,3.05,-0.54,-0.03,0.21,7306042042.08
2012-11-23,5.48,5.51,5.55,5.45,12218,6733182.0,1.81,-0.54,-0.03,0.14,7266478637.5199995
2012-11-26,5.5,5.51,5.54,5.44,15925,8724811.0,1.81,0.0,0.0,0.18,7266478637.5199995
2012-11-27,5.51,5.42,5.51,5.3,17552,9476709.0,3.81,-1.63,-0.09,0.2,7147788423.84
2012-11-28,5.3,5.37,5.38,5.23,16285,8643045.0,2.77,-0.92,-0.05,0.19,7081849416.24
2012-11-29,5.38,5.33,5.38,5.28,15606,8293172.0,1.86,-0.74,-0.04,0.18,7029098210.16
2012-11-30,5.31,5.4,5.48,5.26,18676,10051857.0,4.13,1.31,0.07,0.22,7121412820.8
2012-12-03,5.41,5.34,5.41,5.25,15853,8453056.0,2.96,-1.11,-0.06,0.18,7042286011.679999
2012-12-04,5.3,5.4,5.41,5.23,16197,8616402.0,3.37,1.12,0.06,0.19,7121412820.8
2012-12-05,5.34,5.65,5.69,5.33,42429,23635343.0,6.67,4.63,0.25,0.49,7451107858.8
2012-12-06,5.62,5.59,5.66,5.55,14901,8335719.0,1.95,-1.06,-0.06,0.17,7371981049.679999
2012-12-07,5.55,5.76,5.76,5.55,32768,18612203.0,3.76,3.04,0.17,0.38,7596173675.5199995
2012-12-10,5.75,5.8,5.84,5.73,21881,12643542.0,1.91,0.69,0.04,0.25,7648924881.599999
2012-12-11,5.79,5.74,5.8,5.69,25590,14671761.0,1.9,-1.03,-0.06,0.3,7569798072.4800005
2012-12-12,5.72,5.72,5.74,5.61,16242,9215809.0,2.26,-0.35,-0.02,0.19,7543422469.44
2012-12-13,5.71,5.68,5.71,5.59,22409,12644029.0,2.1,-0.7,-0.04,0.26,7490671263.36
2012-12-14,5.64,5.91,6.0,5.64,60323,35320715.0,6.34,4.05,0.23,0.7,7793990698.320001
2012-12-17,5.88,5.92,5.96,5.85,28313,16652295.0,1.86,0.17,0.01,0.33,7807178499.84
2012-12-18,5.91,5.87,5.96,5.83,27381,16106105.0,2.2,-0.84,-0.05,0.32,7741239492.24
2012-12-19,5.81,5.88,5.95,5.81,14489,8531222.0,2.39,0.17,0.01,0.17,7754427293.76
2012-12-20,5.82,5.89,5.9,5.69,26645,15459238.0,3.57,0.17,0.01,0.31,7767615095.28
2012-12-21,5.84,5.85,5.94,5.71,23684,13802537.0,3.9,-0.68,-0.04,0.27,7714863889.2
2012-12-24,5.82,5.98,6.04,5.77,45559,27043000.0,4.62,2.22,0.13,0.53,7886305308.960001
2012-12-25,5.95,6.1,6.16,5.89,51195,31016375.0,4.52,2.01,0.12,0.59,8044558927.2
2012-12-26,6.1,6.18,6.24,6.07,45815,28147393.0,2.79,1.31,0.08,0.53,8150061339.36
2012-12-27,6.18,6.12,6.23,6.07,39831,24453991.0,2.59,-0.97,-0.06,0.46,8070934530.24
2012-12-28,6.12,6.16,6.25,6.1,52322,32378238.0,2.45,0.65,0.04,0.61,8123685736.320001
2012-12-31,6.13,6.32,6.33,6.13,54878,34321904.0,3.25,2.6,0.16,0.64,8334690560.64
2013-01-04,6.36,6.25,6.41,6.19,35756,22427630.0,3.48,-1.11,-0.07,0.41,8242375950.0
2013-01-07,6.26,6.21,6.26,6.16,20677,12809185.0,1.6,-0.64,-0.04,0.24,8189624743.92
2013-01-08,6.21,6.22,6.27,6.14,31990,19792593.0,2.09,0.16,0.01,0.37,8202812545.44
2013-01-09,6.21,6.21,6.25,6.13,39762,24604136.0,1.93,-0.16,-0.01,0.46,8189624743.92
2013-01-10,6.17,6.23,6.25,6.15,49716,30919738.0,1.61,0.32,0.02,0.58,8216000346.960001
2013-01-11,6.23,6.15,6.28,6.12,56685,35044083.0,2.57,-1.28,-0.08,0.66,8110497934.8
2013-01-14,6.13,6.58,6.73,6.08,149326,95858074.0,10.57,6.99,0.43,1.73,8677573400.16
2013-01-15,6.57,6.64,7.0,6.52,244195,162626884.0,7.29,0.91,0.06,2.83,8756700209.279999
2013-01-16,6.59,6.65,6.78,6.41,160973,106170879.0,5.57,0.15,0.01,1.86,8769888010.800001
2013-01-17,6.58,6.58,6.7,6.45,113025,74399195.0,3.76,-1.05,-0.07,1.31,8677573400.16
2013-01-18,6.56,6.66,6.67,6.53,102097,67488208.0,2.13,1.22,0.08,1.18,8783075812.32
2013-01-21,6.66,6.64,6.66,6.52,49191,32422819.0,2.1,-0.3,-0.02,0.57,8756700209.279999
2013-01-22,6.56,6.62,6.8,6.55,77811,51786888.0,3.77,-0.3,-0.02,0.9,8730324606.24
2013-01-23,6.56,6.53,6.63,6.52,29108,19073168.0,1.66,-1.36,-0.09,0.34,8611634392.56
2013-01-24,6.61,6.36,6.62,6.34,48280,31317812.0,4.29,-2.6,-0.17,0.56,8387441766.72
2013-01-25,6.4,6.58,6.67,6.26,96184,62689421.0,6.45,3.46,0.22,1.11,8677573400.16
2013-01-28,6.56,6.66,6.72,6.52,167576,110976195.0,3.04,1.22,0.08,1.94,8783075812.32
2013-01-29,6.67,6.58,6.67,6.38,237227,153718420.0,4.35,-1.2,-0.08,2.75,8677573400.16
2013-01-30,6.44,6.43,6.55,6.3,289489,183436477.0,3.8,-2.28,-0.15,3.35,8479756377.36
2013-01-31,6.35,6.48,6.54,6.3,180035,115247059.0,3.73,0.78,0.05,2.08,8545695384.960001
2013-02-01,6.5,6.72,6.84,6.42,325756,215739857.0,6.48,3.7,0.24,3.77,8862202621.44
2013-02-04,6.7,6.62,6.81,6.46,417521,277144928.0,5.21,-1.49,-0.1,4.84,8730324606.24
2013-02-05,6.62,6.6,7.0,6.5,305643,202715470.0,7.55,-0.3,-0.02,3.54,8703949003.199999
2013-02-06,6.59,6.58,6.68,6.43,197260,129552317.0,3.79,-0.3,-0.02,2.28,8677573400.16
2013-02-07,6.51,6.57,6.74,6.48,258319,169339929.0,3.95,-0.15,-0.01,2.99,8664385598.640001
2013-02-08,6.53,6.56,6.63,6.51,180300,118491682.0,1.83,-0.15,-0.01,2.09,8651197797.119999
2013-02-18,6.57,6.57,6.6,6.5,110163,72315132.0,1.52,0.15,0.01,1.28,8664385598.640001
2013-02-19,6.6,6.57,6.69,6.43,213597,140518557.0,3.96,0.0,0.0,2.47,8664385598.640001
2013-02-20,6.6,6.57,6.64,6.46,274332,180300702.0,2.74,0.0,0.0,3.18,8664385598.640001
2013-02-21,6.57,6.32,6.57,6.16,97979,62936154.0,6.24,-3.81,-0.25,1.13,8334690560.64
2013-02-22,6.33,6.2,6.42,6.18,67924,42836914.0,3.8,-1.9,-0.12,0.79,8176436942.400001
2013-02-25,6.23,6.17,6.26,6.15,54279,33641266.0,1.77,-0.48,-0.03,0.63,8136873537.84
2013-02-26,6.19,6.19,6.37,6.05,88575,55281076.0,5.19,0.32,0.02,1.03,8163249140.88
2013-02-27,6.2,6.43,6.45,6.2,217707,137591738.0,4.04,3.88,0.24,2.52,8479756377.36
2013-02-28,6.4,6.41,6.54,6.29,184711,117773924.0,3.89,-0.31,-0.02,2.14,8453380774.320001
2013-03-01,6.36,6.28,6.39,6.25,81020,51006677.0,2.18,-2.03,-0.13,0.94,8281939354.56
2013-03-04,6.26,6.0,6.26,5.96,96051,58512945.0,4.78,-4.46,-0.28,1.11,7912680912.0
2013-03-05,5.99,6.31,6.48,5.99,197904,124154373.0,8.17,5.17,0.31,2.29,8321502759.12
2013-03-06,6.32,6.34,6.38,6.27,170830,108368107.0,1.74,0.48,0.03,1.98,8361066163.679999
2013-03-07,6.35,6.34,6.47,6.25,237102,151032377.0,3.47,0.0,0.0,2.75,8361066163.679999
2013-03-08,6.36,6.21,6.38,6.2,80901,50768346.0,2.84,-2.05,-0.13,0.94,8189624743.92
2013-03-11,6.21,6.28,6.34,6.11,63544,39455520.0,3.7,1.13,0.07,0.74,8281939354.56
2013-03-12,6.25,6.14,6.28,6.09,59009,36304076.0,3.03,-2.23,-0.14,0.68,8097310133.28
2013-03-13,6.14,6.1,6.2,6.03,114956,70482730.0,2.77,-0.65,-0.04,1.33,8044558927.2
2013-03-14,6.12,6.09,6.14,6.03,47016,28574075.0,1.8,-0.16,-0.01,0.54,8031371125.679999
2013-03-15,6.09,6.16,6.25,6.02,77599,47627644.0,3.78,1.15,0.07,0.9,8123685736.320001
2013-03-18,6.11,6.06,6.21,6.06,37021,22613046.0,2.44,-1.62,-0.1,0.43,7991807721.12
2013-03-19,6.06,6.16,6.18,6.02,116605,71590542.0,2.64,1.65,0.1,1.35,8123685736.320001
2013-03-20,6.16,6.43,6.45,6.12,189338,118475178.0,5.36,4.38,0.27,2.19,8479756377.36
2013-03-21,6.35,6.31,6.43,6.26,207756,131882761.0,2.64,-1.87,-0.12,2.41,8321502759.12
2013-03-22,6.31,6.3,6.35,6.27,55641,35140567.0,1.27,-0.16,-0.01,0.64,8308314957.599999
2013-04-01,6.25,6.06,6.25,6.01,90360,55113247.0,3.81,-3.81,-0.24,1.05,7991807721.12
2013-04-02,6.15,5.99,6.17,5.98,55473,33722167.0,3.14,-1.16,-0.07,0.64,7899493110.4800005
2013-04-03,5.97,6.08,6.15,5.9,117900,71560959.0,4.17,1.5,0.09,1.37,8018183324.16
2013-04-08,6.0,6.15,6.22,5.92,71461,43743276.0,4.93,1.15,0.07,0.83,8110497934.8
2013-04-09,6.15,6.29,6.44,6.08,90094,56188276.0,5.85,2.28,0.14,1.04,8295127156.08
2013-04-10,6.29,6.3,6.41,6.22,152407,96011036.0,3.02,0.16,0.01,1.76,8308314957.599999
2013-04-11,6.3,6.27,6.32,6.22,39754,24865717.0,1.59,-0.48,-0.03,0.46,8268751553.039999
2013-04-12,6.23,6.19,6.27,6.11,40003,24717359.0,2.55,-1.28,-0.08,0.46,8163249140.88
2013-04-15,6.18,6.2,6.24,6.1,149520,92648069.0,2.26,0.16,0.01,1.73,8176436942.400001
2013-04-16,6.02,6.09,6.19,5.96,59801,36305979.0,3.71,-1.77,-0.11,0.69,8031371125.679999
2013-04-17,6.1,6.08,6.13,6.04,57622,35098332.0,1.48,-0.16,-0.01,0.67,8018183324.16
2013-04-18,6.08,6.05,6.12,6.03,34858,21126574.0,1.48,-0.49,-0.03,0.4,7978619919.599999
2013-04-19,6.07,6.24,6.29,6.01,270850,167487323.0,4.63,3.14,0.19,3.14,8229188148.4800005
2013-04-22,6.18,6.29,6.3,6.15,115056,71831510.0,2.4,0.8,0.05,1.33,8295127156.08
2013-04-23,6.3,6.15,6.39,6.09,147658,91506216.0,4.77,-2.23,-0.14,1.71,8110497934.8
2013-04-24,6.13,6.15,6.2,6.1,210087,129334188.0,1.63,0.0,0.0,2.43,8110497934.8
2013-04-25,6.1,5.99,6.12,5.97,131558,79391903.0,2.44,-2.6,-0.16,1.52,7899493110.4800005
2013-04-26,6.01,5.61,6.05,5.52,162562,94769252.0,8.85,-6.34,-0.38,1.88,7398356652.72
2013-05-02,5.6,5.52,5.61,5.47,47620,26333580.0,2.5,-1.6,-0.09,0.55,7279666439.039999
2013-05-03,5.57,5.6,5.65,5.51,47872,26835780.0,2.54,1.45,0.08,0.55,7385168851.2
2013-05-06,5.6,5.88,5.94,5.6,94096,54240864.0,6.07,5.0,0.28,1.09,7754427293.76
2013-05-07,5.82,5.9,5.97,5.75,124600,73532255.0,3.74,0.34,0.02,1.44,7780802896.8
2013-05-08,5.85,5.98,6.03,5.83,63659,37810960.0,3.39,1.36,0.08,0.74,7886305308.960001
2013-05-09,5.95,5.93,5.95,5.81,48132,28288523.0,2.34,-0.84,-0.05,0.56,7820366301.36
2013-05-10,5.94,6.0,6.04,5.9,183398,109515842.0,2.36,1.18,0.07,2.12,7912680912.0
2013-05-13,6.05,6.0,6.08,5.92,109456,65410954.0,2.67,0.0,0.0,1.27,7912680912.0
2013-05-14,5.95,5.85,5.98,5.84,96672,56857684.0,2.33,-2.5,-0.15,1.12,7714863889.2
2013-05-15,5.86,5.91,5.94,5.84,34799,20484433.0,1.71,1.03,0.06,0.4,7793990698.320001
2013-05-16,5.92,6.01,6.01,5.86,90863,54103236.0,2.54,1.69,0.1,1.05,7925868713.5199995
2013-05-17,6.0,6.23,6.31,5.93,215595,133413271.0,6.32,3.66,0.22,2.5,8216000346.960001
2013-05-20,6.27,6.85,6.85,6.24,500252,333463552.0,9.79,9.95,0.62,5.79,9033644041.199999
2013-05-21,6.85,6.88,7.05,6.81,335315,232318040.0,3.5,0.44,0.03,3.88,9073207445.76
2013-05-22,6.92,6.88,6.94,6.76,141234,96548287.0,2.62,0.0,0.0,1.64,9073207445.76
2013-05-23,6.85,6.89,6.93,6.78,136215,93366622.0,2.18,0.15,0.01,1.58,9086395247.279999
2013-05-24,6.88,6.97,7.08,6.8,162521,113178057.0,4.06,1.16,0.08,1.88,9191897659.44
2013-05-27,6.96,7.14,7.18,6.9,159496,112748376.0,4.02,2.44,0.17,1.85,9416090285.279999
2013-05-28,7.1,6.85,7.1,6.78,100972,69590529.0,4.48,-4.06,-0.29,1.17,9033644041.199999
2013-05-29,6.85,6.95,6.98,6.82,103244,71146928.0,2.34,1.46,0.1,1.2,9165522056.4
2013-05-30,6.9,6.85,6.99,6.79,100193,68810856.0,2.88,-1.44,-0.1,1.16,9033644041.199999
2013-05-31,6.86,6.85,7.12,6.83,178277,125041667.0,4.23,0.0,0.0,2.06,9033644041.199999
2013-06-03,6.86,6.63,6.95,6.61,112629,76076323.0,4.96,-3.21,-0.22,1.3,8743512407.76
2013-06-04,6.57,6.68,6.74,6.55,69507,46070560.0,2.87,0.75,0.05,0.8,8809451415.359999
2013-06-05,6.65,6.88,6.96,6.65,152728,104800485.0,4.64,2.99,0.2,1.77,9073207445.76
2013-06-06,6.82,6.7,6.89,6.68,52491,35621122.0,3.05,-2.62,-0.18,0.61,8835827018.4
2013-06-07,6.67,6.69,6.82,6.55,71273,47656956.0,4.03,-0.15,-0.01,0.83,8822639216.880001
2013-06-13,6.61,6.68,6.97,6.4,111244,73615525.0,8.52,-0.15,-0.01,1.29,8809451415.359999
2013-06-14,6.65,6.78,6.88,6.65,97066,65728710.0,3.44,1.5,0.1,1.12,8941329430.56
2013-06-17,6.83,6.83,6.94,6.73,115367,79298733.0,3.1,0.74,0.05,1.34,9007268438.16
2013-06-18,6.81,6.87,6.94,6.76,86463,59368762.0,2.64,0.59,0.04,1.0,9060019644.24
2013-06-19,6.87,6.76,6.87,6.66,69187,46680634.0,3.06,-1.6,-0.11,0.8,8914953827.52
2013-06-20,6.69,6.49,6.71,6.45,56195,36952522.0,3.85,-3.99,-0.27,0.65,8558883186.4800005
2013-06-21,6.4,6.46,6.53,6.3,47942,30867590.0,3.54,-0.46,-0.03,0.56,8519319781.92
2013-06-24,6.5,6.14,6.54,5.88,100232,62057361.0,10.22,-4.95,-0.32,1.16,8097310133.28
2013-06-25,6.12,6.14,6.18,5.56,114143,67079190.0,10.1,0.0,0.0,1.32,8097310133.28
2013-06-26,6.07,6.28,6.31,6.05,101255,63180623.0,4.23,2.28,0.14,1.17,8281939354.56
2013-06-27,6.28,6.13,6.35,6.1,87864,54774873.0,3.98,-2.39,-0.15,1.02,8084122331.76
2013-06-28,6.13,6.16,6.21,6.0,59527,36536997.0,3.43,0.49,0.03,0.69,8123685736.320001
2013-07-01,6.16,6.22,6.25,6.03,41336,25396092.0,3.57,0.97,0.06,0.48,8202812545.44
2013-07-02,6.22,6.31,6.35,6.2,39401,24777839.0,2.41,1.45,0.09,0.46,8321502759.12
2013-07-03,6.3,6.22,6.3,6.13,37257,23166545.0,2.69,-1.43,-0.09,0.43,8202812545.44
2013-07-04,6.2,6.26,6.31,6.13,51959,32552556.0,2.89,0.64,0.04,0.6,8255563751.5199995
2013-07-05,6.23,6.15,6.33,6.13,49032,30447384.0,3.19,-1.76,-0.11,0.57,8110497934.8
2013-07-08,6.07,6.0,6.15,6.0,40937,24918249.0,2.44,-2.44,-0.15,0.47,7912680912.0
2013-07-09,6.0,6.07,6.14,6.0,38279,23198752.0,2.33,1.17,0.07,0.44,8004995522.64
2013-07-10,6.1,6.17,6.18,6.0,35932,21884131.0,2.97,1.65,0.1,0.42,8136873537.84
2013-07-11,6.17,6.38,6.41,6.14,51609,32532214.0,4.38,3.4,0.21,0.6,8413817369.76
2013-07-12,6.38,6.27,6.42,6.24,37097,23493864.0,2.82,-1.72,-0.11,0.43,8268751553.039999
2013-07-15,6.31,6.9,6.9,6.31,235622,159498399.0,9.41,10.05,0.63,2.73,9099583048.800001
2013-07-16,7.03,7.15,7.28,6.95,321544,229136851.0,4.78,3.62,0.25,3.72,9429278086.800001
2013-07-17,7.13,7.24,7.28,7.1,200310,143959457.0,2.52,1.26,0.09,2.32,9547968300.48
2013-07-18,7.27,7.33,7.5,7.1,223119,163345702.0,5.52,1.24,0.09,2.58,9666658514.16
2013-07-19,7.29,7.16,7.35,7.09,146765,106158315.0,3.55,-2.32,-0.17,1.7,9442465888.32
2013-07-22,7.05,7.32,7.36,7.02,96055,69776149.0,4.75,2.23,0.16,1.11,9653470712.640001
2013-07-23,7.24,7.41,7.42,7.18,118423,86598994.0,3.28,1.23,0.09,1.37,9772160926.32
2013-07-24,7.3,7.27,7.41,7.16,114820,83514133.0,3.37,-1.89,-0.14,1.33,9587531705.039999
2013-07-25,7.2,7.05,7.27,7.04,81899,58626694.0,3.16,-3.03,-0.22,0.95,9297400071.6
2013-07-26,7.01,6.95,7.12,6.88,50818,35560065.0,3.4,-1.42,-0.1,0.59,9165522056.4
2013-07-29,6.99,6.89,7.0,6.81,28610,19731806.0,2.73,-0.86,-0.06,0.33,9086395247.279999
2013-07-30,6.86,6.62,6.96,6.51,102583,68411287.0,6.53,-3.92,-0.27,1.19,8730324606.24
2013-07-31,6.61,6.77,6.84,6.59,43158,29102332.0,3.78,2.27,0.15,0.5,8928141629.039999
2013-08-01,6.77,6.94,7.0,6.68,40137,27714766.0,4.73,2.51,0.17,0.46,9152334254.880001
2013-08-02,6.89,6.93,7.11,6.89,36727,25650679.0,3.17,-0.14,-0.01,0.43,9139146453.359999
2013-08-05,6.95,6.95,7.06,6.88,32471,22557436.0,2.6,0.29,0.02,0.38,9165522056.4
2013-08-06,6.95,7.1,7.2,6.95,66818,47529764.0,3.6,2.16,0.15,0.77,9363339079.199999
2013-08-07,7.0,6.8,7.12,6.77,73550,50521499.0,4.93,-4.23,-0.3,0.85,8967705033.6
2013-08-08,6.82,6.89,6.98,6.81,39290,27120746.0,2.5,1.32,0.09,0.46,9086395247.279999
2013-08-09,6.93,6.97,7.05,6.82,42048,29197266.0,3.34,1.16,0.08,0.49,9191897659.44
2013-08-12,7.0,7.18,7.2,6.94,111137,78824429.0,3.73,3.01,0.21,1.29,9468841491.359999
2013-08-13,7.15,7.14,7.18,7.03,70705,50250459.0,2.09,-0.56,-0.04,0.82,9416090285.279999
2013-08-14,7.14,7.24,7.35,7.1,95302,68786222.0,3.5,1.4,0.1,1.1,9547968300.48
2013-08-15,7.27,6.92,7.27,6.9,90596,63786511.0,5.11,-4.42,-0.32,1.05,9125958651.84
2013-08-16,6.83,6.59,6.93,6.58,104834,71051171.0,5.06,-4.77,-0.33,1.21,8690761201.68
2013-08-19,6.6,6.7,6.74,6.6,78363,52285488.0,2.12,1.67,0.11,0.91,8835827018.4
2013-08-20,6.7,6.66,6.86,6.39,221342,146277795.0,7.01,-0.6,-0.04,2.56,8783075812.32
2013-08-21,6.52,6.5,6.69,6.41,195341,127145561.0,4.2,-2.4,-0.16,2.26,8572070988.0
2013-08-22,6.49,6.7,6.73,6.44,132499,87601530.0,4.46,3.08,0.2,1.53,8835827018.4
2013-08-23,6.71,6.67,6.74,6.52,140234,93208346.0,3.28,-0.45,-0.03,1.62,8796263613.84
2013-08-26,6.69,6.72,6.73,6.6,101943,68214489.0,1.95,0.75,0.05,1.18,8862202621.44
2013-08-27,6.68,6.61,6.75,6.57,84118,55823166.0,2.68,-1.64,-0.11,0.97,8717136804.720001
2013-08-28,6.56,6.5,6.58,6.48,90963,59255246.0,1.51,-1.66,-0.11,1.05,8572070988.0
2013-08-29,6.5,6.65,6.69,6.5,82660,54777804.0,2.92,2.31,0.15,0.96,8769888010.800001
2013-08-30,6.68,6.6,6.68,6.57,52878,34989642.0,1.65,-0.75,-0.05,0.61,8703949003.199999
2013-09-02,6.57,6.85,6.86,6.53,131802,88573603.0,5.0,3.79,0.25,1.53,9033644041.199999
2013-09-03,6.85,6.85,7.02,6.76,127163,87934559.0,3.8,0.0,0.0,1.47,9033644041.199999
2013-09-04,6.86,6.77,6.93,6.75,130873,89504497.0,2.63,-1.17,-0.08,1.52,8928141629.039999
2013-09-05,6.79,6.97,7.09,6.66,112000,77068631.0,6.35,2.95,0.2,1.3,9191897659.44
2013-09-06,6.89,6.81,6.99,6.78,144464,98590350.0,3.01,-2.3,-0.16,1.67,8980892835.119999
2013-09-09,6.81,6.83,6.88,6.75,82969,56612653.0,1.91,0.29,0.02,0.96,9007268438.16
2013-09-10,6.83,6.72,6.83,6.64,151956,101925505.0,2.78,-1.61,-0.11,1.76,8862202621.44
2013-09-11,6.7,7.09,7.15,6.69,265928,185118728.0,6.85,5.51,0.37,3.08,9350151277.68
2013-09-12,7.07,7.2,7.32,7.0,239701,172486853.0,4.51,1.55,0.11,2.78,9495217094.4
2013-09-13,7.06,7.28,7.32,7.04,169154,121999743.0,3.89,1.11,0.08,1.96,9600719506.56
2013-09-16,7.28,7.17,7.31,7.09,86480,62137206.0,3.02,-1.51,-0.11,1.0,9455653689.84
2013-09-17,7.18,7.13,7.2,7.01,80552,57155099.0,2.65,-0.56,-0.04,0.93,9402902483.76
2013-09-18,7.09,7.17,7.19,7.03,58427,41607653.0,2.24,0.56,0.04,0.68,9455653689.84
2013-09-23,7.18,7.07,7.22,7.06,94537,67324048.0,2.23,-1.39,-0.1,1.09,9323775674.640001
2013-09-24,7.07,6.97,7.08,6.95,82418,57620455.0,1.84,-1.41,-0.1,0.95,9191897659.44
2013-09-25,6.97,7.02,7.05,6.95,59662,41747644.0,1.43,0.72,0.05,0.69,9257836667.039999
2013-09-26,6.97,7.23,7.4,6.92,197979,143453772.0,6.84,2.99,0.21,2.29,9534780498.960001
2013-09-27,7.25,7.33,7.35,7.12,148670,107716919.0,3.18,1.38,0.1,1.72,9666658514.16
2013-09-30,7.33,7.27,7.38,7.19,76819,55710373.0,2.59,-0.82,-0.06,0.89,9587531705.039999
2013-10-08,7.24,7.62,7.66,7.2,200747,151296191.0,6.33,4.81,0.35,2.32,10049104758.24
2013-10-09,7.55,7.67,7.8,7.5,161855,124204721.0,3.94,0.66,0.05,1.87,10115043765.84
2013-10-10,7.65,7.88,8.12,7.63,186523,148267769.0,6.39,2.74,0.21,2.16,10391987597.76
2013-10-11,7.88,7.91,8.09,7.84,134174,106784374.0,3.17,0.38,0.03,1.55,10431551002.32
2013-10-14,7.9,7.82,8.05,7.74,121030,95204298.0,3.92,-1.14,-0.09,1.4,10312860788.640001
2013-10-15,8.08,8.56,8.6,8.08,413941,351442784.0,6.65,9.46,0.74,4.79,11288758101.12
2013-10-16,8.58,8.26,8.58,8.19,156213,129840254.0,4.56,-3.5,-0.3,1.81,10893124055.52
2013-10-17,8.28,8.63,8.84,8.28,217145,187301443.0,6.78,4.48,0.37,2.51,11381072711.76
2013-10-18,8.58,8.38,8.74,8.16,150911,127485898.0,6.72,-2.9,-0.25,1.75,11051377673.76
2013-10-21,8.38,8.5,8.58,8.27,108914,92125248.0,3.7,1.43,0.12,1.26,11209631292.0
2013-10-22,8.48,8.74,9.06,8.45,150768,132702758.0,7.18,2.82,0.24,1.75,11526138528.48
2013-10-30,8.48,9.61,9.61,8.4,488250,462252032.0,13.84,9.95,0.87,5.65,12673477260.72
2013-10-31,10.08,9.47,10.09,9.4,492723,481958080.0,7.18,-1.46,-0.14,5.71,12488848039.44
2013-11-01,9.4,8.95,9.84,8.9,361787,339718160.0,9.93,-5.49,-0.52,4.19,11803082360.4
2013-11-04,8.75,9.02,9.14,8.73,428986,382729920.0,4.58,0.78,0.07,4.97,11895396971.039999
2013-11-05,8.85,8.91,9.25,8.75,237872,214928085.0,5.54,-1.22,-0.11,2.75,11750331154.32
2013-11-06,8.9,8.54,8.96,8.5,192385,167561243.0,5.16,-4.15,-0.37,2.23,11262382498.079998
2013-11-07,8.47,8.46,8.74,8.28,135555,115282712.0,5.39,-0.94,-0.08,1.57,11156880085.920002
2013-11-08,8.47,8.3,8.65,8.16,98451,82357310.0,5.79,-1.89,-0.16,1.14,10945875261.6
2013-11-11,8.3,8.43,8.59,8.19,71348,60244162.0,4.82,1.57,0.13,0.83,11117316681.359999
2013-11-12,8.46,8.59,8.63,8.32,93114,79444975.0,3.68,1.9,0.16,1.08,11328321505.68
2013-11-13,8.55,8.47,8.66,8.42,65388,56015792.0,2.79,-1.4,-0.12,0.76,11170067887.44
2013-11-14,8.46,8.59,8.66,8.25,55072,46701098.0,4.84,1.42,0.12,0.64,11328321505.68
2013-11-18,8.73,9.07,9.13,8.73,164094,147328625.0,4.66,5.59,0.48,1.9,11961335978.640001
2013-11-19,9.05,8.93,9.05,8.77,72936,64945024.0,3.09,-1.54,-0.14,0.84,11776706757.359999
2013-11-20,8.82,9.02,9.12,8.82,58186,52435474.0,3.36,1.01,0.09,0.67,11895396971.039999
2013-11-21,9.02,9.04,9.07,8.77,95497,85430521.0,3.33,0.22,0.02,1.11,11921772574.079998
2013-11-22,9.03,9.02,9.07,8.83,51800,46409080.0,2.65,-0.22,-0.02,0.6,11895396971.039999
2013-11-25,8.93,9.18,9.2,8.9,62156,56695298.0,3.33,1.77,0.16,0.72,12106401795.359999
2013-11-26,9.12,8.96,9.25,8.95,67067,61062062.0,3.27,-2.4,-0.22,0.78,11816270161.920002
2013-11-27,9.01,8.78,9.06,8.7,71602,63163716.0,4.02,-2.01,-0.18,0.83,11578889734.56
2013-11-28,8.86,8.79,8.92,8.78,101823,89855110.0,1.59,0.11,0.01,1.18,11592077536.079998
2013-11-29,8.79,8.91,8.92,8.73,82599,73052190.0,2.16,1.37,0.12,0.96,11750331154.32
2013-12-02,8.8,8.47,8.8,8.25,120984,102415418.0,6.17,-4.94,-0.44,1.4,11170067887.44
2013-12-03,8.3,8.31,8.48,8.21,85364,71252408.0,3.19,-1.89,-0.16,0.99,10959063063.12
2013-12-04,8.33,8.56,8.75,8.31,85826,73661951.0,5.29,3.01,0.25,0.99,11288758101.12
2013-12-05,8.6,8.63,8.68,8.3,61142,51931263.0,4.44,0.82,0.07,0.71,11381072711.76
2013-12-06,8.59,8.42,8.74,8.36,125902,106863606.0,4.4,-2.43,-0.21,1.46,11104128879.84
2013-12-23,7.65,8.18,8.28,7.65,177829,143107479.0,7.48,-2.85,-0.24,2.06,10787621643.359999
2013-12-24,8.05,8.35,8.41,8.05,50217,41515669.0,4.4,2.08,0.17,0.58,11011814269.199999
2013-12-25,8.28,8.38,8.42,8.16,53546,44263743.0,3.11,0.36,0.03,0.62,11051377673.76
2013-12-26,8.37,8.26,8.42,8.02,61534,50542539.0,4.77,-1.43,-0.12,0.71,10893124055.52
2013-12-27,8.2,8.33,8.39,8.15,49478,41016822.0,2.91,0.85,0.07,0.57,10985438666.16
2013-12-30,8.28,8.69,8.79,8.26,88354,75739310.0,6.36,4.32,0.36,1.02,11460199520.88
2013-12-31,8.69,8.85,9.22,8.61,141354,126492863.0,7.02,1.84,0.16,1.64,11671204345.199999
2014-01-02,8.85,8.99,9.16,8.78,85848,77537955.0,4.29,1.58,0.14,0.99,11855833566.48
2014-01-03,8.97,8.69,9.1,8.62,147843,129079182.0,5.34,-3.34,-0.3,1.71,11460199520.88
2014-01-06,8.61,8.54,8.97,8.4,112305,96511050.0,6.56,-1.73,-0.15,1.3,11262382498.079998
2014-01-07,8.49,8.5,8.78,8.42,80752,69379780.0,4.22,-0.47,-0.04,0.94,11209631292.0
2014-01-08,8.58,8.62,8.71,8.45,128618,110322120.0,3.06,1.41,0.12,1.49,11367884910.24
2014-01-09,8.63,8.48,8.68,8.37,72761,62378368.0,3.6,-1.62,-0.14,0.84,11183255688.960001
2014-01-10,8.48,8.22,8.55,8.16,39203,32595038.0,4.6,-3.07,-0.26,0.45,10840372849.44
2014-01-13,8.2,7.86,8.32,7.58,121612,96709184.0,9.0,-4.38,-0.36,1.41,10365611994.720001
2014-01-14,7.83,8.1,8.24,7.8,93083,74930798.0,5.6,3.05,0.24,1.08,10682119231.199999
2014-01-15,8.1,8.33,8.41,8.1,53591,44510332.0,3.83,2.84,0.23,0.62,10985438666.16
2014-01-16,8.33,8.26,8.49,8.19,50899,42142584.0,3.6,-0.84,-0.07,0.59,10893124055.52
2014-01-17,8.25,8.17,8.32,8.07,36538,29956733.0,3.03,-1.09,-0.09,0.42,10774433841.84
2014-01-20,8.1,7.83,8.1,7.7,65238,51243295.0,4.9,-4.16,-0.34,0.76,10326048590.16
2014-01-21,7.82,8.12,8.38,7.75,67462,53875417.0,8.05,3.7,0.29,0.78,10708494834.24
2014-01-22,8.09,8.06,8.27,7.99,113811,91660321.0,3.45,-0.74,-0.06,1.32,10629368025.12
2014-01-23,8.04,8.03,8.11,8.0,63846,51331610.0,1.36,-0.37,-0.03,0.74,10589804620.56
2014-01-24,8.04,8.69,8.79,8.03,165696,139752223.0,9.46,8.22,0.66,1.92,11460199520.88
2014-01-27,8.6,8.9,9.15,8.53,286205,253892234.0,7.13,2.42,0.21,3.31,11737143352.800001
2014-01-28,8.84,9.2,9.35,8.73,204460,186095320.0,6.97,3.37,0.3,2.37,12132777398.4
2014-01-29,9.21,9.18,9.25,9.11,73826,67782090.0,1.52,-0.22,-0.02,0.85,12106401795.359999
2014-01-30,9.18,9.28,9.35,9.1,59182,54777232.0,2.72,1.09,0.1,0.69,12238279810.56
2014-02-07,9.2,9.84,9.9,9.12,150253,145383757.0,8.41,6.03,0.56,1.74,12976796695.68
2014-02-10,10.18,10.82,10.82,10.18,396172,427921472.0,6.5,9.96,0.98,4.59,14269201244.640001
2014-02-11,11.9,11.51,11.9,11.16,906698,1053480784.0,6.84,6.38,0.69,10.5,15179159549.52
2014-02-12,11.56,11.41,11.66,11.01,312232,352980464.0,5.65,-0.87,-0.1,3.62,15047281534.32
2014-02-13,11.28,11.3,12.0,11.1,407490,476530224.0,7.89,-0.96,-0.11,4.72,14902215717.6
2014-02-14,11.5,12.03,12.3,11.36,249746,297199248.0,8.32,6.46,0.73,2.89,15864925228.56
2014-02-17,12.0,12.35,12.38,11.7,285652,346590656.0,5.65,2.66,0.32,3.31,16286934877.199999
2014-02-18,12.3,12.15,12.75,12.12,223690,275723968.0,5.1,-1.62,-0.2,2.59,16023178846.800001
2014-02-19,12.12,11.29,12.49,11.25,286732,338658416.0,10.21,-7.08,-0.86,3.32,14889027916.079998
2014-02-20,11.49,11.61,11.72,10.96,295216,336997744.0,6.73,2.83,0.32,3.42,15311037564.72
2014-02-21,11.38,11.74,11.93,11.32,163038,190297048.0,5.25,1.12,0.13,1.89,15482478984.48
2014-02-24,11.47,11.71,11.97,11.28,120063,139518406.0,5.88,-0.26,-0.03,1.39,15442915579.920002
2014-02-25,11.85,10.59,11.85,10.54,330514,362600880.0,11.19,-9.56,-1.12,3.83,13965881809.68
2014-02-26,10.54,11.01,11.36,10.54,302724,333316976.0,7.74,3.97,0.42,3.51,14519769473.52
2014-02-27,11.12,11.47,12.11,10.92,300230,351081328.0,10.81,4.18,0.46,3.48,15126408343.44
2014-02-28,11.4,11.79,11.92,11.08,179586,205285313.0,7.32,2.79,0.32,2.08,15548417992.079998
2014-03-03,11.79,11.6,12.34,11.45,144094,170543402.0,7.55,-1.61,-0.19,1.67,15297849763.199999
2014-03-04,11.6,11.47,12.07,11.25,113687,131981155.0,7.07,-1.12,-0.13,1.32,15126408343.44
2014-03-05,11.54,11.16,11.55,11.06,87957,98977383.0,4.27,-2.7,-0.31,1.02,14717586496.32
2014-03-06,11.03,10.86,11.15,10.45,146073,156611522.0,6.27,-2.69,-0.3,1.69,14321952450.72
2014-03-07,10.8,10.67,11.06,10.56,90011,97439270.0,4.6,-1.75,-0.19,1.04,14071384221.84
2014-03-10,10.65,10.37,10.9,10.32,98726,104795799.0,5.44,-2.81,-0.3,1.14,13675750176.24
2014-03-11,10.4,10.28,10.4,10.08,122624,124941275.0,3.09,-0.87,-0.09,1.42,13557059962.56
2014-03-12,10.28,10.44,10.55,10.15,68732,71165146.0,3.89,1.56,0.16,0.8,13768064786.88
2014-03-13,10.5,10.32,10.56,10.26,59536,61765584.0,2.87,-1.15,-0.12,0.69,13609811168.640001
2014-03-14,10.32,10.34,10.73,10.32,65171,68409115.0,3.97,0.19,0.02,0.75,13636186771.68
2014-03-17,10.35,11.12,11.33,10.35,117370,128633355.0,9.48,7.54,0.78,1.36,14664835290.24
2014-03-18,11.19,11.19,11.23,10.88,64839,71558612.0,3.15,0.63,0.07,0.75,14757149900.88
2014-03-19,11.2,11.4,11.49,11.01,89776,101217610.0,4.29,1.88,0.21,1.04,15034093732.800001
2014-03-20,11.38,10.41,11.44,10.35,164381,177130585.0,9.56,-8.68,-0.99,1.9,13728501382.32
2014-03-21,10.44,10.62,10.74,10.0,69353,72676060.0,7.11,2.02,0.21,0.8,14005445214.24
2014-03-24,10.73,10.91,11.08,10.42,91972,99618742.0,6.21,2.73,0.29,1.07,14387891458.32
2014-03-25,10.81,10.74,11.09,10.53,60262,65574880.0,5.13,-1.56,-0.17,0.7,14163698832.48
2014-03-26,10.68,10.64,10.85,10.58,46953,50269821.0,2.51,-0.93,-0.1,0.54,14031820817.28
2014-03-27,10.53,10.27,10.65,10.25,59645,62316043.0,3.76,-3.48,-0.37,0.69,13543872161.039999
2014-03-28,10.29,9.99,10.52,9.98,82889,83676785.0,5.26,-2.73,-0.28,0.96,13174613718.48
2014-03-31,10.04,10.11,10.51,9.91,80608,82429218.0,6.01,1.2,0.12,0.93,13332867336.72
2014-04-01,10.11,10.1,10.25,9.97,67130,67419446.0,2.77,-0.1,-0.01,0.78,13319679535.199999
2014-04-02,10.08,10.18,10.19,9.99,64210,64627945.0,1.98,0.79,0.08,0.74,13425181947.359999
2014-04-03,10.17,10.19,10.3,10.09,49929,50908825.0,2.06,0.1,0.01,0.58,13438369748.88
2014-04-04,10.18,10.21,10.37,9.9,70704,71772425.0,4.61,0.2,0.02,0.82,13464745351.920002
2014-04-08,10.09,10.29,10.43,10.0,67291,69175781.0,4.21,0.78,0.08,0.78,13570247764.079998
2014-04-09,10.25,10.78,10.86,10.25,161384,171114568.0,5.93,4.76,0.49,1.87,14216450038.56
2014-04-10,10.85,10.89,11.02,10.66,87388,95097409.0,3.34,1.02,0.11,1.01,14361515855.28
2014-04-11,10.9,10.95,11.01,10.7,76608,83537089.0,2.85,0.55,0.06,0.89,14440642664.4
2014-04-14,10.9,10.91,11.04,10.65,85110,92002000.0,3.56,-0.37,-0.04,0.99,14387891458.32
2014-04-15,10.91,11.78,11.86,10.85,227412,260260206.0,9.26,7.97,0.87,2.63,15535230190.56
2014-04-16,11.52,11.89,11.91,11.5,105176,123651652.0,3.48,0.93,0.11,1.22,15680296007.28
2014-04-17,12.0,11.68,12.0,11.51,100496,117509858.0,4.12,-1.77,-0.21,1.16,15403352175.359999
2014-04-18,11.65,11.6,11.65,11.4,67903,78308350.0,2.14,-0.68,-0.08,0.79,15297849763.199999
2014-04-21,11.52,11.29,11.59,11.22,58979,67012730.0,3.19,-2.67,-0.31,0.68,14889027916.079998
2014-04-22,11.23,10.97,11.51,10.78,117167,128994004.0,6.47,-2.83,-0.32,1.36,14467018267.44
2014-04-23,10.95,10.99,11.05,10.74,61351,66634715.0,2.83,0.18,0.02,0.71,14493393870.48
2014-04-24,10.97,11.15,11.17,10.85,61869,68400848.0,2.91,1.46,0.16,0.72,14704398694.800001
2014-04-25,11.08,11.14,11.49,10.96,74985,84471990.0,4.75,-0.09,-0.01,0.87,14691210893.28
2014-04-28,11.08,10.53,11.15,10.44,80046,84941916.0,6.37,-5.48,-0.61,0.93,13886755000.56
2014-04-29,10.53,10.57,10.64,10.3,70292,73455526.0,3.23,0.38,0.04,0.81,13939506206.640001
2014-04-30,10.5,9.97,10.65,9.8,225890,226887509.0,8.04,-5.68,-0.6,2.62,13148238115.44
2014-05-05,9.96,9.85,10.09,9.64,71746,70399756.0,4.51,-1.2,-0.12,0.83,12989984497.199999
2014-05-06,9.96,9.88,10.29,9.8,120844,121992134.0,4.97,0.3,0.03,1.4,13029547901.76
2014-05-07,9.94,10.05,10.28,9.8,162177,162333049.0,4.86,1.72,0.17,1.88,13253740527.6
2014-05-08,9.95,9.84,9.96,9.68,99761,97761627.0,2.79,-2.09,-0.21,1.16,12976796695.68
2014-05-09,9.75,9.65,9.83,9.36,73103,69691402.0,4.78,-1.93,-0.19,0.85,12726228466.800001
2014-05-12,9.65,9.68,9.84,9.5,72053,69772934.0,3.52,0.31,0.03,0.83,12765791871.359999
2014-05-13,9.68,9.37,9.82,9.25,95686,90576909.0,5.89,-3.2,-0.31,1.11,12356970024.24
2014-05-14,9.36,9.1,9.37,8.98,123624,112350803.0,4.16,-2.88,-0.27,1.43,12000899383.199999
2014-05-15,9.0,8.8,9.1,8.58,108262,95417117.0,5.71,-3.3,-0.3,1.25,11605265337.6
2014-05-16,8.75,8.8,8.82,8.53,72941,63170083.0,3.3,0.0,0.0,0.84,11605265337.6
2014-05-19,8.73,9.01,9.06,8.58,66914,59521657.0,5.45,2.39,0.21,0.77,11882209169.52
2014-05-20,9.02,8.77,9.15,8.63,56582,50139653.0,5.77,-2.66,-0.24,0.66,11565701933.039999
2014-05-21,8.7,9.05,9.18,8.61,65870,58995195.0,6.5,3.19,0.28,0.76,11934960375.6
2014-05-22,9.08,9.22,9.58,9.0,115511,108170569.0,6.41,1.88,0.17,1.34,12159153001.44
2014-05-23,9.21,9.38,9.43,9.15,29121,27249192.0,3.04,1.74,0.16,0.34,12370157825.76
2014-05-26,9.4,9.34,9.68,9.14,89901,85111540.0,5.76,-0.43,-0.04,1.04,12317406619.68
2014-05-27,9.28,9.14,9.5,9.11,52924,48966223.0,4.18,-2.14,-0.2,0.61,12053650589.28
2014-06-03,10.05,10.05,10.05,10.05,14743,14817087.0,0.0,9.96,0.91,0.17,13253740527.6
2014-06-04,11.06,11.06,11.06,10.31,485489,526610448.0,7.46,10.05,1.01,5.62,14585708481.12
2014-06-06,11.23,10.94,11.95,10.79,260874,298989520.0,10.49,-1.08,-0.12,3.02,14427454862.88
2014-06-09,10.8,10.77,11.16,10.62,101149,109517757.0,4.94,-1.55,-0.17,1.17,14203262237.039999
2014-06-10,10.71,11.22,11.54,10.71,168018,188687970.0,7.71,4.18,0.45,1.95,14796713305.44
2014-06-11,11.22,11.7,11.73,11.06,192126,220026336.0,5.97,4.28,0.48,2.22,15429727778.4
2014-06-12,11.61,11.08,11.61,11.0,209849,236074710.0,5.21,-5.3,-0.62,2.43,14612084084.16
2014-06-13,11.17,11.44,11.82,11.1,201247,231407970.0,6.5,3.25,0.36,2.33,15086844938.88
2014-06-16,11.63,11.49,11.84,11.2,157139,180212630.0,5.59,0.44,0.05,1.82,15152783946.48
2014-06-17,11.26,11.28,11.61,11.11,103903,117955183.0,4.35,-1.83,-0.21,1.2,14875840114.56
2014-06-18,11.28,11.0,11.28,10.61,166748,181485175.0,5.94,-2.48,-0.28,1.93,14506581672.0
2014-06-19,10.92,10.61,11.01,10.48,106761,114068190.0,4.82,-3.55,-0.39,1.24,13992257412.72
2014-06-20,10.61,10.84,10.89,10.6,56583,60892417.0,2.73,2.17,0.23,0.66,14295576847.68
2014-06-23,10.83,10.97,10.99,10.66,73415,79637611.0,3.04,1.2,0.13,0.85,14467018267.44
2014-06-24,11.0,11.19,11.2,10.73,74153,81457920.0,4.28,2.01,0.22,0.86,14757149900.88
2014-06-25,11.18,11.28,11.37,10.9,74691,83624762.0,4.2,0.8,0.09,0.86,14875840114.56
2014-06-26,11.15,11.04,11.35,11.0,59315,65962390.0,3.1,-2.13,-0.24,0.69,14559332878.079998
2014-06-27,11.04,11.02,11.16,10.94,58215,64289858.0,1.99,-0.18,-0.02,0.67,14532957275.039999
2014-06-30,10.84,11.04,11.13,10.83,82879,90965113.0,2.72,0.18,0.02,0.96,14559332878.079998
2014-07-01,11.05,11.04,11.07,10.87,89238,97948623.0,1.81,0.0,0.0,1.03,14559332878.079998
2014-07-02,11.0,10.84,11.05,10.8,54774,59506648.0,2.26,-1.81,-0.2,0.63,14295576847.68
2014-07-03,10.95,11.13,11.33,10.88,112898,126130579.0,4.15,2.68,0.29,1.31,14678023091.76
2014-07-04,11.15,10.96,11.2,10.88,66118,72587497.0,2.88,-1.53,-0.17,0.77,14453830465.920002
2014-07-07,10.96,10.75,11.0,10.6,80868,86847642.0,3.65,-1.92,-0.21,0.94,14176886634.0
2014-07-08,10.7,10.78,10.88,10.35,148982,157970084.0,4.93,0.28,0.03,1.73,14216450038.56
2014-07-09,10.73,10.96,11.09,10.58,163699,178962249.0,4.73,1.67,0.18,1.9,14453830465.920002
2014-07-10,11.15,11.43,11.8,11.15,244599,281024464.0,5.93,4.29,0.47,2.83,15073657137.359999
2014-07-11,11.44,11.28,11.49,11.04,102928,115025115.0,3.94,-1.31,-0.15,1.19,14875840114.56
2014-07-14,11.21,11.62,11.65,11.21,132298,152339726.0,3.9,3.01,0.34,1.53,15324225366.24
2014-07-15,11.62,11.67,11.7,11.35,101009,116748740.0,3.01,0.43,0.05,1.17,15390164373.84
2014-07-16,11.68,11.41,11.76,11.17,69297,78947836.0,5.06,-2.23,-0.26,0.8,15047281534.32
2014-07-17,11.47,11.36,11.47,11.22,32197,36347116.0,2.19,-0.44,-0.05,0.37,14981342526.72
2014-07-18,11.36,11.34,11.44,11.23,40028,45408371.0,1.85,-0.18,-0.02,0.46,14954966923.68
2014-07-21,11.29,11.0,11.35,10.95,52933,58403587.0,3.53,-3.0,-0.34,0.61,14506581672.0
2014-07-22,10.92,11.39,11.65,10.8,92587,103037641.0,7.73,3.55,0.39,1.07,15020905931.28
2014-07-23,11.29,11.17,11.35,11.12,44651,49964974.0,2.02,-1.93,-0.22,0.52,14730774297.84
2014-07-24,11.16,10.88,11.16,10.85,50941,55919005.0,2.78,-2.6,-0.29,0.59,14348328053.76
2014-07-25,10.81,10.76,11.08,10.61,73920,79577754.0,4.32,-1.1,-0.12,0.86,14190074435.52
2014-07-28,10.78,11.32,11.34,10.78,111579,123544701.0,5.2,5.2,0.56,1.29,14928591320.640001
2014-07-29,11.23,11.53,11.64,11.11,145755,165737874.0,4.68,1.86,0.21,1.69,15205535152.56
2014-07-30,11.48,11.54,11.65,11.36,62410,71906090.0,2.52,0.09,0.01,0.72,15218722954.079998
2014-07-31,11.54,11.85,12.0,11.5,124573,147666020.0,4.33,2.69,0.31,1.44,15627544801.199999
2014-08-01,11.86,12.42,12.68,11.74,193701,239637221.0,7.93,4.81,0.57,2.24,16379249487.84
2014-08-04,12.43,12.47,12.63,12.23,126422,156858076.0,3.22,0.4,0.05,1.46,16445188495.44
2014-08-05,12.47,12.4,12.68,12.3,65547,81715202.0,3.05,-0.56,-0.07,0.76,16352873884.800001
2014-08-06,12.4,12.2,12.5,11.97,70324,85442747.0,4.27,-1.61,-0.2,0.81,16089117854.4
2014-08-07,12.2,12.47,12.69,12.1,75017,93558515.0,4.84,2.21,0.27,0.87,16445188495.44
2014-08-08,12.37,12.1,12.52,12.03,80018,97239833.0,3.93,-2.97,-0.37,0.93,15957239839.199999
2014-08-11,12.17,12.19,12.22,11.85,100246,120204140.0,3.06,0.74,0.09,1.16,16075930052.88
2014-08-12,12.08,12.21,12.38,12.0,75106,91475018.0,3.12,0.16,0.02,0.87,16102305655.920002
2014-08-13,12.23,12.06,12.24,11.85,68843,82638634.0,3.19,-1.23,-0.15,0.8,15904488633.12
2014-08-14,12.09,12.3,12.35,12.03,81481,99713006.0,2.65,1.99,0.24,0.94,16220995869.6
2014-08-15,12.2,12.22,12.27,12.01,63226,76738978.0,2.11,-0.65,-0.08,0.73,16115493457.44
2014-08-18,12.21,12.25,12.5,12.14,76614,94147803.0,2.95,0.25,0.03,0.89,16155056862.0
2014-08-19,12.32,13.18,13.35,12.27,203827,263476431.0,8.82,7.59,0.93,2.36,17381522403.36
2014-08-20,13.25,13.12,13.55,12.93,84813,112075011.0,4.7,-0.46,-0.06,0.98,17302395594.239998
2014-08-21,13.18,12.95,13.2,12.7,68923,88914707.0,3.81,-1.3,-0.17,0.8,17078202968.4
2014-08-22,12.94,12.94,13.07,12.63,66571,85266726.0,3.4,-0.08,-0.01,0.77,17065015166.88
2014-08-25,12.96,12.72,13.12,12.69,88121,112954569.0,3.32,-1.7,-0.22,1.02,16774883533.44
2014-08-26,12.71,12.18,12.71,12.0,127381,155682685.0,5.58,-4.25,-0.54,1.48,16062742251.359999
2014-08-27,12.13,11.87,12.25,11.69,151143,178882616.0,4.6,-2.55,-0.31,1.75,15653920404.24
2014-08-28,11.92,11.93,12.04,11.75,85258,101365855.0,2.44,0.51,0.06,0.99,15733047213.359999
2014-08-29,11.9,12.03,12.03,11.79,41540,49521314.0,2.01,0.84,0.1,0.48,15864925228.56
2014-09-01,12.03,12.01,12.06,11.85,56319,67492409.0,1.75,-0.17,-0.02,0.65,15838549625.52
2014-09-02,12.09,12.48,12.64,12.08,143772,176402581.0,4.66,3.91,0.47,1.66,16458376296.960001
2014-09-03,12.49,12.44,12.53,12.25,87530,108311579.0,2.24,-0.32,-0.04,1.01,16405625090.88
2014-09-04,12.42,12.68,12.78,12.3,101229,127534905.0,3.86,1.93,0.24,1.17,16722132327.359999
2014-09-05,12.68,12.57,12.79,12.43,63726,79942083.0,2.84,-0.87,-0.11,0.74,16577066510.640001
2014-09-09,12.6,12.53,12.69,12.26,132627,164101487.0,3.42,-0.32,-0.04,1.54,16524315304.56
2014-09-10,12.43,12.22,12.5,12.11,134488,164972798.0,3.11,-2.47,-0.31,1.56,16115493457.44
2014-09-11,12.21,12.36,12.37,12.1,201665,246507958.0,2.21,1.15,0.14,2.34,16300122678.72
2014-09-12,12.29,12.22,12.37,12.05,187865,228942671.0,2.59,-1.13,-0.14,2.18,16115493457.44
2014-09-15,12.18,12.61,12.72,12.14,221931,276284736.0,4.75,3.19,0.39,2.57,16629817716.72
2014-09-16,12.62,12.39,12.65,12.32,135025,168002695.0,2.62,-1.74,-0.22,1.56,16339686083.28
2014-09-17,12.36,12.51,12.73,12.19,148712,185829127.0,4.36,0.97,0.12,1.72,16497939701.52
2014-09-18,12.36,12.81,12.95,12.36,167877,214342792.0,4.72,2.4,0.3,1.94,16893573747.12
2014-09-19,12.8,13.36,13.44,12.65,170693,223882075.0,6.17,4.29,0.55,1.98,17618902830.719997
2014-09-22,13.3,12.94,13.3,12.85,99570,129548686.0,3.37,-3.14,-0.42,1.15,17065015166.88
2014-09-23,12.8,12.93,12.97,12.62,61225,78355931.0,2.7,-0.08,-0.01,0.71,17051827365.359999
2014-09-24,12.91,13.13,13.21,12.69,104095,135537434.0,4.02,1.55,0.2,1.21,17315583395.760002
2014-09-25,13.18,13.32,13.57,13.05,134202,179244194.0,3.96,1.45,0.19,1.55,17566151624.64
2014-09-26,13.1,13.17,13.33,13.1,61539,81172121.0,1.73,-1.13,-0.15,0.71,17368334601.84
2014-09-29,13.13,13.04,13.27,12.98,87157,114285961.0,2.2,-0.99,-0.13,1.01,17196893182.079998
2014-09-30,14.0,13.52,14.0,13.1,205066,275573264.0,6.9,3.68,0.48,2.37,17829907655.04
2014-10-08,13.52,13.51,13.62,13.2,131322,176085534.0,3.11,-0.07,-0.01,1.52,17816719853.52
2014-10-09,13.46,13.39,13.55,13.25,60840,81473926.0,2.22,-0.89,-0.12,0.7,17658466235.280003
2014-10-10,13.36,12.82,13.39,12.74,177111,229491568.0,4.85,-4.26,-0.57,2.05,16906761548.640001
2014-10-13,12.78,12.89,13.15,12.6,96555,124549319.0,4.29,0.55,0.07,1.12,16999076159.28
2014-10-14,12.8,12.72,12.97,12.63,100021,128084533.0,2.64,-1.32,-0.17,1.16,16774883533.44
2014-10-15,12.72,12.85,12.9,12.59,107322,136813500.0,2.44,1.02,0.13,1.24,16946324953.199999
2014-10-16,12.7,12.51,12.98,12.5,98584,125924601.0,3.74,-2.65,-0.34,1.14,16497939701.52
2014-10-17,12.54,12.14,12.6,11.55,155928,187565133.0,8.39,-2.96,-0.37,1.81,16009991045.28
2014-10-20,12.08,12.1,12.25,11.74,72669,87396967.0,4.2,-0.33,-0.04,0.84,15957239839.199999
2014-10-21,12.1,12.62,12.89,12.06,160270,201482988.0,6.86,4.3,0.52,1.86,16643005518.24
2014-10-22,12.64,12.46,12.69,12.4,49318,61667333.0,2.3,-1.27,-0.16,0.57,16432000693.920002
2014-12-22,13.69,13.71,13.71,13.02,426523,582715008.0,5.54,10.03,1.25,4.94,18080475883.920002
2014-12-23,13.73,12.34,14.4,12.34,396046,520472432.0,15.03,-9.99,-1.37,4.59,16273747075.68
2014-12-24,12.34,12.62,12.9,12.26,145738,183042526.0,5.19,2.27,0.28,1.69,16643005518.24
2014-12-25,12.81,13.32,13.84,12.81,193035,257298201.0,8.16,5.55,0.7,2.24,17566151624.64
2014-12-26,13.35,13.25,13.45,13.0,129902,171362866.0,3.38,-0.53,-0.07,1.5,17473837014.0
2014-12-29,13.2,12.2,13.2,11.93,290700,356878880.0,9.58,-7.92,-1.05,3.37,16089117854.4
2014-12-30,12.16,11.28,12.18,11.1,276646,314863056.0,8.85,-7.54,-0.92,3.2,14875840114.56
2014-12-31,11.32,11.49,11.78,11.3,145287,167771891.0,4.26,1.86,0.21,1.68,15152783946.48
2015-01-05,11.69,11.15,11.78,10.9,294392,327945728.0,7.66,-2.96,-0.34,3.41,14704398694.800001
2015-01-06,11.06,11.5,11.7,11.01,225609,256842611.0,6.19,3.14,0.35,2.61,15165971748.0
2015-01-07,11.65,11.68,11.7,11.37,134682,155074482.0,2.87,1.57,0.18,1.56,15403352175.359999
2015-01-08,11.55,12.0,12.33,11.5,255072,306946384.0,7.11,2.74,0.32,2.95,15825361824.0
2015-01-09,12.0,11.98,12.11,11.8,121150,145447959.0,2.58,-0.17,-0.02,1.4,15798986220.960001
2015-01-12,11.97,11.61,12.1,11.5,150791,176937420.0,5.01,-3.09,-0.37,1.75,15311037564.72
2015-01-13,11.52,11.91,12.0,11.27,128662,149975228.0,6.29,2.58,0.3,1.49,15706671610.32
2015-01-14,11.91,11.89,12.2,11.79,81840,98352988.0,3.44,-0.17,-0.02,0.95,15680296007.28
2015-01-15,11.95,12.0,12.25,11.81,70133,84393112.0,3.7,0.93,0.11,0.81,15825361824.0
2015-01-16,12.1,12.12,12.33,12.05,99554,121439428.0,2.33,1.0,0.12,1.15,15983615442.24
2015-01-19,11.8,11.69,12.11,11.33,114482,135092557.0,6.44,-3.55,-0.43,1.33,15416539976.88
2015-01-20,11.81,12.12,12.12,11.6,127203,152318019.0,4.45,3.68,0.43,1.47,15983615442.24
2015-01-21,12.35,12.26,12.47,12.14,91706,112790134.0,2.72,1.16,0.14,1.06,16168244663.52
2015-01-22,12.49,12.67,12.74,12.33,122406,154428375.0,3.34,3.34,0.41,1.42,16708944525.84
2015-01-23,12.67,12.42,12.77,12.3,109427,137185919.0,3.71,-1.97,-0.25,1.27,16379249487.84
2015-01-26,12.53,13.66,13.66,12.48,224615,301338672.0,9.5,9.98,1.24,2.6,18014536876.32
2015-01-27,13.95,14.6,14.95,13.66,331295,468699472.0,9.44,6.88,0.94,3.84,19254190219.2
2015-01-28,14.56,14.5,14.99,14.14,211084,306797744.0,5.82,-0.68,-0.1,2.44,19122312204.0
2015-01-29,14.26,14.21,14.69,14.17,97815,141071151.0,3.59,-2.0,-0.29,1.13,18739865959.920002
2015-01-30,14.2,14.02,14.45,13.56,175796,245277828.0,6.26,-1.34,-0.19,2.04,18489297731.04
2015-02-02,14.0,14.23,14.73,13.81,183295,263936328.0,6.56,1.5,0.21,2.12,18766241562.96
2015-02-03,14.25,14.35,14.43,13.92,141536,200726255.0,3.58,0.84,0.12,1.64,18924495181.2
2015-02-04,14.4,14.27,15.15,14.05,168970,245019676.0,7.67,-0.56,-0.08,1.96,18818992769.04
2015-02-05,14.42,14.4,14.74,14.2,109742,159266487.0,3.78,0.91,0.13,1.27,18990434188.8
2015-02-06,14.29,13.77,14.49,13.67,109030,152713794.0,5.69,-4.38,-0.63,1.26,18159602693.04
2015-02-09,13.9,13.77,14.45,13.74,115862,163186365.0,5.16,0.0,0.0,1.34,18159602693.04
2015-02-10,13.8,14.23,14.33,13.77,104709,147529519.0,4.07,3.34,0.46,1.21,18766241562.96
2015-02-11,14.15,14.75,15.0,14.12,109547,161583902.0,6.18,3.65,0.52,1.27,19452007242.0
2015-02-12,14.56,15.72,16.16,14.56,139004,214426814.0,10.85,6.58,0.97,1.61,20731223989.440002
2015-02-13,15.8,16.13,16.59,15.8,181327,294542816.0,5.03,2.61,0.41,2.1,21271923851.76
2015-02-16,16.35,17.3,17.56,16.13,139404,236775729.0,8.87,7.25,1.17,1.61,22814896629.600002
2015-02-17,17.5,16.91,17.55,16.8,99722,170725090.0,4.34,-2.25,-0.39,1.15,22300572370.32
2015-02-25,16.95,16.88,17.4,16.21,121609,204207575.0,7.04,-0.18,-0.03,1.41,22261008965.76
2015-02-26,16.77,16.85,16.92,16.5,86337,143777431.0,2.49,-0.18,-0.03,1.0,22221445561.2
2015-02-27,16.8,16.81,17.2,16.68,78420,132610552.0,3.09,-0.24,-0.04,0.91,22168694355.12
2015-03-03,16.48,17.35,18.27,16.0,162921,283135408.0,13.5,3.21,0.54,1.89,22880835637.2
2015-03-04,17.12,17.17,17.48,16.65,115699,195907968.0,4.78,-1.04,-0.18,1.34,22643455209.840004
2015-03-05,16.98,16.77,17.2,16.6,110078,184908070.0,3.49,-2.33,-0.4,1.27,22115943149.04
2015-03-06,16.62,16.45,17.03,16.28,52197,86688901.0,4.47,-1.91,-0.32,0.6,21693933500.399998
2015-03-09,16.18,16.05,16.46,15.0,154818,242802225.0,8.88,-2.43,-0.4,1.79,21166421439.600002
2015-03-10,16.0,16.02,16.16,15.63,97423,155012402.0,3.3,-0.19,-0.03,1.13,21126858035.04
2015-03-11,16.09,15.93,16.61,15.88,68584,111188463.0,4.56,-0.56,-0.09,0.79,21008167821.36
2015-03-12,16.01,15.8,16.17,15.58,63142,99540836.0,3.7,-0.82,-0.13,0.73,20836726401.600002
2015-03-13,15.8,15.88,15.97,15.65,74120,117343438.0,2.03,0.51,0.08,0.86,20942228813.760002
2015-03-16,15.74,16.23,16.25,15.73,179736,287030144.0,3.27,2.2,0.35,2.08,21403801866.96
2015-03-17,16.29,16.17,16.43,16.0,221559,358462512.0,2.65,-0.37,-0.06,2.57,21324675057.840004
2015-03-18,16.24,16.99,17.17,16.11,227795,377849168.0,6.56,5.07,0.82,2.64,22406074782.48
2015-03-19,17.24,16.74,17.24,16.51,127395,213250777.0,4.3,-1.47,-0.25,1.48,22076379744.48
2015-03-20,16.75,16.44,16.79,16.24,215027,351975456.0,3.29,-1.79,-0.3,2.49,21680745698.88
2015-03-23,16.46,16.36,16.48,16.1,312145,507434272.0,2.31,-0.49,-0.08,3.61,21575243286.719997
2015-03-24,16.41,16.31,16.48,16.0,276089,448643760.0,2.93,-0.31,-0.05,3.2,21509304279.12
2015-03-25,16.29,16.93,17.05,16.18,351710,587613408.0,5.33,3.8,0.62,4.07,22326947973.36
2015-03-26,16.87,16.4,16.87,16.29,222817,368883424.0,3.43,-3.13,-0.53,2.58,21627994492.8
2015-03-27,16.42,16.51,16.83,16.32,135024,224145428.0,3.11,0.67,0.11,1.56,21773060309.52
2015-03-30,16.52,17.16,18.16,16.5,266314,461322496.0,10.05,3.94,0.65,3.08,22630267408.32
2015-03-31,17.18,17.17,17.5,16.81,183679,315390768.0,4.02,0.06,0.01,2.13,22643455209.840004
2015-04-01,17.18,18.55,18.82,17.18,473942,859259360.0,9.55,8.04,1.38,5.49,24463371819.600002
2015-04-02,18.88,19.53,19.89,18.8,366899,701652112.0,5.88,5.28,0.98,4.25,25755776368.56
2015-04-03,19.09,19.07,19.45,18.8,221481,422056112.0,3.33,-2.36,-0.46,2.56,25149137498.64
2015-04-07,19.1,18.81,19.36,18.59,266191,500237888.0,4.04,-1.36,-0.26,3.08,24806254659.12
2015-04-08,18.9,18.27,19.0,18.01,227135,417880800.0,5.26,-2.87,-0.54,2.63,24094113377.04
2015-04-09,18.3,17.88,18.42,17.17,152025,270129200.0,6.84,-2.13,-0.39,1.76,23579789117.76
2015-04-10,17.81,18.24,18.5,17.69,131002,239542977.0,4.53,2.01,0.36,1.52,24054549972.48
2015-04-13,18.25,18.26,18.48,18.0,164702,300669616.0,2.63,0.11,0.02,1.91,24080925575.52
2015-04-14,18.36,18.69,18.85,18.26,208366,386119168.0,3.23,2.35,0.43,2.41,24648001040.88
2015-04-15,18.75,17.64,18.86,17.6,173844,313401552.0,6.74,-5.62,-1.05,2.01,23263281881.280003
2015-04-16,17.25,17.58,18.12,17.0,173643,304790496.0,6.35,-0.34,-0.06,2.01,23184155072.159996
2015-04-17,17.87,17.91,18.2,17.62,150869,269430192.0,3.3,1.88,0.33,1.75,23619352522.32
2015-04-20,17.74,17.19,17.8,17.16,190177,332627616.0,3.57,-4.02,-0.72,2.2,22669830812.88
2015-04-21,17.2,17.92,17.98,17.2,117938,208278409.0,4.54,4.25,0.73,1.37,23632540323.840004
2015-04-22,18.03,18.65,18.75,18.03,200762,371483568.0,4.02,4.07,0.73,2.32,24595249834.8
2015-04-23,18.8,18.8,19.15,18.34,204205,383727120.0,4.34,0.8,0.15,2.36,24793066857.600002
2015-04-24,18.43,20.68,20.68,18.35,343507,676426816.0,12.39,10.0,1.88,3.98,27272373543.36
2015-04-27,21.0,20.46,21.01,20.2,249644,513242032.0,3.92,-1.06,-0.22,2.89,26982241909.920002
2015-04-28,20.39,20.0,20.63,19.12,249621,493918176.0,7.38,-2.25,-0.46,2.89,26375603040.0
2015-04-29,19.99,21.38,21.93,19.81,215953,452468928.0,10.6,6.9,1.38,2.5,28195519649.76
2015-04-30,21.51,21.74,22.0,20.92,164159,352411616.0,5.05,1.68,0.36,1.9,28670280504.48
2015-05-04,21.51,22.8,23.44,20.79,196984,434876432.0,12.19,4.88,1.06,2.28,30068187465.600002
2015-05-05,22.6,23.08,23.73,22.28,172013,396367488.0,6.36,1.23,0.28,1.99,30437445908.159996
2015-05-06,23.1,22.97,24.48,22.5,163417,383626000.0,8.58,-0.48,-0.11,1.89,30292380091.44
2015-05-07,22.89,21.62,23.32,21.12,131744,290619728.0,9.58,-5.88,-1.35,1.53,28512026886.24
2015-05-08,21.63,21.94,22.33,21.5,101440,221181748.0,3.84,1.48,0.32,1.17,28934036534.88
2015-05-11,21.96,22.88,23.09,21.36,198041,436079888.0,7.89,4.28,0.94,2.29,30173689877.76
2015-05-12,22.6,24.23,24.34,22.51,198222,468461376.0,8.0,5.9,1.35,2.3,31954043082.96
2015-05-13,25.07,24.48,25.99,24.2,224848,562821552.0,7.39,1.03,0.25,2.6,32283738120.96
2015-05-14,24.0,23.5,24.5,22.03,354429,828050688.0,10.09,-4.0,-0.98,4.1,30991333572.0
2015-05-15,23.4,23.09,23.4,22.44,155613,356526704.0,4.09,-1.74,-0.41,1.8,30450633709.68
2015-05-18,23.08,22.44,23.15,22.08,176635,398801408.0,4.63,-2.82,-0.65,2.05,29593426610.88
2015-05-19,22.53,23.09,23.2,22.16,161853,366651872.0,4.63,2.9,0.65,1.87,30450633709.68
2015-05-20,23.0,23.33,24.2,23.0,175548,415701776.0,5.2,1.04,0.24,2.03,30767140946.159996
2015-05-21,23.53,24.72,25.0,22.88,222788,532082368.0,9.09,5.96,1.39,2.58,32600245357.44
2015-05-22,25.1,25.14,25.72,24.29,253284,632621712.0,5.78,1.7,0.42,2.93,33154133021.280003
2015-05-25,25.18,26.08,26.35,24.7,247242,631547520.0,6.56,3.74,0.94,2.86,34393786364.159996
2015-05-26,25.98,28.69,28.69,25.86,274276,767110432.0,10.85,10.01,2.61,3.18,37835802560.880005
2015-05-27,29.98,31.48,31.56,27.75,392825,1178445872.0,13.28,9.72,2.79,4.55,41515199184.96
2015-06-04,32.0,31.5,34.63,28.53,353840,1139393488.0,19.38,0.06,0.02,4.1,41541574788.0
2015-06-05,31.7,32.95,34.0,30.66,306663,993331904.0,10.6,4.6,1.45,3.55,43453806008.4
2015-06-08,33.5,30.11,33.51,30.0,283338,883603408.0,10.65,-8.62,-2.84,3.28,39708470376.72
2015-06-09,29.8,29.08,29.98,28.18,213251,617343248.0,5.98,-3.42,-1.03,2.47,38350126820.159996
2015-06-10,29.11,30.1,30.68,28.61,177040,531395216.0,7.12,3.51,1.02,2.05,39695282575.200005
2015-06-11,31.9,31.14,31.9,30.5,176573,550054416.0,4.65,3.46,1.04,2.04,41066813933.28
2015-06-12,30.86,29.0,30.96,28.78,271866,807899168.0,7.0,-6.87,-2.14,3.15,38244624408.0
2015-06-15,29.0,29.16,29.99,28.6,149241,437288416.0,4.79,0.55,0.16,1.73,38455629232.32
2015-06-16,29.49,27.88,29.49,27.65,107401,304033952.0,6.31,-4.39,-1.28,1.24,36767590637.76
2015-06-17,27.71,27.85,28.18,26.33,167075,455349264.0,6.64,-0.11,-0.03,1.93,36728027233.200005
2015-06-18,27.9,26.33,27.95,26.0,146402,393978448.0,7.0,-5.46,-1.52,1.7,34723481402.159996
2015-06-19,25.93,24.39,26.89,23.7,115312,292915360.0,12.12,-7.37,-1.94,1.34,32165047907.280003
2015-06-23,24.56,24.3,24.8,21.95,159171,368036608.0,11.69,-0.37,-0.09,1.84,32046357693.600002
2015-06-24,24.27,25.14,25.2,23.62,170433,418511248.0,6.5,3.46,0.84,1.97,33154133021.280003
2015-06-25,25.29,23.76,25.32,23.2,106395,262874712.0,8.43,-5.49,-1.38,1.23,31334216411.52
2015-06-26,23.28,21.38,23.28,21.38,163868,358085376.0,8.0,-10.02,-2.38,1.9,28195519649.76
2015-06-29,21.6,19.24,22.19,19.24,149418,299000640.0,13.8,-10.01,-2.14,1.73,25373330124.48
2015-06-30,18.65,20.57,21.0,17.32,262231,493698816.0,19.13,6.91,1.33,3.04,27127307726.64
2015-07-01,20.98,18.98,21.75,18.45,205512,427121488.0,16.04,-7.73,-1.59,2.38,25030447284.96
2015-07-02,19.36,18.0,19.88,17.3,207327,388045200.0,13.59,-5.16,-0.98,2.4,23738042736.0
2015-07-03,17.5,17.42,18.95,16.21,244639,428041680.0,15.22,-3.22,-0.58,2.83,22973150247.840004
2015-07-06,19.16,19.05,19.16,15.68,394008,692698704.0,19.98,9.36,1.63,4.56,25122761895.600002
2015-07-07,18.0,17.15,18.95,17.15,220597,387097696.0,9.45,-9.97,-1.9,2.55,22617079606.8
2015-07-08,15.44,15.62,16.28,15.44,851207,1335693712.0,4.9,-8.92,-1.53,9.86,20599345974.239998
2015-07-09,15.0,17.18,17.18,15.0,187836,314430192.0,13.96,9.99,1.56,2.18,22656643011.36
2015-07-10,18.0,18.9,18.9,18.0,67534,126006709.0,5.24,10.01,1.72,0.78,24924944872.8
2015-07-13,20.6,20.79,20.79,19.4,263526,536633936.0,7.35,10.0,1.89,3.05,27417439360.079998
2015-07-14,20.7,20.53,22.45,20.0,324825,685280032.0,11.78,-1.25,-0.26,3.76,27074556520.56
2015-07-15,19.69,18.48,20.5,18.48,201312,383425024.0,9.84,-9.99,-2.05,2.33,24371057208.96
2015-07-16,18.48,18.5,19.5,16.77,216963,399510096.0,14.77,0.11,0.02,2.51,24397432812.0
2015-07-17,18.79,20.0,20.14,18.55,164966,322358416.0,8.59,8.11,1.5,1.91,26375603040.0
2015-07-20,20.18,21.04,21.3,19.99,217987,449901648.0,6.55,5.2,1.04,2.52,27747134398.079998
2015-11-04,19.02,21.86,22.9,18.94,467520,946230128.0,18.82,3.9,0.82,5.41,28828534122.719997
2015-11-05,21.09,20.21,22.06,20.1,441142,922352096.0,8.97,-7.55,-1.65,5.11,26652546871.920002
2015-11-06,20.1,20.42,20.88,20.01,259604,529593984.0,4.3,1.04,0.21,3.01,26929490703.840004
2015-11-09,20.03,19.93,20.3,19.43,351274,697222144.0,4.26,-2.4,-0.49,4.07,26283288429.36
2015-11-10,19.92,20.0,20.44,19.68,240817,482987904.0,3.81,0.35,0.07,2.79,26375603040.0
2015-11-11,20.12,21.14,21.25,19.97,393136,813018672.0,6.4,5.7,1.14,4.55,27879012413.280003
2015-11-12,21.3,21.16,21.47,20.51,323565,677314032.0,4.54,0.09,0.02,3.75,27905388016.32
2015-11-13,20.84,22.31,22.87,20.7,425874,931421344.0,10.26,5.43,1.15,4.93,29421985191.12
2015-11-16,21.58,22.68,23.0,21.52,312807,700977152.0,6.63,1.66,0.37,3.62,29909933847.36
2015-11-17,22.9,21.83,23.54,21.61,396397,890755712.0,8.51,-3.75,-0.85,4.59,28788970718.159996
2015-11-18,21.78,20.8,21.99,20.66,240158,510688784.0,6.09,-4.72,-1.03,2.78,27430627161.600002
2015-11-19,20.8,21.16,21.24,20.66,159597,333553824.0,2.79,1.73,0.36,1.85,27905388016.32
2015-11-20,21.1,20.83,21.39,20.6,245006,512256672.0,3.73,-1.56,-0.33,2.84,27470190566.159996
2015-11-23,20.8,21.07,21.54,20.67,220452,466017632.0,4.18,1.15,0.24,2.55,27786697802.64
2015-11-24,21.17,21.04,21.18,20.7,106450,222069324.0,2.28,-0.14,-0.03,1.23,27747134398.079998
2015-11-25,21.19,21.25,21.25,20.85,148990,314054880.0,1.9,1.0,0.21,1.73,28024078230.0
2015-11-26,21.4,20.73,21.44,20.7,202770,423972192.0,3.48,-2.45,-0.52,2.35,27338312550.96
2015-11-27,20.59,19.83,20.6,19.5,267718,536727648.0,5.31,-4.34,-0.9,3.1,26151410414.159996
2015-11-30,19.83,19.45,19.98,18.5,237685,455406432.0,7.46,-1.92,-0.38,2.75,25650273956.399998
2015-12-01,19.4,19.55,19.73,19.09,110922,215321770.0,3.29,0.51,0.1,1.28,25782151971.600002
2015-12-02,19.37,19.4,19.53,18.65,91683,175698214.0,4.5,-0.77,-0.15,1.06,25584334948.8
2015-12-03,19.5,19.52,19.56,19.08,112556,217650604.0,2.47,0.62,0.12,1.3,25742588567.04
2015-12-04,19.54,19.38,19.75,19.17,93412,181569330.0,2.97,-0.72,-0.14,1.08,25557959345.76
2015-12-07,19.37,19.33,19.43,19.07,85874,165167488.0,1.86,-0.26,-0.05,0.99,25492020338.159996
2015-12-08,19.35,18.82,19.37,18.73,99504,188239026.0,3.31,-2.64,-0.51,1.15,24819442460.64
2015-12-09,18.85,18.73,18.85,18.39,107732,200692843.0,2.44,-0.48,-0.09,1.25,24700752246.96
2015-12-10,18.81,18.89,19.38,18.45,157017,296238016.0,4.97,0.85,0.16,1.82,24911757071.280003
2015-12-11,18.83,18.65,18.83,18.5,59742,111367854.0,1.75,-1.27,-0.24,0.69,24595249834.8
2015-12-14,18.5,18.66,18.68,18.15,130845,241781132.0,2.84,0.05,0.01,1.52,24608437636.32
2015-12-15,18.64,18.69,19.13,18.53,131792,247745881.0,3.22,0.16,0.03,1.53,24648001040.88
2015-12-16,18.85,19.06,19.2,18.59,162460,307916416.0,3.26,1.98,0.37,1.88,25135949697.12
2015-12-17,19.09,19.33,19.47,19.09,217831,420885008.0,1.99,1.42,0.27,2.52,25492020338.159996
2015-12-18,19.33,18.9,19.33,18.66,201189,380867360.0,3.47,-2.22,-0.43,2.33,24924944872.8
2015-12-21,18.86,19.9,20.25,18.76,371391,728569216.0,7.88,5.29,1.0,4.3,26243725024.8
2015-12-22,19.95,19.85,20.22,19.61,276651,550391904.0,3.07,-0.25,-0.05,3.2,26177786017.2
2015-12-23,20.0,19.39,20.13,19.2,252792,497070032.0,4.69,-2.32,-0.46,2.93,25571147147.280003
2015-12-24,19.55,19.18,19.67,18.7,140902,270006528.0,5.0,-1.08,-0.21,1.63,25294203315.36
2015-12-25,19.17,19.16,19.18,18.9,115307,219714747.0,1.46,-0.1,-0.02,1.34,25267827712.32
2015-12-28,19.23,18.9,19.37,18.71,196845,373782832.0,3.44,-1.36,-0.26,2.28,24924944872.8
2015-12-29,18.92,18.91,18.95,18.52,115236,215584340.0,2.28,0.05,0.01,1.33,24938132674.32
2015-12-30,18.94,19.2,19.26,18.79,150176,287315408.0,2.49,1.53,0.29,1.74,25320578918.399998
2015-12-31,19.39,18.83,19.39,18.71,100946,192708234.0,3.54,-1.93,-0.37,1.17,24832630262.159996
2016-01-04,18.82,16.96,18.83,16.95,115508,206072807.0,9.98,-9.93,-1.87,1.34,22366511377.920002
2016-01-05,15.97,16.77,17.38,15.7,164069,270634464.0,9.91,-1.12,-0.19,1.9,22115943149.04
2016-01-06,16.71,16.99,17.3,16.55,137161,231557879.0,4.47,1.31,0.22,1.59,22406074782.48
2016-01-07,17.0,15.29,17.0,15.29,36201,57712915.0,10.06,-10.01,-1.7,0.42,20164148524.079998
2016-01-08,15.9,15.18,16.0,13.82,214319,322121456.0,14.26,-0.72,-0.11,2.47,20019082707.36
2016-01-11,14.7,13.66,14.84,13.66,169337,241764907.0,7.77,-10.01,-1.52,1.95,18014536876.32
2016-01-12,13.8,13.47,13.98,13.1,118726,161200657.0,6.44,-1.39,-0.19,1.37,17763968647.440002
2016-01-14,12.6,13.79,13.91,12.56,164613,217573362.0,10.02,2.38,0.32,1.9,18185978296.079998
2016-01-15,13.5,12.95,13.78,12.8,115842,154075568.0,7.11,-6.09,-0.84,1.34,17078202968.4
2016-01-18,12.64,13.08,13.35,12.58,133706,174780296.0,5.95,1.0,0.13,1.54,17249644388.16
2016-01-19,13.05,13.66,13.78,13.02,165461,222481088.0,5.81,4.43,0.58,1.91,18014536876.32
2016-01-20,13.7,14.33,14.95,13.66,271298,388114800.0,9.44,4.9,0.67,3.13,18898119578.16
2016-01-21,13.93,13.32,14.28,13.23,176595,246100158.0,7.33,-7.05,-1.01,2.04,17566151624.64
2016-01-22,13.5,13.59,13.67,12.88,136163,182450157.0,5.93,2.03,0.27,1.57,17922222265.68
2016-01-25,13.81,13.99,14.3,13.68,144208,202031390.0,4.56,2.94,0.4,1.66,18449734326.48
2016-01-26,13.81,12.6,13.85,12.59,181979,240126988.0,9.01,-9.94,-1.39,2.1,16616629915.199999
2016-01-27,12.6,12.67,12.81,11.77,130065,160532591.0,8.25,0.56,0.07,1.5,16708944525.84
2016-01-28,12.5,12.41,12.86,12.28,106879,133925263.0,4.58,-2.05,-0.26,1.23,16366061686.32
2016-01-29,12.4,12.98,13.15,12.33,110987,142201553.0,6.61,4.59,0.57,1.28,17117766372.960001
2016-02-01,12.96,12.94,13.16,12.68,75155,97427496.0,3.7,-0.31,-0.04,0.87,17065015166.88
2016-02-02,13.04,13.44,13.54,12.92,104442,139445571.0,4.79,3.86,0.5,1.2,17724405242.88
2016-02-03,13.25,13.58,13.68,13.18,97676,131117481.0,3.72,1.04,0.14,1.13,17909034464.16
2016-02-04,13.63,13.97,14.07,13.6,112889,157146385.0,3.46,2.87,0.39,1.3,18423358723.440002
2016-02-05,14.38,13.91,14.4,13.78,107729,151334528.0,4.44,-0.43,-0.06,1.24,18344231914.32
2016-02-15,13.35,13.66,13.73,13.33,69767,94579290.0,2.88,-1.8,-0.25,0.8,18014536876.32
2016-02-16,13.79,14.26,14.36,13.76,131823,185967858.0,4.39,4.39,0.6,1.52,18805804967.52
2016-02-17,14.16,14.18,14.23,13.78,148741,208960687.0,3.16,-0.56,-0.08,1.71,18700302555.36
2016-02-18,14.39,14.18,14.56,14.08,167384,239399491.0,3.39,0.0,0.0,1.93,18700302555.36
2016-02-19,14.05,14.17,14.35,14.01,117724,166730056.0,2.4,-0.07,-0.01,1.36,18687114753.84
2016-02-22,14.4,14.33,14.4,14.15,180364,257563583.0,1.76,1.13,0.16,2.08,18898119578.16
2016-02-23,14.35,14.03,14.4,13.83,133189,187348451.0,3.98,-2.09,-0.3,1.54,18502485532.559998
2016-02-24,13.93,14.03,14.06,13.66,104334,144894473.0,2.85,0.0,0.0,1.2,18502485532.559998
2016-02-25,14.04,12.63,14.04,12.63,212693,282039632.0,10.05,-9.98,-1.4,2.45,16656193319.76
2016-02-26,12.71,12.6,12.86,12.18,99818,125279302.0,5.38,-0.24,-0.03,1.15,16616629915.199999
2016-02-29,12.3,11.66,12.52,11.5,102254,120753449.0,8.1,-7.46,-0.94,1.18,15376976572.32
2016-03-01,11.74,11.82,11.96,11.54,112746,132832059.0,3.6,1.37,0.16,1.3,15587981396.640001
2016-03-02,11.78,12.39,12.4,11.7,127847,154925408.0,5.92,4.82,0.57,1.47,16339686083.28
2016-03-03,12.44,12.66,12.85,12.31,155441,194442558.0,4.36,2.18,0.27,1.79,16695756724.32
2016-03-04,12.65,12.07,12.65,11.79,162481,197784628.0,6.79,-4.66,-0.59,1.87,15917676434.640001
2016-03-07,12.14,12.29,12.49,12.14,85840,105765820.0,2.9,1.82,0.22,0.99,16207808068.079998
2016-03-08,12.29,12.25,12.29,11.69,97083,116337459.0,4.88,-0.33,-0.04,1.12,16155056862.0
2016-03-09,12.05,12.01,12.1,11.73,70477,84246768.0,3.02,-1.96,-0.24,0.81,15838549625.52
2016-03-10,12.05,11.86,12.17,11.81,90208,108098098.0,3.0,-1.25,-0.15,1.04,15640732602.72
2016-03-11,11.85,12.1,12.28,11.72,82378,99078395.0,4.72,2.02,0.24,0.95,15957239839.199999
2016-03-14,12.22,12.43,12.72,12.18,131949,165078259.0,4.46,2.73,0.33,1.52,16392437289.359999
2016-03-15,12.4,12.23,12.55,12.2,86807,107336426.0,2.82,-1.61,-0.2,1.0,16128681258.960001
2016-03-16,12.32,11.99,12.49,11.88,63201,76510950.0,4.99,-1.96,-0.24,0.73,15812174022.48
2016-03-17,12.0,12.45,12.52,12.0,108064,133400006.0,4.34,3.84,0.46,1.25,16418812892.4
2016-03-18,12.55,13.29,13.36,12.54,223431,291561024.0,6.59,6.75,0.84,2.57,17526588220.079998
2016-03-21,13.4,13.91,14.1,13.4,244403,337337136.0,5.27,4.67,0.62,2.82,18344231914.32
2016-03-22,13.78,13.97,14.37,13.71,239500,338118560.0,4.74,0.43,0.06,2.76,18423358723.440002
2016-03-23,13.85,13.98,14.08,13.76,103825,144406393.0,2.29,0.07,0.01,1.2,18436546524.96
2016-03-24,13.97,14.24,14.66,13.81,214274,306844288.0,6.08,1.86,0.26,2.47,18779429364.48
2016-03-25,14.13,14.3,14.51,14.05,123114,175481678.0,3.23,0.42,0.06,1.42,18858556173.600002
2016-03-28,14.36,13.98,15.08,13.96,236817,345814384.0,7.83,-2.24,-0.32,2.73,18436546524.96
2016-03-29,14.0,13.48,14.1,13.2,197659,268421882.0,6.44,-3.58,-0.5,2.28,17777156448.96
2016-03-30,13.65,14.13,14.14,13.54,148893,205420333.0,4.45,4.82,0.65,1.72,18634363547.760002
2016-03-31,14.25,15.18,15.44,14.25,338545,505506224.0,8.42,7.43,1.05,3.9,20019082707.36
2016-04-01,15.18,15.35,15.38,14.91,309772,470629344.0,3.1,1.12,0.17,3.57,20243275333.2
2016-04-05,15.9,15.48,15.94,15.39,344456,540274832.0,3.58,0.85,0.13,3.97,20414716752.96
2016-04-06,15.53,17.03,17.03,15.36,466185,766794592.0,10.79,10.01,1.55,5.37,22458825988.56
2016-04-07,16.94,16.6,17.66,16.5,631193,1083630160.0,6.81,-2.52,-0.43,7.27,21891750523.2
2016-04-08,16.35,16.75,16.89,16.01,325199,535497120.0,5.3,0.9,0.15,3.75,22089567546.0
2016-04-11,16.68,17.33,17.7,16.54,338253,583719344.0,6.93,3.46,0.58,3.9,22854460034.159996
2016-04-12,17.28,16.77,17.29,16.49,262819,440695792.0,4.62,-3.23,-0.56,3.03,22115943149.04
2016-04-13,17.19,17.07,17.44,16.98,300806,516621248.0,2.74,1.79,0.3,3.47,22511577194.64
2016-04-14,17.1,17.57,17.98,17.1,354722,624677024.0,5.16,2.93,0.5,4.09,23170967270.64
2016-04-15,17.58,17.3,17.68,17.05,147600,255223747.0,3.59,-1.54,-0.27,1.7,22814896629.600002
2016-04-18,17.2,16.67,17.2,16.2,195105,323779936.0,5.78,-3.64,-0.63,2.25,21984065133.840004
2016-04-19,16.5,16.54,16.76,16.28,143220,236198834.0,2.88,-0.78,-0.13,1.65,21812623714.079998
2016-04-20,16.68,15.1,16.71,14.89,323886,498836016.0,11.0,-8.71,-1.44,3.73,19913580295.2
2016-04-21,15.09,14.81,15.26,14.75,168433,252013108.0,3.38,-1.92,-0.29,1.94,19531134051.12
2016-04-22,14.94,15.23,15.35,14.81,159436,241615083.0,3.65,2.84,0.42,1.84,20085021714.96
2016-04-25,15.38,15.52,15.7,15.0,146348,226048857.0,4.6,1.9,0.29,1.69,20467467959.04
2016-04-26,15.35,15.54,15.76,15.21,86181,133167173.0,3.54,0.13,0.02,0.99,20493843562.079998
2016-04-27,15.61,15.55,15.75,15.35,111597,173401673.0,2.57,0.06,0.01,1.29,20507031363.600002
2016-04-28,15.52,15.48,15.62,15.02,114838,176274012.0,3.86,-0.45,-0.07,1.32,20414716752.96
2016-04-29,15.5,15.26,15.53,15.05,135624,207425073.0,3.1,-1.42,-0.22,1.56,20124585119.52
2016-05-03,15.42,15.92,15.95,15.14,241801,380254592.0,5.31,4.33,0.66,2.79,20994980019.84
2016-05-04,15.9,15.87,16.0,15.75,136859,217218710.0,1.57,-0.31,-0.05,1.58,20929041012.239998
2016-05-05,15.87,15.98,16.03,15.74,117788,187342108.0,1.83,0.69,0.11,1.36,21074106828.96
2016-05-06,15.98,14.89,16.27,14.8,230213,355282720.0,9.2,-6.82,-1.09,2.65,19636636463.280003
2016-05-09,14.67,14.13,14.73,14.01,165209,236366640.0,4.84,-5.1,-0.76,1.9,18634363547.760002
2016-05-10,14.13,14.11,14.38,13.97,97981,138927970.0,2.9,-0.14,-0.02,1.13,18607987944.719997
2016-05-11,14.23,14.05,14.4,13.99,83514,118223552.0,2.91,-0.43,-0.06,0.96,18528861135.600002
2016-05-12,13.78,14.19,14.23,13.44,91613,126677156.0,5.62,1.0,0.14,1.06,18713490356.88
2016-05-13,14.11,14.18,14.5,13.94,79738,113337604.0,3.95,-0.07,-0.01,0.92,18700302555.36
2016-05-16,14.15,14.54,14.62,13.8,122610,173962397.0,5.78,2.54,0.36,1.41,19175063410.079998
2016-05-17,14.57,14.84,15.03,14.5,201633,298746064.0,3.65,2.06,0.3,2.32,19570697455.68
2016-05-18,14.7,14.52,14.78,14.35,102682,149165738.0,2.9,-2.16,-0.32,1.18,19148687807.04
2016-05-19,14.61,14.95,15.06,14.5,162258,241336816.0,3.86,2.96,0.43,1.87,19715763272.399998
2016-05-20,14.73,16.45,16.45,14.68,393544,626473424.0,11.84,10.03,1.5,4.54,21693933500.399998
2016-05-23,16.98,16.6,17.3,16.43,356328,597445872.0,5.29,0.91,0.15,4.11,21891750523.2
2016-05-24,16.7,16.29,16.73,15.81,219783,353849136.0,5.54,-1.87,-0.31,2.53,21482928676.079998
2016-05-25,16.31,15.93,16.4,15.73,194343,313081392.0,4.11,-2.21,-0.36,2.24,21008167821.36
2016-05-26,15.84,16.08,16.27,15.42,203364,321553360.0,5.34,0.94,0.15,2.34,21205984844.159996
2016-05-27,16.03,15.91,16.24,15.83,139401,223715475.0,2.55,-1.06,-0.17,1.61,20981792218.32
2016-05-30,15.55,15.62,16.0,15.48,134652,211367710.0,3.27,-1.82,-0.29,1.55,20599345974.239998
2016-05-31,15.63,16.31,16.44,15.63,227828,367282288.0,5.19,4.42,0.69,2.63,21509304279.12
2016-06-01,16.4,16.59,16.79,16.17,270990,447765728.0,3.8,1.72,0.28,3.12,21878562721.68
2016-06-02,16.64,16.98,17.17,16.45,244643,413948272.0,4.34,2.35,0.39,2.82,22392886980.96
2016-06-03,17.0,16.85,17.15,16.71,168791,285582320.0,2.59,-0.77,-0.13,1.95,22221445561.2
2016-06-06,16.8,16.94,17.07,16.7,109611,185150847.0,2.2,0.53,0.09,1.26,22340135774.88
2016-06-07,16.87,16.8,17.07,16.56,133613,224403063.0,3.01,-0.83,-0.14,1.54,22155506553.600002
2016-06-08,17.6,16.7,17.6,16.63,347535,591158384.0,5.77,-0.6,-0.1,4.0,22023628538.399998
2016-06-13,16.18,15.34,16.26,15.18,251106,401053984.0,6.47,-8.14,-1.36,2.89,20230087531.68
2016-06-14,15.21,15.57,15.65,15.12,115439,178354467.0,3.46,1.5,0.23,1.33,20533406966.64
2016-06-15,15.33,16.81,17.1,15.33,253561,420526352.0,11.37,7.96,1.24,2.92,22168694355.12
2016-06-16,16.84,17.13,17.44,16.7,278678,477209072.0,4.4,1.9,0.32,3.21,22590704003.76
2016-06-17,17.11,16.97,17.2,16.69,174125,294826992.0,2.98,-0.93,-0.16,2.01,22379699179.44
2016-06-20,14.03,13.86,14.18,13.74,120620,167087466.0,2.59,-18.33,-3.11,1.16,18278292906.719997
2016-06-21,14.04,13.71,14.26,13.51,179271,250060793.0,5.41,-1.08,-0.15,1.72,18080475883.920002
2016-06-22,13.74,13.83,13.91,13.49,122080,167553077.0,3.06,0.88,0.12,1.17,18238729502.16
2016-06-23,13.81,13.94,14.15,13.6,166556,231276645.0,3.98,0.8,0.11,1.6,18383795318.88
2016-06-24,13.91,13.45,14.11,13.1,208166,282408480.0,7.25,-3.52,-0.49,2.0,17737593044.399998
2016-06-27,13.22,13.86,13.94,13.22,143586,196925387.0,5.35,3.05,0.41,1.38,18278292906.719997
2016-06-28,13.88,13.97,14.0,13.66,180804,249983244.0,2.45,0.79,0.11,1.74,18423358723.440002
2016-06-29,14.11,13.92,14.32,13.75,253746,354426752.0,4.08,-0.36,-0.05,2.44,18357419715.84
2016-06-30,13.83,13.85,14.02,13.7,172401,238655515.0,2.3,-0.5,-0.07,1.66,18265105105.2
2016-07-01,13.9,13.73,13.98,13.72,153120,211767679.0,1.88,-0.87,-0.12,1.47,18106851486.96
2016-07-04,13.6,13.86,13.94,13.6,180022,249001434.0,2.48,0.95,0.13,1.73,18278292906.719997
2016-07-05,13.82,13.89,14.05,13.81,146806,204149330.0,1.73,0.22,0.03,1.41,18317856311.280003
2016-07-06,13.89,14.09,14.2,13.75,212097,296049328.0,3.24,1.44,0.2,2.04,18581612341.68
2016-07-07,14.16,13.9,14.16,13.7,194083,269615760.0,3.26,-1.35,-0.19,1.86,18331044112.8
2016-07-08,13.9,13.77,13.95,13.68,171432,235671926.0,1.94,-0.94,-0.13,1.65,18159602693.04
2016-07-11,13.99,14.55,14.91,13.81,471151,677390560.0,7.99,5.66,0.78,4.52,19188251211.600002
2016-07-12,14.6,14.6,14.83,14.24,312832,454311296.0,4.05,0.34,0.05,3.0,19254190219.2
2016-07-13,14.66,15.03,15.35,14.49,326264,486620448.0,5.89,2.95,0.43,3.13,19821265684.559998
2016-07-14,15.0,15.48,15.87,14.81,429116,664805168.0,7.05,2.99,0.45,4.12,20414716752.96
2016-07-15,15.65,15.58,15.97,15.34,293773,458415760.0,4.07,0.65,0.1,2.82,20546594768.16
2016-07-18,15.33,15.17,15.49,15.03,253720,384521904.0,2.95,-2.63,-0.41,2.44,20005894905.84
2016-07-19,15.05,15.39,15.4,14.93,187705,284662864.0,3.1,1.45,0.22,1.8,20296026539.280003
2016-07-20,15.4,15.21,15.6,15.1,174789,267867356.0,3.25,-1.17,-0.18,1.68,20058646111.920002
2016-07-21,15.21,15.17,15.48,15.12,126879,193762980.0,2.37,-0.26,-0.04,1.22,20005894905.84
2016-07-22,15.15,15.06,15.28,14.76,163967,245182238.0,3.43,-0.73,-0.11,1.57,19860829089.12
2016-07-25,15.0,14.97,15.2,14.76,131833,197150871.0,2.92,-0.6,-0.09,1.27,19742138875.440002
2016-07-26,15.0,15.1,15.18,14.94,133466,200918450.0,1.6,0.87,0.13,1.28,19913580295.2
2016-07-27,15.15,14.53,15.39,14.18,244168,361315952.0,8.01,-3.77,-0.57,2.34,19161875608.559998
2016-07-28,14.45,14.43,14.64,13.98,198036,282470304.0,4.54,-0.69,-0.1,1.9,19029997593.36
2016-07-29,14.4,14.44,14.57,14.15,99779,143656920.0,2.91,0.07,0.01,0.96,19043185394.88
2016-08-01,14.2,14.1,14.25,13.9,129352,181798390.0,2.42,-2.35,-0.34,1.24,18594800143.2
2016-08-02,14.11,14.25,14.31,14.07,89940,127666406.0,1.7,1.06,0.15,0.86,18792617166.0
2016-08-03,14.3,14.15,14.36,14.09,100375,142859632.0,1.89,-0.7,-0.1,0.96,18660739150.8
2016-08-04,14.14,14.38,14.42,14.08,92307,131736256.0,2.4,1.63,0.23,0.89,18964058585.760002
2016-08-05,14.3,14.16,14.4,14.11,71602,101721334.0,2.02,-1.53,-0.22,0.69,18673926952.32
2016-08-08,14.01,14.56,14.57,14.01,104257,149873366.0,3.95,2.82,0.4,0.94,19201439013.12
2016-08-09,14.56,14.52,14.64,14.39,98336,142664773.0,1.72,-0.27,-0.04,0.89,19148687807.04
2016-08-10,14.57,14.36,14.65,14.21,83278,119985035.0,3.03,-1.1,-0.16,0.75,18937682982.719997
2016-08-11,14.3,14.3,14.36,14.13,64331,91652827.0,1.6,-0.42,-0.06,0.58,18858556173.600002
2016-08-12,14.26,14.47,14.57,14.14,92135,132274285.0,3.01,1.19,0.17,0.83,19082748799.440002
2016-08-15,14.48,14.85,14.98,14.37,126754,187067406.0,4.22,2.63,0.38,1.15,19583885257.2
2016-08-16,14.85,14.88,15.08,14.8,88194,131721737.0,1.89,0.2,0.03,0.8,19623448661.760002
2016-08-17,14.99,14.94,15.07,14.74,67763,100980107.0,2.22,0.4,0.06,0.61,19702575470.88
2016-08-18,14.94,14.87,15.08,14.8,69795,104271780.0,1.87,-0.47,-0.07,0.63,19610260860.239998
2016-08-19,14.83,14.98,15.02,14.82,82852,123640845.0,1.34,0.74,0.11,0.75,19755326676.96
2016-08-22,15.0,14.93,15.27,14.74,107695,162035467.0,3.54,-0.33,-0.05,0.97,19689387669.36
2016-08-23,14.85,14.91,14.96,14.8,73051,108737342.0,1.07,-0.13,-0.02,0.66,19663012066.32
2016-08-24,14.93,15.11,15.2,14.93,98153,147860685.0,1.81,1.34,0.2,0.89,19926768096.719997
2016-08-25,15.0,15.0,15.06,14.4,114183,168993623.0,4.37,-0.73,-0.11,1.03,19781702280.0
2016-08-26,14.92,14.91,15.02,14.85,66204,98756613.0,1.13,-0.6,-0.09,0.6,19663012066.32
2016-08-29,14.82,14.73,14.89,14.63,72171,106335273.0,1.74,-1.21,-0.18,0.65,19425631638.96
2016-08-30,14.79,14.75,14.83,14.69,45685,67382187.0,0.95,0.14,0.02,0.41,19452007242.0
2016-08-31,14.75,14.79,14.85,14.68,47621,70325738.0,1.15,0.27,0.04,0.43,19504758448.079998
2016-09-01,14.72,14.64,14.75,14.5,48169,70476319.0,1.69,-1.01,-0.15,0.44,19306941425.280003
2016-09-02,14.52,14.42,14.63,14.3,70620,101885759.0,2.25,-1.5,-0.22,0.64,19016809791.84
2016-09-05,14.35,14.46,14.54,14.28,60161,86814293.0,1.8,0.28,0.04,0.54,19069560997.920002
2016-09-06,14.53,14.84,14.98,14.3,114609,168296281.0,4.7,2.63,0.38,1.04,19570697455.68
2016-09-07,14.9,14.98,15.17,14.81,138011,206954564.0,2.43,0.94,0.14,1.25,19755326676.96
2016-09-08,14.98,15.0,15.05,14.88,69555,104043068.0,1.13,0.13,0.02,0.63,19781702280.0
2016-09-09,14.99,14.82,15.04,14.75,50786,75735054.0,1.93,-1.2,-0.18,0.46,19544321852.64
2016-09-12,14.6,14.16,14.7,14.05,123873,177715902.0,4.39,-4.45,-0.66,1.12,18673926952.32
2016-09-13,14.26,14.24,14.36,14.11,56227,79901386.0,1.77,0.56,0.08,0.51,18779429364.48
2016-09-14,14.25,14.3,14.55,14.07,60460,86858463.0,3.37,0.42,0.06,0.55,18858556173.600002
2016-09-19,14.5,14.45,14.6,14.39,56666,82087748.0,1.47,1.05,0.15,0.51,19056373196.399998
2016-09-20,14.55,14.34,14.55,14.24,38767,55598557.0,2.15,-0.76,-0.11,0.35,18911307379.68
2016-09-21,14.36,14.3,14.42,14.29,49437,71028338.0,0.91,-0.28,-0.04,0.45,18858556173.600002
2016-09-22,14.4,14.39,14.48,14.3,48627,70094358.0,1.26,0.63,0.09,0.44,18977246387.280003
2016-09-23,14.39,14.33,14.43,14.14,48435,69184242.0,2.02,-0.42,-0.06,0.44,18898119578.16
2016-09-26,14.25,14.08,14.27,13.86,66094,93182470.0,2.86,-1.74,-0.25,0.6,18568424540.16
2016-09-27,13.99,14.09,14.1,13.87,65098,90986623.0,1.63,0.07,0.01,0.59,18581612341.68
2016-09-28,14.2,13.9,14.2,13.86,57451,80511682.0,2.41,-1.35,-0.19,0.52,18331044112.8
2016-12-26,13.13,13.6,13.97,12.88,271924,363327504.0,7.84,-2.16,-0.3,2.46,17935410067.2
2016-12-27,13.5,13.56,13.75,13.45,118294,160552417.0,2.21,-0.29,-0.04,1.07,17882658861.12
2016-12-28,13.59,13.51,13.6,13.43,78661,106291062.0,1.25,-0.37,-0.05,0.71,17816719853.52
2016-12-29,13.43,13.51,13.62,13.29,83509,112116081.0,2.44,0.0,0.0,0.75,17816719853.52
2016-12-30,13.51,13.95,14.0,13.42,193860,264694056.0,4.29,3.26,0.44,1.75,18396983120.399998
2017-01-03,13.9,13.85,13.9,13.72,98719,136131622.0,1.29,-0.72,-0.1,0.89,18265105105.2
2017-01-04,13.8,13.94,13.96,13.72,71382,98814231.0,1.73,0.65,0.09,0.64,18383795318.88
2017-01-05,13.85,13.93,14.05,13.85,46195,64469078.0,1.43,-0.07,-0.01,0.42,18370607517.36
2017-01-06,13.93,14.0,14.06,13.86,41253,57813475.0,1.44,0.5,0.07,0.37,18462922128.0
2017-01-09,13.82,14.03,14.07,13.77,56450,78855946.0,2.14,0.21,0.03,0.51,18502485532.559998
2017-01-10,14.07,14.01,14.1,13.86,42331,59168373.0,1.71,-0.14,-0.02,0.38,18476109929.52
2017-01-11,13.99,14.07,14.13,13.93,54090,76004258.0,1.43,0.43,0.06,0.49,18555236738.64
2017-01-12,14.09,14.07,14.12,13.9,42697,60016710.0,1.56,0.0,0.0,0.38,18555236738.64
2017-01-13,14.05,14.37,14.45,13.97,91760,130171982.0,3.41,2.13,0.3,0.82,18950870784.239998
2017-01-16,14.25,14.64,14.66,14.14,176074,254551131.0,3.62,1.88,0.27,1.58,19306941425.280003
2017-01-17,14.32,14.71,14.76,14.32,82616,120743375.0,3.01,0.48,0.07,0.74,19399256035.920002
2017-01-18,14.73,14.56,14.88,14.53,130925,193214110.0,2.38,-1.02,-0.15,1.18,19201439013.12
2017-01-19,14.6,14.17,14.65,14.1,86241,122948127.0,3.78,-2.68,-0.39,0.78,18687114753.84
2017-01-20,14.1,14.3,14.5,14.08,52242,74805557.0,2.96,0.92,0.13,0.47,18858556173.600002
2017-01-23,14.3,14.35,14.4,14.14,39779,56799033.0,1.82,0.35,0.05,0.36,18924495181.2
2017-01-24,14.21,14.08,14.33,14.05,73613,104254741.0,1.95,-1.88,-0.27,0.66,18568424540.16
2017-01-25,14.02,14.29,14.36,14.02,30309,43196748.0,2.41,1.49,0.21,0.27,18845368372.079998
2017-01-26,14.24,14.34,14.36,14.23,19411,27770117.0,0.91,0.35,0.05,0.17,18911307379.68
2017-02-03,14.34,14.24,14.48,14.23,23985,34417095.0,1.74,-0.7,-0.1,0.22,18779429364.48
2017-02-06,14.11,14.21,14.27,14.11,49457,70188477.0,1.12,-0.21,-0.03,0.44,18739865959.920002
2017-02-07,14.13,14.25,14.26,13.75,93687,130886237.0,3.59,0.28,0.04,0.84,18792617166.0
2017-02-08,14.11,14.19,14.25,13.97,47414,66805236.0,1.96,-0.42,-0.06,0.43,18713490356.88
2017-02-09,14.14,14.24,14.26,14.12,45366,64335391.0,0.99,0.35,0.05,0.41,18779429364.48
2017-02-10,14.3,14.39,14.65,14.24,91904,133225672.0,2.88,1.05,0.15,0.83,18977246387.280003
2017-02-13,14.39,14.55,14.57,14.35,76282,110509808.0,1.53,1.11,0.16,0.69,19188251211.600002
2017-02-14,14.57,14.39,14.57,14.37,47877,68990675.0,1.37,-1.1,-0.16,0.43,18977246387.280003
2017-02-15,14.44,14.2,14.49,14.13,77998,111213269.0,2.5,-1.32,-0.19,0.7,18726678158.399998
2017-02-16,14.2,14.2,14.26,14.11,42219,59919686.0,1.06,0.0,0.0,0.38,18726678158.399998
2017-02-17,14.25,14.01,14.26,13.95,36168,51057291.0,2.18,-1.34,-0.19,0.33,18476109929.52
2017-02-20,14.01,13.87,14.1,13.77,109827,152132727.0,2.36,-1.0,-0.14,0.99,18291480708.239998
2017-02-21,13.92,14.03,14.04,13.85,49592,69177425.0,1.37,1.15,0.16,0.45,18502485532.559998
2017-02-22,14.06,14.13,14.15,13.96,41667,58557787.0,1.35,0.71,0.1,0.37,18634363547.760002
2017-02-23,14.14,14.04,14.2,13.94,67858,95124437.0,1.84,-0.64,-0.09,0.61,18515673334.079998
2017-02-24,14.08,14.39,14.4,14.0,69913,99417987.0,2.85,2.49,0.35,0.63,18977246387.280003
2017-02-27,14.43,14.4,14.49,14.34,80106,115316575.0,1.04,0.07,0.01,0.72,18990434188.8
2017-02-28,14.38,14.55,14.64,14.3,74716,108522083.0,2.36,1.04,0.15,0.67,19188251211.600002
2017-03-01,14.55,14.8,14.9,14.47,122739,180196720.0,2.96,1.72,0.25,1.1,19517946249.600002
2017-03-02,14.82,14.63,14.82,14.62,56939,83602808.0,1.35,-1.15,-0.17,0.51,19293753623.760002
2017-03-03,14.69,14.7,14.93,14.5,100330,147670577.0,2.94,0.48,0.07,0.9,19386068234.399998
2017-03-06,14.63,15.39,15.87,14.63,234338,360673104.0,8.44,4.69,0.69,2.11,20296026539.280003
2017-03-07,15.42,15.7,15.78,15.34,142765,222762620.0,2.86,2.01,0.31,1.28,20704848386.399998
2017-03-08,15.61,15.54,15.84,15.42,104277,163150069.0,2.68,-1.02,-0.16,0.94,20493843562.079998
2017-03-09,15.53,15.46,15.65,15.2,56805,87353012.0,2.9,-0.51,-0.08,0.51,20388341149.920002
2017-03-10,15.49,15.58,15.74,15.36,86041,134385050.0,2.46,0.78,0.12,0.77,20546594768.16
2017-03-13,15.56,16.2,16.55,15.4,226837,368084144.0,7.38,3.98,0.62,2.04,21364238462.399998
2017-03-14,15.96,15.88,16.33,15.85,122666,196959575.0,2.96,-1.98,-0.32,1.1,20942228813.760002
2017-03-15,15.98,15.74,15.99,15.66,71908,113612979.0,2.08,-0.88,-0.14,0.65,20757599592.48
2017-03-16,15.83,15.82,16.1,15.75,101529,161716650.0,2.22,0.51,0.08,0.91,20863102004.64
2017-03-17,15.82,15.71,15.95,15.66,85966,135626128.0,1.83,-0.7,-0.11,0.77,20718036187.920002
2017-03-20,15.7,15.77,15.85,15.5,73831,115288993.0,2.23,0.38,0.06,0.66,20797162997.04
2017-03-21,15.75,15.69,15.84,15.59,50802,79815636.0,1.59,-0.51,-0.08,0.46,20691660584.88
2017-03-22,15.6,15.88,16.16,15.6,93647,149165995.0,3.57,1.21,0.19,0.84,20942228813.760002
2017-03-23,15.9,15.79,16.08,15.61,54590,86289723.0,2.96,-0.57,-0.09,0.49,20823538600.079998
2017-03-24,15.9,15.86,16.03,15.72,91492,145216883.0,1.96,0.44,0.07,0.82,20915853210.719997
2017-03-27,15.88,15.56,15.95,15.46,83931,131244648.0,3.09,-1.89,-0.3,0.75,20520219165.12
2017-03-28,15.56,15.46,15.65,15.16,105211,161936070.0,3.15,-0.64,-0.1,0.95,20388341149.920002
2017-03-29,15.54,15.48,15.76,15.45,74433,115928880.0,2.01,0.13,0.02,0.67,20414716752.96
2017-03-30,15.4,14.92,15.52,14.9,98054,148634867.0,4.01,-3.62,-0.56,0.88,19676199867.84
2017-03-31,14.92,15.13,15.24,14.92,108079,162968396.0,2.14,1.41,0.21,0.97,19953143699.760002
2017-04-05,14.7,15.2,15.29,14.69,212874,318713408.0,3.97,0.46,0.07,1.91,20045458310.399998
2017-04-06,15.07,15.09,15.4,15.0,72032,109172955.0,2.63,-0.72,-0.11,0.65,19900392493.68
2017-04-07,15.01,14.97,15.07,14.62,117495,174525233.0,2.98,-0.8,-0.12,1.06,19742138875.440002
2017-04-10,15.0,14.87,15.05,14.79,58870,87629897.0,1.74,-0.67,-0.1,0.53,19610260860.239998
2017-04-11,14.87,14.82,15.1,14.65,99277,147237647.0,3.03,-0.34,-0.05,0.89,19544321852.64
2017-04-12,14.81,14.9,14.94,14.71,73318,108724304.0,1.55,0.54,0.08,0.66,19649824264.8
2017-04-13,14.85,14.86,14.97,14.7,72869,108028935.0,1.81,-0.27,-0.04,0.66,19597073058.719997
2017-04-14,14.86,14.86,14.95,14.74,61193,90902224.0,1.41,0.0,0.0,0.55,19597073058.719997
2017-04-17,14.86,14.76,14.9,14.7,57228,84532331.0,1.35,-0.67,-0.1,0.51,19465195043.52
2017-04-18,14.76,14.41,14.9,14.3,71831,104921326.0,4.07,-2.37,-0.35,0.65,19003621990.32
2017-04-19,14.31,14.31,14.55,14.04,78413,111676730.0,3.54,-0.69,-0.1,0.65,18871743975.12
2017-04-20,14.31,14.47,14.71,14.31,48646,70775676.0,2.8,1.12,0.16,0.4,19082748799.440002
2017-04-21,14.47,14.35,14.6,14.21,50214,72090799.0,2.7,-0.83,-0.12,0.41,18924495181.2
2017-04-24,14.36,14.03,14.49,14.02,41054,58554090.0,3.28,-2.23,-0.32,0.34,18502485532.559998
2017-04-25,14.1,14.27,14.45,14.08,41669,59541213.0,2.64,1.71,0.24,0.34,18818992769.04
2017-04-26,14.2,14.26,14.45,14.2,28992,41446016.0,1.75,-0.07,-0.01,0.24,18805804967.52
2017-04-27,14.2,14.3,14.35,13.94,43899,61969036.0,2.88,0.28,0.04,0.36,18858556173.600002
2017-04-28,14.34,14.3,14.35,14.16,17576,25053943.0,1.33,0.0,0.0,0.14,18858556173.600002
2017-05-02,14.3,14.17,14.38,14.15,31057,44302689.0,1.61,-0.91,-0.13,0.26,18687114753.84
2017-05-03,14.13,14.19,14.28,14.11,43603,61925654.0,1.2,0.14,0.02,0.36,18713490356.88
2017-05-04,14.19,14.45,14.55,14.13,45577,65597809.0,2.96,1.83,0.26,0.37,19056373196.399998
2017-05-05,14.4,14.21,14.53,14.2,42734,61183245.0,2.28,-1.66,-0.24,0.35,18739865959.920002
2017-05-08,14.21,13.9,14.3,13.9,27892,39331114.0,2.81,-2.18,-0.31,0.23,18331044112.8
2017-05-09,13.9,14.17,14.22,13.77,36937,51746010.0,3.24,1.94,0.27,0.3,18687114753.84
2017-05-10,14.18,14.09,14.22,14.04,29598,41809089.0,1.27,-0.56,-0.08,0.24,18581612341.68
2017-05-11,14.0,13.91,14.1,13.75,38274,53138981.0,2.48,-1.28,-0.18,0.31,18344231914.32
2017-05-12,13.86,13.93,14.08,13.83,23720,32984357.0,1.8,0.14,0.02,0.2,18370607517.36
2017-05-15,14.0,14.12,14.17,13.92,23935,33725843.0,1.79,1.36,0.19,0.2,18621175746.239998
2017-05-16,14.15,14.24,14.25,14.0,24236,34278283.0,1.77,0.85,0.12,0.2,18779429364.48
2017-05-17,14.3,14.28,14.37,14.22,41162,58920779.0,1.05,0.28,0.04,0.34,18832180570.559998
2017-05-18,14.4,12.85,14.4,12.85,94101,127112819.0,10.85,-10.01,-1.43,0.77,16946324953.199999
2017-05-19,12.97,13.31,13.34,11.95,330150,411231776.0,10.82,3.58,0.46,2.72,17552963823.12
2017-05-22,12.8,12.8,13.07,12.55,107167,137091454.0,3.91,-3.83,-0.51,0.88,16880385945.6
2017-05-23,12.72,12.21,12.84,11.99,138324,169588041.0,6.64,-4.61,-0.59,1.14,16102305655.920002
2017-05-24,12.21,12.34,12.53,11.96,73994,90880306.0,4.67,1.06,0.13,0.61,16273747075.68
2017-05-25,12.4,12.47,12.86,12.4,102978,129721864.0,3.73,1.05,0.13,0.85,16445188495.44
2017-05-26,12.4,12.46,12.7,12.28,62389,78182951.0,3.37,-0.08,-0.01,0.51,16432000693.920002
2017-05-31,12.48,12.4,12.68,12.28,74795,93306888.0,3.21,-0.48,-0.06,0.62,16352873884.800001
2017-06-01,12.97,12.81,13.53,12.79,110390,143627585.0,5.97,3.31,0.41,0.91,16893573747.12
2017-06-02,12.62,13.33,13.5,12.62,131182,173492547.0,6.87,4.06,0.52,1.08,17579339426.16
2017-06-05,13.21,13.35,13.65,13.21,93742,126350310.0,3.3,0.15,0.02,0.77,17605715029.2
2017-06-06,13.29,13.49,13.57,13.24,72669,98048817.0,2.47,1.05,0.14,0.6,17790344250.48
2017-06-07,13.45,13.66,13.78,13.42,86954,118206870.0,2.67,1.26,0.17,0.72,18014536876.32
2017-06-08,13.64,13.83,13.89,13.59,62019,85506445.0,2.2,1.24,0.17,0.51,18238729502.16
2017-06-09,13.77,13.67,13.85,13.61,58530,80136383.0,1.74,-1.16,-0.16,0.48,18027724677.84
2017-06-12,13.68,13.48,13.73,13.32,60001,81114866.0,3.0,-1.39,-0.19,0.49,17777156448.96
2017-06-13,13.49,13.55,13.71,13.42,52548,71390786.0,2.15,0.52,0.07,0.43,17869471059.600002
2017-06-14,13.47,13.82,13.92,13.47,62716,86830325.0,3.32,1.99,0.27,0.52,18225541700.64
2017-06-15,13.89,13.91,14.06,13.83,52208,72958077.0,1.66,0.65,0.09,0.43,18344231914.32
2017-06-16,13.91,13.71,14.0,13.69,29911,41206709.0,2.23,-1.44,-0.2,0.25,18080475883.920002
2017-06-19,13.71,13.71,13.8,13.62,25605,35062213.0,1.31,0.0,0.0,0.21,18080475883.920002
2017-06-20,13.64,13.81,14.04,13.64,55868,77573042.0,2.92,0.73,0.1,0.46,18212353899.12
2017-06-21,13.9,13.67,13.95,13.65,33640,46260260.0,2.17,-1.01,-0.14,0.28,18027724677.84
2017-06-22,13.73,13.7,13.85,13.5,47141,64662773.0,2.56,0.22,0.03,0.39,18067288082.399998
2017-06-23,13.71,13.67,13.92,13.45,52158,71484180.0,3.43,-0.22,-0.03,0.43,18027724677.84
2017-06-26,13.68,13.78,13.78,13.5,44403,60776656.0,2.05,0.8,0.11,0.37,18172790494.559998
2017-06-27,13.75,13.89,13.95,13.66,45887,63531676.0,2.1,0.8,0.11,0.38,18317856311.280003
2017-06-28,13.89,13.92,13.98,13.74,36011,49938803.0,1.73,0.22,0.03,0.3,18357419715.84
2017-06-29,13.94,13.67,13.98,13.55,51626,71069951.0,3.09,-1.8,-0.25,0.42,18027724677.84
2017-06-30,13.67,13.59,13.76,13.43,48654,65879394.0,2.41,-0.59,-0.08,0.4,17922222265.68
2017-07-03,13.56,13.6,13.63,13.39,28164,38024547.0,1.77,0.07,0.01,0.23,17935410067.2
2017-07-04,13.52,13.49,13.69,13.49,25849,35061367.0,1.47,-0.81,-0.11,0.21,17790344250.48
2017-07-05,13.49,13.63,13.63,13.43,24722,33436434.0,1.48,1.04,0.14,0.2,17974973471.760002
2017-07-06,13.66,13.86,13.97,13.52,64104,88749092.0,3.3,1.69,0.23,0.53,18278292906.719997
2017-07-07,13.9,13.9,14.1,13.81,45622,63715656.0,2.09,0.29,0.04,0.38,18331044112.8
2017-07-10,13.9,13.79,14.05,13.78,35918,49988582.0,1.94,-0.79,-0.11,0.3,18185978296.079998
2017-07-11,13.81,13.67,13.97,13.65,36689,50843560.0,2.32,-0.87,-0.12,0.3,18027724677.84
2017-07-12,13.67,13.06,13.8,12.91,82155,108690175.0,6.51,-4.46,-0.61,0.68,17223268785.12
2017-07-13,13.18,13.2,13.28,12.71,68564,88996731.0,4.36,1.07,0.14,0.56,17407898006.399998
2017-07-14,14.0,14.52,14.52,13.7,310742,447553888.0,6.21,10.0,1.32,2.56,19148687807.04
2017-07-17,14.9,14.6,15.37,14.46,491242,733980144.0,6.27,0.55,0.08,4.04,19254190219.2
2017-07-18,14.47,15.01,15.06,14.1,323699,472679376.0,6.58,2.81,0.41,2.66,19794890081.52
2017-07-19,14.79,14.85,14.95,14.48,289117,425745712.0,3.13,-1.07,-0.16,2.38,19583885257.2
2017-07-20,14.85,14.86,15.34,14.78,354653,534713616.0,3.77,0.07,0.01,2.92,19597073058.719997
2017-07-21,14.63,14.5,14.77,14.32,231089,335110704.0,3.03,-2.42,-0.36,1.9,19122312204.0
2017-07-24,14.36,14.35,14.54,14.05,186618,265815259.0,3.38,-1.03,-0.15,1.53,18924495181.2
2017-07-25,14.36,14.47,14.54,14.17,125601,180630219.0,2.58,0.84,0.12,1.03,19082748799.440002
2017-07-26,14.41,14.4,14.63,14.22,142883,206149282.0,2.83,-0.48,-0.07,1.18,18990434188.8
2017-07-27,14.44,14.51,14.65,14.15,127251,183492703.0,3.47,0.76,0.11,1.05,19135500005.52
2017-07-28,14.4,14.76,14.99,14.27,173939,254514574.0,4.96,1.72,0.25,1.43,19465195043.52
2017-07-31,14.61,15.25,15.28,14.55,288033,434969424.0,4.95,3.32,0.49,2.37,20111397318.0
2017-08-01,15.1,15.07,15.36,14.82,188160,283241504.0,3.54,-1.18,-0.18,1.55,19874016890.64
2017-08-02,15.0,14.63,15.06,14.41,137269,201344445.0,4.31,-2.92,-0.44,1.13,19293753623.760002
2017-08-03,14.64,14.56,14.84,14.4,117133,170828215.0,3.01,-0.48,-0.07,0.96,19201439013.12
2017-08-04,14.63,14.43,14.76,14.37,124632,181865734.0,2.68,-0.89,-0.13,1.02,19029997593.36
2017-08-07,14.51,15.52,15.8,14.32,276496,420092192.0,10.26,7.55,1.09,2.27,20467467959.04
2017-08-08,15.53,15.85,16.08,15.36,297263,467091968.0,4.64,2.13,0.33,2.44,20902665409.2
2017-08-09,15.9,15.87,16.66,15.59,351979,568478544.0,6.75,0.13,0.02,2.89,20929041012.239998
2017-08-10,16.05,15.43,16.14,15.33,214010,333504032.0,5.1,-2.77,-0.44,1.76,20348777745.36
2017-08-11,15.34,15.32,15.73,15.21,178305,275706784.0,3.37,-0.71,-0.11,1.43,20203711928.64
2017-08-14,15.49,16.85,16.85,15.49,335694,550924144.0,8.88,9.99,1.53,2.7,22221445561.2
2017-08-15,17.17,17.32,18.09,16.98,477829,833532656.0,6.59,2.79,0.47,3.84,22841272232.64
2017-08-16,17.37,17.57,17.98,17.07,328883,576283968.0,5.25,1.44,0.25,2.64,23170967270.64
2017-08-17,17.31,17.57,17.8,17.13,224777,393077248.0,3.81,0.0,0.0,1.8,23170967270.64
2017-08-18,17.57,17.21,18.08,17.01,220713,384580832.0,6.09,-2.05,-0.36,1.77,22696206415.920002
2017-08-21,17.21,17.27,17.47,16.7,197613,337089200.0,4.47,0.35,0.06,1.59,22775333225.04
2017-08-22,17.1,16.88,17.18,16.8,190545,323435296.0,2.2,-2.26,-0.39,1.53,22261008965.76
2017-08-23,17.08,16.83,17.35,16.6,141723,240025520.0,4.44,-0.3,-0.05,1.14,22195069958.159996
2017-08-24,16.7,16.78,17.1,16.63,95396,160839019.0,2.79,-0.3,-0.05,0.77,22129130950.56
2017-08-25,16.58,17.08,17.15,16.53,118398,200095627.0,3.69,1.79,0.3,0.95,22524764996.159996
2017-08-28,17.2,17.72,17.89,17.0,223101,388349936.0,5.21,3.75,0.64,1.79,23368784293.44
2017-08-29,17.98,17.8,18.33,17.7,213237,383316000.0,3.56,0.45,0.08,1.71,23474286705.600002
2017-08-30,17.76,17.67,17.8,17.38,180643,317309408.0,2.36,-0.73,-0.13,1.45,23302845285.840004
2017-08-31,17.62,17.92,18.16,17.55,140585,251106732.0,3.45,1.41,0.25,1.13,23632540323.840004
2017-09-01,17.95,17.75,17.96,17.6,109156,193620817.0,2.01,-0.95,-0.17,0.88,23408347698.0
2017-09-04,17.57,17.91,18.25,17.51,177377,317189184.0,4.17,0.9,0.16,1.42,23619352522.32
2017-09-05,17.91,18.9,19.3,17.58,274584,503263456.0,9.6,5.53,0.99,2.2,24924944872.8
2017-09-06,18.74,20.79,20.79,18.65,495659,995898912.0,11.32,10.0,1.89,3.98,27417439360.079998
2017-09-07,20.44,20.42,21.11,19.98,303281,620770400.0,5.44,-1.78,-0.37,2.43,26929490703.840004
2017-09-08,20.2,19.96,20.55,19.7,218654,437636000.0,4.16,-2.25,-0.46,1.76,26322851833.920002
2017-09-11,20.34,20.77,21.45,19.98,367355,760567712.0,7.36,4.06,0.81,2.95,27391063757.04
2017-09-12,20.66,19.65,21.19,19.21,432257,879412272.0,9.53,-5.39,-1.12,3.47,25914029986.8
2017-09-13,19.35,19.87,20.01,19.24,205716,402620016.0,3.92,1.12,0.22,1.65,26204161620.24
2017-09-14,19.91,19.25,20.0,18.9,241949,466170352.0,5.54,-3.12,-0.62,1.94,25386517926.0
2017-09-15,19.24,19.3,19.4,18.83,141811,271396464.0,2.96,0.26,0.05,1.14,25452456933.600002
2017-09-18,19.32,19.38,19.82,19.0,148260,288315056.0,4.25,0.41,0.08,1.19,25557959345.76
2017-09-19,19.35,19.23,19.52,19.04,102839,197964021.0,2.48,-0.77,-0.15,0.83,25360142322.96
2017-09-20,19.11,19.85,20.09,19.11,279138,550689168.0,5.1,3.22,0.62,2.24,26177786017.2
2017-09-21,19.8,19.3,20.09,18.95,212553,415650960.0,5.74,-2.77,-0.55,1.71,25452456933.600002
2017-09-22,19.11,18.98,19.2,18.66,165447,312927392.0,2.8,-1.66,-0.32,1.33,25030447284.96
2017-09-25,18.9,18.7,19.05,18.55,113459,212527363.0,2.63,-1.48,-0.28,0.91,24661188842.399998
2017-09-26,18.55,19.29,19.31,18.45,149526,285683904.0,4.6,3.16,0.59,1.2,25439269132.079998
2017-09-27,19.37,19.83,20.03,19.27,180927,357741104.0,3.94,2.8,0.54,1.45,26151410414.159996
2017-09-28,19.7,19.73,20.06,19.5,105462,208728803.0,2.82,-0.5,-0.1,0.85,26019532398.96
2017-09-29,19.65,19.9,20.32,19.6,102804,205135431.0,3.65,0.86,0.17,0.83,26243725024.8
2017-10-09,20.2,19.24,20.25,18.94,212352,409992096.0,6.58,-3.32,-0.66,1.7,25373330124.48
2017-10-10,19.05,19.14,19.18,18.5,174063,328270368.0,3.53,-0.52,-0.1,1.4,25241452109.280003
2017-10-11,19.01,19.12,19.16,18.71,122336,232219775.0,2.35,-0.1,-0.02,0.98,25215076506.24
2017-10-12,19.15,18.83,19.15,18.68,81377,153710662.0,2.46,-1.52,-0.29,0.65,24832630262.159996
2017-10-13,18.78,19.22,19.25,18.71,75076,143700455.0,2.87,2.07,0.39,0.6,25346954521.44
2017-10-16,19.26,18.61,19.28,18.6,94032,177662591.0,3.54,-3.17,-0.61,0.75,24542498628.719997
2017-10-17,18.65,19.0,19.06,18.6,76302,144288883.0,2.47,2.1,0.39,0.61,25056822888.0
2017-10-18,19.12,18.49,19.12,18.21,52113,97517702.0,4.79,-2.68,-0.51,0.42,24384245010.48
2017-10-19,18.46,18.31,18.6,17.97,82834,150804804.0,3.41,-0.97,-0.18,0.67,24146864583.12
2017-10-20,18.25,19.08,19.2,18.22,99019,187504477.0,5.35,4.21,0.77,0.79,25162325300.159996
2017-10-23,19.01,18.99,19.22,18.78,75492,143537677.0,2.31,-0.47,-0.09,0.61,25043635086.48
2017-10-24,18.97,18.71,19.05,18.42,54996,102777805.0,3.32,-1.47,-0.28,0.44,24674376643.920002
2017-10-25,18.79,19.04,19.05,18.61,78564,148176969.0,2.35,1.76,0.33,0.63,25109574094.079998
2017-10-26,18.98,18.83,18.98,18.66,89659,168385177.0,1.68,-1.1,-0.21,0.72,24832630262.159996
2017-10-27,18.72,18.97,19.0,18.58,76011,142309628.0,2.23,0.74,0.14,0.61,25017259483.44
2017-10-30,18.99,18.55,19.01,18.42,108295,202255731.0,3.11,-2.21,-0.42,0.87,24463371819.600002
2017-10-31,18.5,18.54,18.66,17.95,94089,171855710.0,3.83,-0.05,-0.01,0.76,24450184018.079998
2017-11-01,18.44,18.71,18.83,18.43,66471,123932280.0,2.16,0.92,0.17,0.53,24674376643.920002
2017-11-02,18.69,18.69,18.96,18.45,80475,150974707.0,2.73,-0.11,-0.02,0.65,24648001040.88
2017-11-03,18.66,18.6,18.77,18.28,69743,129422288.0,2.62,-0.48,-0.09,0.56,24529310827.2
2017-11-06,18.56,18.39,18.56,18.01,103840,189932373.0,2.96,-1.13,-0.21,0.83,24252366995.280003
2017-11-07,18.48,18.56,18.66,17.98,98254,179831631.0,3.7,0.92,0.17,0.79,24476559621.12
2017-11-08,18.45,19.29,19.54,18.36,176079,338383616.0,6.36,3.93,0.73,1.41,25439269132.079998
2017-11-09,19.5,19.53,19.85,19.18,127452,248313269.0,3.47,1.24,0.24,1.02,25755776368.56
2017-11-10,19.51,19.55,19.66,19.27,146728,284947808.0,2.0,0.1,0.02,1.18,25782151971.600002
2017-11-13,19.7,19.52,20.16,19.38,183566,361692400.0,3.99,-0.15,-0.03,1.47,25742588567.04
2017-11-14,19.7,18.98,19.94,18.85,149617,288762768.0,5.58,-2.77,-0.54,1.2,25030447284.96
2017-11-15,18.73,17.08,18.74,17.08,492834,851150896.0,8.75,-10.01,-1.9,3.96,22524764996.159996
2017-11-16,17.35,17.09,17.54,16.95,213321,368219808.0,3.45,0.06,0.01,1.71,22537952797.68
2017-11-17,16.82,16.78,17.28,16.68,149855,253963597.0,3.51,-1.81,-0.31,1.2,22129130950.56
2017-11-20,16.62,16.7,16.99,16.57,131066,219326213.0,2.5,-0.48,-0.08,1.05,22023628538.399998
2017-11-21,16.63,17.32,17.37,16.6,153466,262039724.0,4.61,3.71,0.62,1.23,22841272232.64
2017-11-22,17.32,17.08,17.44,16.95,70349,120615040.0,2.83,-1.39,-0.24,0.56,22524764996.159996
2017-11-23,17.08,17.0,17.2,16.7,71234,121074947.0,2.93,-0.47,-0.08,0.57,22419262584.0
2017-11-24,16.81,16.91,17.0,16.22,128631,214712063.0,4.59,-0.53,-0.09,1.03,22300572370.32
2017-11-27,16.67,16.38,16.91,16.29,82371,135991062.0,3.67,-3.13,-0.53,0.66,21601618889.76
2017-11-28,16.32,16.43,16.56,16.15,65048,106439254.0,2.5,0.31,0.05,0.52,21667557897.36
2017-11-29,16.41,16.57,16.66,15.95,71863,116986799.0,4.32,0.85,0.14,0.58,21852187118.64
2017-11-30,16.51,16.7,16.89,16.36,59945,99099797.0,3.2,0.78,0.13,0.48,22023628538.399998
2017-12-01,16.65,17.07,17.18,16.59,70316,119645483.0,3.53,2.22,0.37,0.56,22511577194.64
2017-12-04,17.07,16.94,17.32,16.88,74505,127292586.0,2.58,-0.76,-0.13,0.6,22340135774.88
2017-12-05,16.83,16.9,17.0,16.22,86934,145076080.0,4.6,-0.24,-0.04,0.7,22287384568.8
2017-12-06,16.74,16.66,16.91,16.43,55113,91773218.0,2.84,-1.42,-0.24,0.44,21970877332.32
2017-12-07,16.72,16.55,16.94,16.44,40054,66777020.0,3.0,-0.66,-0.11,0.32,21825811515.600002
2017-12-08,16.46,16.58,16.75,16.46,48469,80596518.0,1.75,0.18,0.03,0.39,21865374920.159996
2017-12-11,16.55,16.75,16.93,16.45,72240,120774376.0,2.9,1.03,0.17,0.58,22089567546.0
2017-12-12,16.85,16.42,16.87,16.35,56468,94061798.0,3.1,-1.97,-0.33,0.45,21654370095.840004
2017-12-13,16.42,16.44,16.63,16.32,51632,85016492.0,1.89,0.12,0.02,0.41,21680745698.88
2017-12-14,16.5,16.3,16.65,16.02,50165,81768141.0,3.83,-0.85,-0.14,0.4,21496116477.600002
2017-12-15,16.2,15.94,16.28,15.78,76172,121741875.0,3.07,-2.21,-0.36,0.61,21021355622.88
2017-12-18,16.0,15.95,16.2,15.9,41341,66250137.0,1.88,0.06,0.01,0.33,21034543424.399998
2017-12-19,15.95,15.91,16.07,15.33,156393,245047090.0,4.64,-0.25,-0.04,1.26,20981792218.32
2017-12-20,15.81,15.63,15.84,15.51,84386,132055452.0,2.07,-1.76,-0.28,0.68,20612533775.760002
2017-12-21,15.55,15.61,15.66,15.34,53037,82447041.0,2.05,-0.13,-0.02,0.43,20586158172.719997
2017-12-22,15.39,15.79,15.85,15.39,63700,99843072.0,2.95,1.15,0.18,0.51,20823538600.079998
2018-01-10,17.3,16.92,17.3,16.25,353725,594611312.0,6.65,7.16,1.13,2.84,22313760171.840004
2018-01-11,16.55,17.13,17.48,16.48,194074,330433872.0,5.91,1.24,0.21,1.56,22590704003.76
2018-01-12,17.03,17.12,17.48,16.96,96743,166700295.0,3.04,-0.06,-0.01,0.78,22577516202.24
2018-01-15,17.0,17.3,17.37,16.38,140188,236786404.0,5.78,1.05,0.18,1.13,22814896629.600002
2018-01-16,17.09,16.74,17.19,16.54,108270,181199543.0,3.76,-3.24,-0.56,0.87,22076379744.48
2018-01-17,16.68,15.69,16.75,15.38,201357,316469136.0,8.18,-6.27,-1.05,1.62,20691660584.88
2018-01-18,15.56,15.4,15.7,15.21,82777,127917939.0,3.12,-1.85,-0.29,0.66,20309214340.8
2018-01-19,15.46,15.39,15.67,15.25,49978,77423102.0,2.73,-0.06,-0.01,0.4,20296026539.280003
2018-01-22,15.24,15.56,15.79,14.68,123484,188137658.0,7.21,1.1,0.17,0.99,20520219165.12
2018-01-23,15.56,15.51,15.72,15.41,44118,68666994.0,1.99,-0.32,-0.05,0.35,20454280157.52
2018-01-24,15.56,15.46,15.59,15.23,46090,70966946.0,2.32,-0.32,-0.05,0.37,20388341149.920002
2018-01-25,15.37,15.55,15.88,15.37,61768,96959215.0,3.3,0.58,0.09,0.5,20507031363.600002
2018-01-26,15.5,15.47,15.74,15.4,35049,54387673.0,2.19,-0.51,-0.08,0.28,20401528951.440002
2018-01-29,15.5,15.17,15.7,14.95,64659,98716188.0,4.85,-1.94,-0.3,0.52,20005894905.84
2018-01-30,15.59,15.25,15.59,15.13,42662,65432030.0,3.03,0.53,0.08,0.34,20111397318.0
2018-01-31,15.2,14.91,15.2,14.65,82587,122329898.0,3.61,-2.23,-0.34,0.66,19663012066.32
2018-02-01,14.78,14.31,15.02,14.16,107296,155212610.0,5.77,-4.02,-0.6,0.86,18871743975.12
2018-02-02,14.1,14.58,14.7,13.91,87443,124802984.0,5.52,1.89,0.27,0.7,19227814616.16
2018-02-05,14.44,14.24,14.78,14.09,97700,140837889.0,4.73,-2.33,-0.34,0.78,18779429364.48
2018-02-06,13.96,13.48,14.11,13.1,137814,187718666.0,7.09,-5.34,-0.76,1.11,17777156448.96
2018-02-07,13.66,13.45,13.9,13.18,111328,151013476.0,5.34,-0.22,-0.03,0.89,17737593044.399998
2018-02-08,13.78,13.46,13.78,13.36,121721,165225250.0,3.12,0.07,0.01,0.98,17750780845.920002
2018-02-09,13.16,13.35,13.6,13.0,98856,131950852.0,4.46,-0.82,-0.11,0.79,17605715029.2
2018-02-12,13.41,14.13,14.2,13.41,114503,158383113.0,5.92,5.84,0.78,0.92,18634363547.760002
2018-02-13,14.37,14.59,14.78,14.0,131777,192078307.0,5.52,3.26,0.46,1.06,19241002417.68
2018-02-14,14.55,14.83,15.04,14.55,68463,101760060.0,3.36,1.64,0.24,0.55,19557509654.16
2018-02-22,14.87,15.44,15.62,14.87,101529,156225995.0,5.06,4.11,0.61,0.81,20361965546.88
2018-02-23,15.53,15.53,15.85,15.4,122129,191048755.0,2.91,0.58,0.09,0.97,20480655760.559998
2018-02-26,15.53,15.83,16.04,15.53,149066,236345075.0,3.28,1.93,0.3,1.19,20876289806.16
2018-02-27,15.77,15.83,15.97,15.75,69988,110915723.0,1.39,0.0,0.0,0.56,20876289806.16
2018-02-28,15.7,15.76,15.91,15.56,57920,91496106.0,2.21,-0.44,-0.07,0.46,20783975195.52
2018-03-01,15.81,16.31,16.5,15.65,101620,164698867.0,5.39,3.49,0.55,0.81,21509304279.12
2018-03-02,16.29,16.15,16.48,15.93,88246,142573499.0,3.37,-0.98,-0.16,0.7,21298299454.8
2018-03-05,16.25,16.52,16.6,15.95,105588,171494111.0,4.02,2.29,0.37,0.84,21786248111.04
2018-03-06,16.54,16.64,16.83,16.31,153279,254826698.0,3.15,0.73,0.12,1.22,21944501729.280003
2018-03-07,16.73,16.57,16.77,16.43,76921,127756801.0,2.04,-0.42,-0.07,0.61,21852187118.64
2018-03-08,16.57,16.35,16.57,16.18,62492,102041062.0,2.35,-1.33,-0.22,0.5,21562055485.2
2018-03-09,16.35,16.62,16.88,16.35,96013,159875829.0,3.24,1.65,0.27,0.77,21918126126.24
2018-03-12,16.63,17.19,17.46,16.63,158114,270128304.0,4.99,3.43,0.57,1.26,22669830812.88
2018-03-13,17.2,17.27,17.48,17.07,88419,153418194.0,2.39,0.47,0.08,0.71,22775333225.04
2018-03-14,17.3,16.41,17.41,16.32,182086,305504000.0,6.31,-4.98,-0.86,1.45,21641182294.32
2018-03-15,16.47,17.0,17.02,16.19,367977,606034768.0,5.06,3.6,0.59,2.94,22419262584.0
2018-03-16,17.0,16.78,17.7,16.6,266011,455894400.0,6.47,-1.29,-0.22,2.12,22129130950.56
2018-03-19,16.56,17.22,17.5,16.56,198834,339908032.0,5.6,2.62,0.44,1.59,22709394217.44
2018-03-20,17.02,17.19,17.27,16.9,161966,276088224.0,2.15,-0.17,-0.03,1.29,22669830812.88
2018-03-21,17.24,16.9,17.32,16.87,180328,307712288.0,2.62,-1.69,-0.29,1.44,22287384568.8
2018-03-22,16.84,17.21,17.48,16.64,194084,329691232.0,4.97,1.83,0.31,1.55,22696206415.920002
2018-03-23,16.7,16.76,17.75,16.4,438726,752324064.0,7.84,-2.61,-0.45,3.5,22102755347.52
2018-03-26,16.72,17.26,17.39,16.72,336615,572024064.0,4.0,2.98,0.5,2.69,22762145423.52
2018-03-27,17.4,18.46,18.67,17.38,385914,705014560.0,7.47,6.95,1.2,3.08,24344681605.920002
2018-03-28,18.17,18.05,18.59,17.7,233512,423359536.0,4.82,-2.22,-0.41,1.86,23803981743.600002
2018-03-29,18.15,17.63,18.15,17.4,184559,325573216.0,4.16,-2.33,-0.42,1.47,23250094079.76
2018-03-30,17.63,17.82,18.08,17.55,208969,372570016.0,3.01,1.08,0.19,1.67,23500662308.64
2018-04-02,17.9,17.19,18.05,17.13,307008,534212208.0,5.16,-3.54,-0.63,2.45,22669830812.88
2018-04-03,16.81,17.08,17.54,16.8,211220,362041056.0,4.3,-0.64,-0.11,1.69,22524764996.159996
2018-04-04,17.11,17.08,17.37,16.95,97972,167627643.0,2.46,0.0,0.0,0.78,22524764996.159996
2018-04-09,16.87,16.91,17.13,16.78,98909,167559270.0,2.05,-1.0,-0.17,0.79,22300572370.32
2018-04-10,16.91,17.14,17.34,16.88,214883,367648928.0,2.72,1.36,0.23,1.71,22603891805.280003
2018-04-11,17.18,17.01,17.27,16.82,213022,362389088.0,2.63,-0.76,-0.13,1.7,22432450385.52
2018-04-12,16.95,17.96,17.98,16.95,240481,420835152.0,6.06,5.58,0.95,1.92,23685291529.920002
2018-04-13,17.78,18.2,18.64,17.77,225532,410898256.0,4.84,1.34,0.24,1.8,24001798766.399998
2018-04-16,18.0,17.79,18.25,17.63,163475,291431904.0,3.41,-2.25,-0.41,1.3,23461098904.079998
2018-04-17,17.89,17.29,18.0,17.25,129524,227796282.0,4.22,-2.81,-0.5,1.03,22801708828.079998
2018-04-18,17.19,17.67,17.7,16.97,224651,388217296.0,4.22,2.2,0.38,1.79,23302845285.840004
2018-04-19,17.6,17.31,17.7,17.09,224959,391486576.0,3.45,-2.04,-0.36,1.79,22828084431.12
2018-04-20,17.2,17.17,17.65,17.02,188924,327156096.0,3.64,-0.81,-0.14,1.51,22643455209.840004
2018-04-23,17.16,17.22,17.42,16.96,148967,254526934.0,2.68,0.29,0.05,1.19,22709394217.44
2018-04-24,17.27,18.03,18.1,17.1,263758,466537904.0,5.81,4.7,0.81,2.1,23777606140.56
2018-04-25,17.95,18.47,18.5,17.85,276888,503077776.0,3.61,2.44,0.44,2.21,24357869407.44
2018-04-26,17.93,18.08,18.19,17.56,255810,457652272.0,3.41,-2.11,-0.39,2.04,23843545148.159996
2018-04-27,18.1,17.74,18.2,17.45,115173,204450587.0,4.15,-1.88,-0.34,0.92,23395159896.48
2018-05-02,17.71,17.35,17.85,17.1,129827,225689102.0,4.23,-2.2,-0.39,1.04,22880835637.2
2018-05-03,17.38,17.34,17.48,17.07,109491,188833093.0,2.36,-0.06,-0.01,0.87,22867647835.68
2018-05-04,17.35,17.2,17.4,17.14,123514,212731213.0,1.5,-0.81,-0.14,0.99,22683018614.399998
2018-05-07,17.15,17.68,18.09,17.14,219249,387939520.0,5.52,2.79,0.48,1.75,23316033087.36
2018-05-08,17.79,17.35,17.79,17.25,210193,365893200.0,3.05,-1.87,-0.33,1.68,22880835637.2
2018-05-09,17.3,17.36,17.46,17.26,103525,179869465.0,1.15,0.06,0.01,0.83,22894023438.719997
2018-05-10,17.41,17.36,17.55,17.3,99412,172887891.0,1.44,0.0,0.0,0.79,22894023438.719997
2018-05-21,17.0,18.02,18.46,16.52,686899,1231627392.0,11.18,3.8,0.66,5.48,23764418339.04
2018-05-22,17.78,17.7,17.97,17.49,308031,544914176.0,2.66,-1.78,-0.32,2.46,23342408690.399998
2018-05-23,17.75,17.19,17.78,17.1,199558,346913136.0,3.84,-2.88,-0.51,1.59,22669830812.88
2018-05-24,17.21,17.4,17.66,17.21,175170,305675792.0,2.62,1.22,0.21,1.4,22946774644.8
2018-05-25,17.32,17.2,17.51,17.01,121665,209903681.0,2.87,-1.15,-0.2,0.97,22683018614.399998
2018-05-28,17.19,16.96,17.27,16.86,126521,215445635.0,2.38,-1.4,-0.24,1.01,22366511377.920002
2018-05-29,16.96,16.9,17.14,16.85,82830,140698828.0,1.71,-0.35,-0.06,0.66,22287384568.8
2018-05-30,16.77,16.37,16.82,16.3,141065,234102435.0,3.08,-3.14,-0.53,1.13,21588431088.24
2018-05-31,16.52,15.78,16.56,15.32,237013,379891296.0,7.57,-3.6,-0.59,1.89,20810350798.559998
2018-06-01,15.69,15.97,16.4,15.61,155634,250178937.0,5.01,1.2,0.19,1.24,21060919027.440002
2018-06-04,15.97,15.85,16.18,15.81,77388,123487030.0,2.32,-0.75,-0.12,0.62,20902665409.2
2018-06-05,15.78,16.32,16.33,15.78,77847,125591627.0,3.47,2.97,0.47,0.62,21522492080.64
2018-06-06,16.51,16.66,16.75,16.37,104981,174418875.0,2.33,2.08,0.34,0.84,21970877332.32
2018-06-07,16.6,16.35,16.78,16.25,69228,113962643.0,3.18,-1.86,-0.31,0.55,21562055485.2
2018-06-08,16.23,16.12,16.4,15.86,85510,137672059.0,3.3,-1.41,-0.23,0.68,21258736050.24
2018-06-11,16.12,16.02,16.19,15.97,47059,75592670.0,1.36,-0.62,-0.1,0.38,21126858035.04
2018-06-12,16.08,14.42,16.16,14.42,505873,750402336.0,10.86,-9.99,-1.6,4.04,19016809791.84
2018-06-13,13.2,13.99,14.45,13.2,698079,964912128.0,8.67,-2.98,-0.43,5.57,18449734326.48
2018-06-14,13.74,13.78,13.9,13.43,263757,360236240.0,3.36,-1.5,-0.21,2.1,18172790494.559998
2018-06-15,13.78,13.09,13.93,13.04,321347,428692592.0,6.46,-5.01,-0.69,2.56,17262832189.68
2018-06-19,12.65,11.78,12.78,11.78,337258,412407680.0,7.64,-10.01,-1.31,2.69,15535230190.56
2018-06-20,11.8,11.81,12.01,11.5,236881,278071200.0,4.33,0.25,0.03,1.89,15574793595.12
2018-06-21,11.81,10.7,11.86,10.63,244568,273520288.0,10.41,-9.4,-1.11,1.95,14110947626.4
2018-06-22,10.66,10.51,11.08,9.94,715019,752032880.0,10.65,-1.78,-0.19,5.7,13860379397.52
2018-06-25,10.58,10.57,11.07,10.49,292875,315435984.0,5.52,0.57,0.06,2.34,13939506206.640001
2018-06-26,10.54,10.63,10.85,10.42,225417,238696570.0,4.07,0.57,0.06,1.8,14018633015.76
2018-06-27,10.75,10.16,10.78,9.98,273043,281076240.0,7.53,-4.42,-0.47,2.17,13398806344.32
2018-06-28,10.22,10.3,10.62,10.11,226981,235150633.0,5.02,1.38,0.14,1.81,13583435565.6
2018-06-29,10.33,10.57,10.69,10.05,247451,257385192.0,6.21,2.62,0.27,1.97,13939506206.640001
2018-07-02,10.49,10.15,10.55,10.06,207470,213017488.0,4.64,-3.97,-0.42,1.65,13385618542.800001
2018-07-03,10.25,10.44,10.57,9.96,201886,207287476.0,6.01,2.86,0.29,1.61,13768064786.88
2018-07-04,10.45,10.11,10.55,9.95,164542,167310816.0,5.75,-3.16,-0.33,1.31,13332867336.72
2018-07-05,10.11,9.36,10.15,9.13,268501,260910827.0,10.09,-7.42,-0.75,2.14,12343782222.72
2018-07-06,9.48,9.74,9.95,9.4,267306,258890043.0,5.88,4.06,0.38,2.13,12844918680.48
2018-07-09,10.08,10.28,10.6,9.97,303406,311199104.0,6.47,5.54,0.54,2.42,13557059962.56
2018-07-10,10.54,10.22,10.58,10.12,167796,172806966.0,4.47,-0.58,-0.06,1.34,13477933153.44
2018-07-11,10.1,9.99,10.1,9.75,208895,207900726.0,3.42,-2.25,-0.23,1.66,13174613718.48
2018-07-12,10.04,10.05,10.21,9.87,249306,250308770.0,3.4,0.6,0.06,1.99,13253740527.6
2018-07-13,10.03,9.85,10.1,9.76,185680,183955445.0,3.38,-1.99,-0.2,1.48,12989984497.199999
2018-07-16,9.92,10.04,10.08,9.82,185807,184958570.0,2.64,1.93,0.19,1.48,13240552726.079998
2018-07-17,10.07,9.9,10.08,9.79,144556,143087785.0,2.89,-1.39,-0.14,1.15,13055923504.800001
2018-07-18,9.94,10.04,10.29,9.92,224296,227006789.0,3.74,1.41,0.14,1.79,13240552726.079998
2018-07-19,10.0,9.8,10.09,9.63,212476,208737876.0,4.58,-2.39,-0.24,1.69,12924045489.6
2018-07-20,9.7,9.83,9.91,9.6,132643,129558421.0,3.16,0.31,0.03,1.06,12963608894.16
2018-07-23,9.72,9.76,9.82,9.64,156220,151956032.0,1.83,-0.71,-0.07,1.24,12871294283.52
2018-07-24,9.82,10.21,10.27,9.71,320863,321788896.0,5.74,4.61,0.45,2.56,13464745351.920002
2018-07-25,10.33,9.89,10.36,9.8,303560,303352784.0,5.48,-3.13,-0.32,2.42,13042735703.28
2018-07-26,9.89,9.95,10.22,9.83,259166,260089527.0,3.94,0.61,0.06,2.06,13121862512.4
2018-07-27,10.02,9.79,10.03,9.74,206915,204173312.0,2.91,-1.61,-0.16,1.65,12910857688.079998
2018-07-30,9.79,9.63,9.81,9.5,117890,113561598.0,3.17,-1.63,-0.16,0.94,12699852863.76
2018-07-31,9.58,9.37,9.72,9.31,172296,163074770.0,4.26,-2.7,-0.26,1.37,12356970024.24
2018-08-01,9.42,9.2,9.49,9.16,136594,127809654.0,3.52,-1.81,-0.17,1.09,12132777398.4
2018-08-02,9.15,8.48,9.17,8.32,287404,247363169.0,9.24,-7.83,-0.72,2.29,11183255688.960001
2018-08-03,8.48,8.37,8.53,8.32,141375,119237648.0,2.48,-1.3,-0.11,1.13,11038189872.24
2018-08-06,8.39,8.04,8.47,7.94,191853,156962490.0,6.33,-3.94,-0.33,1.53,10602992422.079998
2018-08-07,8.1,8.18,8.19,7.85,196972,158331026.0,4.23,1.74,0.14,1.57,10787621643.359999
2018-08-08,8.16,8.08,8.39,8.05,157032,128784940.0,4.16,-1.22,-0.1,1.25,10655743628.16
2018-08-09,8.05,8.22,8.33,7.91,175211,143859144.0,5.2,1.73,0.14,1.4,10840372849.44
2018-08-10,8.21,8.25,8.32,8.12,114652,94315148.0,2.43,0.36,0.03,0.91,10879936254.0
2018-08-13,8.24,8.21,8.28,8.07,112562,91995782.0,2.55,-0.48,-0.04,0.9,10827185047.920002
2018-08-14,8.22,8.2,8.32,8.17,122981,101323701.0,1.83,-0.12,-0.01,0.98,10813997246.4
2018-08-15,8.23,7.73,8.26,7.68,207486,163715071.0,7.07,-5.73,-0.47,1.65,10194170574.960001
2018-08-16,7.69,7.42,7.72,7.41,255819,193347940.0,4.01,-4.01,-0.31,2.04,9785348727.84
2018-08-17,7.58,7.36,7.64,7.32,226600,168798170.0,4.31,-0.81,-0.06,1.8,9706221918.720001
2018-08-20,7.41,7.35,7.47,7.15,230023,167996053.0,4.35,-0.14,-0.01,1.76,9693034117.199999
2018-08-21,7.38,7.37,7.43,7.19,244089,179197940.0,3.27,0.27,0.02,1.87,9719409720.24
2018-08-22,7.34,7.27,7.5,7.25,177379,130859068.0,3.39,-1.36,-0.1,1.36,9587531705.039999
2018-08-23,7.19,7.46,7.54,7.19,197884,147027084.0,4.81,2.61,0.19,1.52,9838099933.92
2018-08-24,7.5,7.47,7.53,7.38,209169,156246736.0,2.01,0.13,0.01,1.6,9851287735.44
2018-08-27,7.5,7.71,7.76,7.43,473999,358643088.0,4.42,3.21,0.24,3.63,10167794971.92
2018-08-28,7.67,7.55,7.71,7.52,321670,244247640.0,2.46,-2.08,-0.16,2.46,9956790147.6
2018-08-29,7.59,7.54,7.67,7.43,241030,182098215.0,3.18,-0.13,-0.01,1.85,9943602346.08
2018-08-30,7.51,7.51,7.63,7.49,206159,156047981.0,1.86,-0.4,-0.03,1.58,9904038941.52
2018-08-31,7.51,7.29,7.56,7.23,195136,144394141.0,4.39,-2.93,-0.22,1.49,9613907308.08
2018-09-03,7.29,7.72,7.78,7.26,388993,295457792.0,7.13,5.9,0.43,2.98,10180982773.44
2018-09-04,7.76,7.66,7.83,7.57,261375,200812980.0,3.37,-0.78,-0.06,2.0,10101855964.32
2018-09-05,7.7,7.75,8.07,7.62,418353,329582256.0,5.87,1.17,0.09,3.2,10220546178.0
2018-09-06,7.78,8.05,8.11,7.73,402160,320179984.0,4.9,3.87,0.3,3.08,10616180223.6
2018-09-07,8.08,8.07,8.16,7.82,375429,300125088.0,4.22,0.25,0.02,2.88,10642555826.640001
2018-09-10,8.0,7.55,8.02,7.54,333748,258580897.0,5.95,-6.44,-0.52,2.56,9956790147.6
2018-09-11,7.57,7.59,7.72,7.46,190621,144986118.0,3.44,0.53,0.04,1.46,10009541353.68
2018-09-12,7.62,7.63,7.72,7.52,258998,197924826.0,2.64,0.53,0.04,1.98,10062292559.76
2018-09-13,7.71,7.41,7.77,7.23,377115,280096320.0,7.08,-2.88,-0.22,2.89,9772160926.32
2018-09-14,7.35,7.39,7.51,7.27,227799,168782090.0,3.24,-0.27,-0.02,1.74,9745785323.279999
2018-09-17,7.37,7.25,7.37,7.18,131562,95457616.0,2.57,-1.89,-0.14,1.01,9561156102.0
2018-09-18,7.24,7.5,7.56,7.21,296037,218159672.0,4.83,3.45,0.25,2.27,9890851140.0
2018-09-19,7.51,7.5,7.62,7.43,233515,176058805.0,2.53,0.0,0.0,1.79,9890851140.0
2018-09-20,7.55,7.59,7.68,7.5,208361,158436254.0,2.4,1.2,0.09,1.6,10009541353.68
2018-09-21,7.59,7.67,7.71,7.4,276303,209599046.0,4.08,1.05,0.08,2.12,10115043765.84
2018-09-25,7.62,7.57,7.75,7.55,258861,197818906.0,2.61,-1.3,-0.1,1.98,9983165750.640001
2018-09-26,7.62,7.68,7.72,7.55,283627,216803701.0,2.25,1.45,0.11,2.17,10128231567.359999
2018-09-27,7.66,7.47,7.66,7.47,210182,158841044.0,2.47,-2.73,-0.21,1.61,9851287735.44
2018-09-28,7.46,7.52,7.56,7.44,141199,105956191.0,1.61,0.67,0.05,1.08,9917226743.039999
2018-10-08,7.4,7.23,7.43,7.2,188805,138094187.0,3.06,-3.86,-0.29,1.45,9534780498.960001
2018-10-09,7.26,6.63,7.28,6.51,611861,413720912.0,10.65,-8.3,-0.6,4.69,8743512407.76
2018-10-10,6.58,6.56,6.64,6.41,279668,182820965.0,3.47,-1.06,-0.07,2.14,8651197797.119999
2018-10-11,6.19,5.96,6.33,5.9,407298,247836839.0,6.55,-9.15,-0.6,3.12,7859929705.92
2018-10-12,5.9,5.96,5.98,5.7,324880,190466095.0,4.7,0.0,0.0,2.49,7859929705.92
2018-10-15,6.01,5.9,6.07,5.86,239777,143128383.0,3.52,-1.01,-0.06,1.84,7780802896.8
2018-10-16,5.94,5.83,5.97,5.8,169453,99904255.0,2.88,-1.19,-0.07,1.3,7688488286.16
2018-10-17,5.9,5.71,5.94,5.55,285441,164266885.0,6.69,-2.06,-0.12,2.19,7530234667.92
2018-10-18,5.71,5.5,5.75,5.48,298451,167668880.0,4.73,-3.68,-0.21,2.29,7253290836.0
2018-10-19,5.42,5.57,5.65,5.33,375663,206011435.0,5.82,1.27,0.07,2.88,7345605446.64
2018-10-22,5.65,6.02,6.09,5.61,558214,328838560.0,8.62,8.08,0.45,4.27,7939056515.039999
2018-10-23,6.0,5.9,6.06,5.83,333100,198315154.0,3.82,-1.99,-0.12,2.55,7780802896.8
2018-10-24,5.88,5.97,6.01,5.84,230877,137346498.0,2.88,1.19,0.07,1.77,7873117507.44
2018-10-25,5.76,5.8,5.84,5.59,333110,190220877.0,4.19,-2.85,-0.17,2.55,7648924881.599999
2018-10-26,5.84,6.04,6.16,5.83,417009,249429367.0,5.69,4.14,0.24,3.19,7965432118.08
2018-10-29,5.99,5.85,6.02,5.81,284193,167543027.0,3.48,-3.15,-0.19,2.18,7714863889.2
2018-10-30,5.59,5.65,5.73,5.36,524699,291738672.0,6.32,-3.42,-0.2,4.02,7451107858.8
2018-10-31,5.6,5.82,5.87,5.57,493239,282705872.0,5.31,3.01,0.17,3.78,7675300484.64
2018-11-01,5.86,5.86,5.98,5.83,379365,223655808.0,2.58,0.69,0.04,2.91,7728051690.72
2018-11-02,5.98,6.19,6.28,5.9,668307,406579152.0,6.48,5.63,0.33,5.12,8163249140.88
2018-11-05,6.22,6.46,6.78,6.15,821576,529153584.0,10.18,4.36,0.27,6.29,8519319781.92
2018-11-06,6.46,6.54,6.64,6.18,715731,457641376.0,7.12,1.24,0.08,5.48,8624822194.08
2018-11-07,6.44,6.37,6.54,6.36,470315,303030288.0,2.75,-2.6,-0.17,3.6,8400629568.24
2018-11-08,6.41,6.23,6.47,6.22,337897,214282217.0,3.92,-2.2,-0.14,2.59,8216000346.960001
2018-11-09,6.26,6.26,6.38,6.19,283211,178023940.0,3.05,0.48,0.03,2.17,8255563751.5199995
2018-11-12,6.26,6.65,6.66,6.23,584266,380057712.0,6.87,6.23,0.39,4.47,8769888010.800001
2018-11-13,6.51,6.74,6.83,6.48,702718,469848608.0,5.26,1.35,0.09,5.38,8888578224.48
2018-11-14,6.7,6.61,6.81,6.58,512914,342933824.0,3.41,-1.93,-0.13,3.93,8717136804.720001
2018-11-15,6.63,6.72,6.77,6.6,499496,334301008.0,2.57,1.66,0.11,3.83,8862202621.44
2018-11-16,6.72,6.99,7.03,6.66,768775,529632288.0,5.51,4.02,0.27,5.89,9218273262.48
2018-11-19,6.93,7.06,7.13,6.88,653187,457973952.0,3.58,1.0,0.07,5.0,9310587873.119999
2018-11-20,7.0,6.71,7.01,6.68,572741,391811392.0,4.67,-4.96,-0.35,4.39,8849014819.92
2018-11-21,6.63,6.73,6.76,6.55,336640,224800093.0,3.13,0.3,0.02,2.58,8875390422.960001
2018-11-22,6.77,6.65,6.8,6.6,283943,189826284.0,2.97,-1.19,-0.08,2.17,8769888010.800001
2018-11-23,6.66,6.27,6.67,6.22,401595,257186593.0,6.77,-5.71,-0.38,3.08,8268751553.039999
2018-11-26,6.27,6.26,6.35,6.2,254252,159543852.0,2.39,-0.16,-0.01,1.95,8255563751.5199995
2018-11-27,6.32,6.39,6.49,6.26,332952,211854566.0,3.67,2.08,0.13,2.55,8427005171.28
2018-11-28,6.41,6.43,6.44,6.15,303311,192151502.0,4.54,0.63,0.04,2.32,8479756377.36
2018-11-29,6.47,6.21,6.53,6.2,339613,216942769.0,5.13,-3.42,-0.22,2.6,8189624743.92
2018-11-30,6.18,6.31,6.34,6.14,240946,150428048.0,3.22,1.61,0.1,1.85,8321502759.12
2018-12-03,6.48,6.59,6.61,6.46,439722,287689104.0,2.38,4.44,0.28,3.37,8690761201.68
2018-12-04,6.56,6.57,6.61,6.48,289296,189336406.0,1.97,-0.3,-0.02,2.22,8664385598.640001
2018-12-05,6.45,6.42,6.54,6.38,345425,222678039.0,2.44,-2.28,-0.15,2.65,8466568575.84
2018-12-06,6.42,6.28,6.43,6.21,304699,192155558.0,3.43,-2.18,-0.14,2.33,8281939354.56
2018-12-07,6.31,6.28,6.34,6.26,147385,92671267.0,1.27,0.0,0.0,1.13,8281939354.56
2018-12-10,6.14,5.78,6.14,5.72,558151,328952368.0,6.69,-7.96,-0.5,4.27,7622549278.56
2018-12-11,5.82,5.81,5.85,5.72,256106,148027719.0,2.25,0.52,0.03,1.96,7662112683.12
2018-12-12,5.84,5.85,5.89,5.79,217325,126733613.0,1.72,0.69,0.04,1.66,7714863889.2
2018-12-13,5.87,5.9,5.96,5.79,254995,150231182.0,2.91,0.85,0.05,1.95,7780802896.8
2018-12-14,5.87,5.71,5.9,5.66,282594,163174064.0,4.07,-3.22,-0.19,2.16,7530234667.92
2018-12-17,5.77,5.81,5.84,5.7,243159,140541281.0,2.45,1.75,0.1,1.86,7662112683.12
2018-12-18,5.75,5.75,5.81,5.64,199055,114105794.0,2.93,-1.03,-0.06,1.52,7582985874.0
2018-12-19,5.75,5.68,5.76,5.63,167757,95427945.0,2.26,-1.22,-0.07,1.28,7490671263.36
2018-12-20,5.66,5.71,5.73,5.64,173210,98430611.0,1.58,0.53,0.03,1.33,7530234667.92
2018-12-21,5.68,5.63,5.69,5.6,160655,90551384.0,1.58,-1.4,-0.08,1.23,7424732255.76
2018-12-24,5.6,5.63,5.65,5.54,136690,76586600.0,1.95,0.0,0.0,1.05,7424732255.76
2018-12-25,5.07,5.07,5.07,5.07,82551,41853357.0,0.0,-9.95,-0.56,0.63,6686215370.64
2018-12-26,4.56,4.56,4.56,4.56,47259,21550104.0,0.0,-10.06,-0.51,0.36,6013637493.12
2018-12-27,4.3,4.57,4.77,4.3,1451178,648364208.0,10.31,0.22,0.01,11.11,6026825294.64
2018-12-28,4.4,4.38,4.47,4.25,883682,384963232.0,4.81,-4.16,-0.19,6.77,5776257065.76
2019-01-02,4.34,4.07,4.35,4.01,884696,365462384.0,7.76,-7.08,-0.31,6.78,5367435218.64
2019-01-03,4.07,4.07,4.19,4.04,698071,287722384.0,3.69,0.0,0.0,5.35,5367435218.64
2019-01-04,4.01,4.31,4.32,4.0,790565,331645760.0,7.86,5.9,0.24,6.05,5683942455.12
2019-01-07,4.37,4.34,4.38,4.27,792982,342939888.0,2.55,0.7,0.03,6.07,5723505859.679999
2019-01-08,4.35,4.62,4.77,4.29,1538629,706510576.0,11.06,6.45,0.28,11.78,6092764302.24
2019-01-09,4.52,4.58,4.73,4.47,1100976,505964512.0,5.63,-0.87,-0.04,8.43,6040013096.16
2019-01-10,4.55,4.64,4.69,4.53,722187,333570880.0,3.49,1.31,0.06,5.53,6119139905.28
2019-01-11,4.62,4.61,4.66,4.57,457566,210906758.0,1.94,-0.65,-0.03,3.5,6079576500.72
2019-01-14,4.63,4.51,4.64,4.44,520093,234631439.0,4.34,-2.17,-0.1,3.98,5947698485.5199995
2019-01-15,4.5,4.55,4.58,4.46,425082,192681651.0,2.66,0.89,0.04,3.26,6000449691.599999
2019-01-16,4.57,4.8,4.97,4.57,1115302,535624928.0,8.79,5.49,0.25,8.54,6330144729.599999
2019-01-17,4.77,4.81,4.9,4.68,739426,354054752.0,4.58,0.21,0.01,5.66,6343332531.12
2019-01-18,4.85,4.8,4.88,4.7,524483,250467706.0,3.74,-0.21,-0.01,4.02,6330144729.599999
2019-01-21,4.81,4.77,4.83,4.74,414614,198183068.0,1.88,-0.63,-0.03,3.18,6290581325.039999
2019-01-22,4.78,4.63,4.79,4.59,447510,208398983.0,4.19,-2.94,-0.14,3.43,6105952103.76
2019-01-23,4.6,4.65,4.68,4.55,289584,133548538.0,2.81,0.43,0.02,2.22,6132327706.8
2019-01-24,4.65,4.63,4.68,4.56,307902,142362413.0,2.58,-0.43,-0.02,2.36,6105952103.76
2019-01-25,4.64,4.45,4.65,4.45,463773,209547610.0,4.32,-3.89,-0.18,3.55,5868571676.400001
2019-01-28,4.46,4.35,4.52,4.31,409467,180876727.0,4.72,-2.25,-0.1,3.14,5736693661.2
2019-01-29,4.34,4.28,4.35,4.16,411037,174794702.0,4.37,-1.61,-0.07,3.15,5644379050.56
2019-01-30,4.28,4.14,4.28,4.12,347894,146128450.0,3.74,-3.27,-0.14,2.66,5459749829.28
2019-01-31,4.06,4.26,4.4,4.06,648006,276594128.0,8.21,2.9,0.12,4.96,5618003447.5199995
2019-02-01,4.21,4.35,4.36,4.18,426220,183226622.0,4.23,2.11,0.09,3.26,5736693661.2
2019-02-11,4.36,4.51,4.51,4.32,436592,193736462.0,4.37,3.68,0.16,3.34,5947698485.5199995
2019-02-12,4.51,4.7,4.71,4.47,621197,287658592.0,5.32,4.21,0.19,4.76,6198266714.400001
2019-02-13,4.7,4.75,4.84,4.63,726167,343776608.0,4.47,1.06,0.05,5.56,6264205722.0
2019-02-14,4.74,4.85,4.89,4.72,686367,330144016.0,3.58,2.11,0.1,5.26,6396083737.2
2019-02-15,4.84,5.05,5.34,4.81,1295418,660362624.0,10.93,4.12,0.2,9.92,6659839767.599999
2019-02-18,5.08,5.56,5.56,5.08,1616253,866906448.0,9.5,10.1,0.51,12.38,7332417645.12
2019-02-19,5.75,6.12,6.12,5.73,2195155,1326423152.0,7.01,10.07,0.56,16.81,8070934530.24
2019-02-20,6.34,6.2,6.5,5.97,2400966,1488515104.0,8.66,1.31,0.08,18.39,8176436942.400001
2019-02-21,6.11,5.98,6.29,5.9,1757131,1067295872.0,6.29,-3.55,-0.22,13.46,7886305308.960001
2019-02-22,5.96,6.08,6.08,5.83,1183469,708043600.0,4.18,1.67,0.1,9.06,8018183324.16
2019-02-25,6.12,6.69,6.69,6.02,2162953,1358446944.0,11.02,10.03,0.61,16.56,8822639216.880001
2019-02-26,6.68,6.7,7.11,6.42,1917309,1282003712.0,10.31,0.15,0.01,14.68,8835827018.4
2019-02-27,6.58,7.08,7.35,6.53,1778364,1232672064.0,12.24,5.67,0.38,13.62,9336963476.16
2019-02-28,7.08,6.85,7.2,6.76,1107485,769941344.0,6.21,-3.25,-0.23,8.48,9033644041.199999
2019-03-01,6.86,6.88,6.97,6.66,845668,574369920.0,4.53,0.44,0.03,6.48,9073207445.76
2019-03-04,6.95,7.06,7.24,6.91,1272460,900597088.0,4.8,2.62,0.18,9.74,9310587873.119999
2019-03-05,6.97,7.08,7.09,6.91,920290,641903888.0,2.55,0.28,0.02,7.05,9336963476.16
2019-03-06,7.06,7.42,7.58,6.91,1465564,1057299120.0,9.46,4.8,0.34,11.22,9785348727.84
2019-03-07,7.37,7.32,7.5,7.2,1108610,814678144.0,4.04,-1.35,-0.1,8.49,9653470712.640001
2019-03-08,7.11,6.6,7.17,6.6,1244902,860333296.0,7.79,-9.84,-0.72,9.53,8703949003.199999
2019-03-11,6.6,7.25,7.25,6.54,1183750,818101728.0,10.76,9.85,0.65,9.07,9561156102.0
2019-03-12,7.53,7.3,7.59,7.13,1437768,1060456736.0,6.34,0.69,0.05,11.01,9627095109.6
2019-03-13,7.33,6.99,7.36,6.93,889822,632474640.0,5.89,-4.25,-0.31,6.81,9218273262.48
2019-03-14,6.93,6.79,7.04,6.62,641385,435827344.0,6.01,-2.86,-0.2,4.91,8954517232.08
2019-03-15,6.81,6.85,6.99,6.76,527088,362757776.0,3.39,0.88,0.06,4.04,9033644041.199999
2019-03-18,6.86,7.05,7.05,6.76,591076,408077024.0,4.23,2.92,0.2,4.53,9297400071.6
2019-03-19,7.1,7.14,7.23,7.01,720668,512147680.0,3.12,1.28,0.09,5.52,9416090285.279999
2019-03-20,7.14,7.0,7.14,6.85,512034,358357584.0,4.06,-1.96,-0.14,3.92,9231461064.0
2019-03-21,7.0,7.08,7.18,6.96,703431,500221520.0,3.14,1.14,0.08,5.39,9336963476.16
2019-03-22,7.08,7.01,7.09,6.86,548970,383172032.0,3.25,-0.99,-0.07,4.2,9244648865.52
2019-03-25,6.9,6.77,6.97,6.75,544937,374573184.0,3.14,-3.42,-0.24,4.17,8928141629.039999
2019-03-26,6.78,6.51,6.87,6.43,578072,382519856.0,6.5,-3.84,-0.26,4.43,8585258789.5199995
2019-03-27,6.56,6.43,6.64,6.31,374940,241936936.0,5.07,-1.23,-0.08,2.87,8479756377.36
2019-03-28,6.44,6.47,6.63,6.33,411720,268247655.0,4.67,0.62,0.04,3.15,8532507583.44
2019-03-29,6.47,6.68,6.69,6.36,508226,333591584.0,5.1,3.25,0.21,3.89,8809451415.359999
2019-04-01,6.69,7.11,7.14,6.69,851245,595537280.0,6.74,6.44,0.43,6.52,9376526880.720001
2019-04-02,7.19,7.15,7.24,7.0,875675,623481936.0,3.38,0.56,0.04,6.71,9429278086.800001
2019-04-03,7.1,7.18,7.18,7.04,617032,438869168.0,1.96,0.42,0.03,4.73,9468841491.359999
2019-04-04,7.2,7.7,7.9,7.11,1622441,1214395984.0,11.0,7.24,0.52,12.43,10154607170.4
2019-04-08,7.7,8.16,8.2,7.62,1857042,1482851504.0,7.53,5.97,0.46,14.22,10761246040.32
2019-04-09,8.11,7.9,8.13,7.77,955964,760523776.0,4.41,-3.19,-0.26,7.32,10418363200.800001
2019-04-10,7.8,7.7,7.85,7.5,814872,625124672.0,4.43,-2.53,-0.2,6.24,10154607170.4
2019-04-11,7.68,7.67,8.05,7.64,861690,675914384.0,5.32,-0.39,-0.03,6.6,10115043765.84
2019-04-12,7.6,7.7,7.78,7.52,542876,416250192.0,3.39,0.39,0.03,4.16,10154607170.4
2019-04-15,7.86,7.51,7.96,7.51,662676,513501136.0,5.84,-2.47,-0.19,5.07,9904038941.52
2019-04-16,7.39,7.65,7.67,7.22,638598,475386080.0,5.99,1.86,0.14,4.89,10088668162.800001
2019-04-17,7.65,7.64,7.88,7.55,666144,512352928.0,4.31,-0.13,-0.01,5.1,10075480361.279999
2019-04-18,7.58,7.45,7.71,7.42,460709,347473456.0,3.8,-2.49,-0.19,3.53,9824912132.4
2019-04-19,7.52,7.64,7.74,7.33,589641,444583648.0,5.5,2.55,0.19,4.52,10075480361.279999
2019-04-22,7.63,7.4,7.64,7.37,440380,329437728.0,3.53,-3.14,-0.24,3.37,9758973124.800001
2019-04-23,7.4,7.12,7.44,7.07,540795,388066272.0,5.0,-3.78,-0.28,4.14,9389714682.24
2019-04-24,7.19,7.2,7.25,7.0,336814,240320768.0,3.51,1.12,0.08,2.58,9495217094.4
2019-04-25,7.15,6.79,7.26,6.65,532529,370782848.0,8.47,-5.69,-0.41,4.08,8954517232.08
2019-04-26,6.71,6.76,6.87,6.68,396085,268468272.0,2.8,-0.44,-0.03,3.03,8914953827.52
2019-04-29,6.08,6.09,6.33,6.08,1129363,691219168.0,3.7,-9.91,-0.67,8.65,8031371125.679999
2019-04-30,6.06,5.84,6.18,5.77,592382,354034128.0,6.73,-4.11,-0.25,4.54,7701676087.679999
2019-05-06,5.62,5.26,5.74,5.26,545279,298490496.0,8.22,-9.93,-0.58,4.18,6936783599.5199995
2019-05-07,5.29,5.39,5.43,5.17,418146,223282384.0,4.94,2.47,0.13,3.2,7108225019.28
2019-05-08,5.28,5.58,5.77,5.21,402122,223674167.0,10.39,3.53,0.19,3.08,7358793248.16
2019-05-09,5.51,5.5,5.73,5.44,293746,163646751.0,5.2,-1.43,-0.08,2.25,7253290836.0
2019-05-10,5.55,5.68,5.7,5.26,375884,209800180.0,8.0,3.27,0.18,2.88,7490671263.36
2019-05-13,5.4,5.36,5.56,5.28,474573,256296387.0,4.93,-5.63,-0.32,3.63,7068661614.72
2019-05-14,4.93,5.15,5.25,4.93,448171,229342927.0,5.97,-3.92,-0.21,3.43,6791717782.8
2019-05-15,5.24,5.67,5.67,5.24,596969,326310512.0,8.35,10.1,0.52,4.57,7477483461.84
2019-05-16,5.81,5.51,5.84,5.47,670709,374873600.0,6.53,-2.82,-0.16,5.14,7266478637.5199995
2019-05-17,5.55,5.17,5.56,5.12,495437,262881830.0,7.99,-6.17,-0.34,3.79,6818093385.84
2019-05-20,5.12,5.13,5.19,4.98,364689,184428666.0,4.06,-0.77,-0.04,2.79,6765342179.76
2019-05-21,5.14,5.32,5.42,5.1,400383,210496000.0,6.24,3.7,0.19,3.07,7015910408.64
2019-05-22,5.31,5.27,5.44,5.15,373571,198730937.0,5.45,-0.94,-0.05,2.86,6949971401.039999
2019-05-23,5.27,5.14,5.28,5.08,249493,129082956.0,3.8,-2.47,-0.13,1.91,6778529981.28
2019-05-24,5.15,5.13,5.24,5.08,215876,111299900.0,3.11,-0.19,-0.01,1.65,6765342179.76
2019-05-27,5.15,5.28,5.33,5.08,279482,145901252.0,4.87,2.92,0.15,2.14,6963159202.56
2019-05-28,5.31,5.24,5.34,5.21,293036,155025182.0,2.46,-0.76,-0.04,2.24,6910407996.4800005
2019-05-29,5.22,5.22,5.3,5.17,199025,104354370.0,2.48,-0.38,-0.02,1.52,6884032393.44
2019-05-30,5.74,5.74,5.74,5.74,151846,87159885.0,0.0,9.96,0.52,1.16,7569798072.4800005
2019-05-31,6.31,6.31,6.31,6.31,85979,54252762.0,0.0,9.93,0.57,0.66,8321502759.12
2019-06-03,5.68,5.85,6.31,5.68,1269095,754172368.0,9.98,-7.29,-0.46,9.72,7714863889.2
2019-06-04,5.65,6.44,6.44,5.65,1507400,938438592.0,13.5,10.09,0.59,11.54,8492944178.88
2019-06-05,6.25,6.33,6.78,6.15,1367375,884787536.0,9.78,-1.71,-0.11,10.47,8347878362.16
2019-06-06,6.0,6.06,6.18,5.77,875577,522419568.0,6.48,-4.27,-0.27,6.71,7991807721.12
2019-06-10,6.06,5.88,6.13,5.71,571876,336549872.0,6.93,-2.97,-0.18,4.38,7754427293.76
2019-06-11,5.8,6.2,6.35,5.71,908900,547255264.0,10.88,5.44,0.32,6.96,8176436942.400001
2019-06-12,6.4,6.82,6.82,6.31,823024,544158944.0,8.23,10.0,0.62,6.3,8994080636.640001
2019-06-13,6.83,6.62,7.31,6.58,1648092,1141552256.0,10.7,-2.93,-0.2,12.62,8730324606.24
2019-06-14,6.68,6.78,6.96,6.52,1072945,722065264.0,6.65,2.42,0.16,8.22,8941329430.56
2019-06-17,6.74,6.6,6.88,6.56,796410,534344192.0,4.72,-2.65,-0.18,6.1,8703949003.199999
2019-06-18,6.54,6.49,6.65,6.42,502461,327652464.0,3.48,-1.67,-0.11,3.85,8558883186.4800005
2019-06-19,6.65,6.46,6.75,6.45,664731,438575136.0,4.62,-0.46,-0.03,5.09,8519319781.92
2019-06-20,6.41,6.47,6.53,6.17,723141,461246800.0,5.57,0.15,0.01,5.54,8532507583.44
2019-06-21,6.48,6.56,6.72,6.46,680482,448560000.0,4.02,1.39,0.09,5.21,8651197797.119999
2019-06-24,6.5,6.44,6.62,6.35,457614,295404416.0,4.12,-1.83,-0.12,3.5,8492944178.88
2019-06-25,6.42,6.85,7.0,6.39,996362,665267584.0,9.47,6.37,0.41,7.63,9033644041.199999
2019-06-26,6.7,6.64,6.87,6.63,582901,391344880.0,3.5,-3.07,-0.21,4.46,8756700209.279999
2019-06-27,6.62,6.72,6.78,6.6,515703,344942336.0,2.71,1.2,0.08,3.95,8862202621.44
2019-06-28,6.63,6.32,6.64,6.1,697235,445511904.0,8.04,-5.95,-0.4,5.34,8334690560.64
2019-07-01,6.46,6.46,6.54,6.36,414015,267223609.0,2.85,2.22,0.14,3.17,8519319781.92
2019-07-02,6.49,6.59,6.72,6.35,545499,359069200.0,5.73,2.01,0.13,4.18,8690761201.68
2019-07-03,6.57,6.4,6.59,6.35,353500,228131136.0,3.64,-2.88,-0.19,2.71,8440192972.8
2019-07-04,6.37,6.29,6.47,6.24,309881,195966268.0,3.59,-1.72,-0.11,2.37,8295127156.08
2019-07-05,6.18,6.26,6.32,6.12,265224,165285242.0,3.18,-0.48,-0.03,2.03,8255563751.5199995
2019-07-08,6.22,5.83,6.22,5.78,492064,293280080.0,7.03,-6.87,-0.43,3.77,7688488286.16
2019-07-09,5.85,5.96,6.04,5.8,243828,144134092.0,4.12,2.23,0.13,1.87,7859929705.92
2019-07-10,5.9,5.9,5.98,5.84,162857,96052291.0,2.35,-1.01,-0.06,1.25,7780802896.8
2019-07-11,5.95,5.86,5.99,5.78,183770,108195953.0,3.56,-0.68,-0.04,1.41,7728051690.72
2019-07-12,5.9,5.8,5.9,5.73,183894,106868975.0,2.9,-1.02,-0.06,1.41,7648924881.599999
2019-07-15,5.83,5.85,5.93,5.69,204138,118617459.0,4.14,0.86,0.05,1.56,7714863889.2
2019-07-16,5.98,6.0,6.13,5.94,329706,198888822.0,3.25,2.56,0.15,2.52,7912680912.0
2019-07-17,5.96,5.96,6.02,5.91,170826,101969218.0,1.83,-0.67,-0.04,1.31,7859929705.92
2019-07-18,5.93,5.76,5.93,5.75,214654,124684018.0,3.02,-3.36,-0.2,1.64,7596173675.5199995
2019-07-19,5.76,5.76,5.85,5.71,168617,97301879.0,2.43,0.0,0.0,1.29,7596173675.5199995
2019-07-22,5.77,5.45,5.77,5.43,299270,165175458.0,5.9,-5.38,-0.31,2.29,7187351828.400001
2019-07-23,5.46,5.73,5.74,5.46,286251,161359971.0,5.14,5.14,0.28,2.19,7556610270.960001
2019-07-24,5.8,5.77,5.91,5.72,233919,135826127.0,3.32,0.7,0.04,1.79,7609361477.039999
2019-07-25,5.8,5.8,5.85,5.74,157475,91242056.0,1.91,0.52,0.03,1.21,7648924881.599999
2019-07-26,5.76,5.69,5.76,5.66,169256,96523400.0,1.72,-1.9,-0.11,1.3,7503859064.88
2019-07-29,5.71,5.61,5.74,5.58,138968,78399808.0,2.81,-1.41,-0.08,1.06,7398356652.72
2019-07-30,5.66,5.73,5.84,5.64,231127,132998923.0,3.57,2.14,0.12,1.77,7556610270.960001
2019-07-31,5.73,5.66,5.73,5.63,120636,68372653.0,1.75,-1.22,-0.07,0.92,7464295660.320001
2019-08-01,5.62,5.7,5.78,5.57,198008,112693605.0,3.71,0.71,0.04,1.52,7517046866.400001
2019-08-02,5.58,5.57,5.63,5.46,237801,131794961.0,2.98,-2.28,-0.13,1.82,7345605446.64
2019-08-05,5.56,5.39,5.6,5.38,238332,130328560.0,3.95,-3.23,-0.18,1.83,7108225019.28
2019-08-06,5.22,5.19,5.26,5.0,317753,163844159.0,4.82,-3.71,-0.2,2.43,6844468988.88
2019-08-07,5.71,5.71,5.71,5.71,134653,76887114.0,0.0,10.02,0.52,1.03,7530234667.92
2019-08-08,5.99,5.86,6.09,5.73,739317,435568704.0,6.3,2.63,0.15,5.66,7728051690.72
2019-08-09,5.9,5.67,5.91,5.64,396734,228873402.0,4.61,-3.24,-0.19,3.04,7477483461.84
2019-08-12,5.77,5.75,5.8,5.62,254662,145066886.0,3.17,1.41,0.08,1.95,7582985874.0
2019-08-13,5.66,5.92,5.95,5.63,433972,252831020.0,5.57,2.96,0.17,3.32,7807178499.84
2019-08-14,5.98,5.95,6.03,5.89,369401,219687134.0,2.36,0.51,0.03,2.83,7846741904.400001
2019-08-15,5.8,6.01,6.03,5.74,315442,186555617.0,4.87,1.01,0.06,2.42,7925868713.5199995
2019-08-16,5.96,5.96,6.1,5.95,268697,161763189.0,2.5,-0.83,-0.05,2.06,7859929705.92
2019-08-19,6.07,6.12,6.13,5.98,435523,264460197.0,2.52,2.68,0.16,3.34,8070934530.24
2019-08-20,6.1,6.29,6.47,6.06,579647,363844496.0,6.7,2.78,0.17,4.44,8295127156.08
2019-08-21,6.23,6.13,6.27,6.12,354301,218660153.0,2.38,-2.54,-0.16,2.71,8084122331.76
2019-08-22,6.09,6.11,6.24,6.04,232236,142370771.0,3.26,-0.33,-0.02,1.78,8057746728.72
2019-08-23,6.07,6.01,6.14,6.0,227928,138101275.0,2.29,-1.64,-0.1,1.75,7925868713.5199995
2019-08-26,5.89,5.95,5.98,5.81,214882,126999886.0,2.83,-1.0,-0.06,1.65,7846741904.400001
2019-08-27,5.96,6.08,6.15,5.93,216406,131296897.0,3.7,2.18,0.13,1.66,8018183324.16
2019-08-28,6.01,5.94,6.04,5.88,285827,169934192.0,2.63,-2.3,-0.14,2.19,7833554102.88
2019-08-29,5.92,5.98,6.02,5.87,225457,134040216.0,2.53,0.67,0.04,1.73,7886305308.960001
2019-08-30,5.99,6.06,6.06,5.91,297614,177995021.0,2.51,1.34,0.08,2.28,7991807721.12
2019-09-02,6.01,6.15,6.18,6.01,269879,165413812.0,2.81,1.49,0.09,2.07,8110497934.8
2019-09-03,6.14,6.07,6.17,6.05,227987,138814995.0,1.95,-1.3,-0.08,1.75,8004995522.64
2019-09-04,6.05,6.09,6.11,6.0,216234,130858884.0,1.81,0.33,0.02,1.66,8031371125.679999
2019-09-05,6.12,6.07,6.22,6.07,332688,204521038.0,2.46,-0.33,-0.02,2.55,8004995522.64
2019-09-06,6.08,6.13,6.13,6.01,278297,169064215.0,1.98,0.99,0.06,2.13,8084122331.76
2019-09-09,6.15,6.33,6.37,6.12,490081,305868288.0,4.08,3.26,0.2,3.75,8347878362.16
2019-09-10,6.35,6.27,6.36,6.22,294149,184209811.0,2.21,-0.95,-0.06,2.25,8268751553.039999
2019-09-11,6.31,6.26,6.43,6.24,316333,199717302.0,3.03,-0.16,-0.01,2.42,8255563751.5199995
2019-09-12,6.26,6.26,6.32,6.21,215465,134777012.0,1.76,0.0,0.0,1.65,8255563751.5199995
2019-09-16,6.28,6.31,6.37,6.23,282072,177825310.0,2.24,0.8,0.05,2.16,8321502759.12
2019-09-17,6.34,6.11,6.34,6.09,285976,177100147.0,3.96,-3.17,-0.2,2.19,8057746728.72
2019-09-18,6.14,6.13,6.17,6.03,219429,133421267.0,2.29,0.33,0.02,1.68,8084122331.76
2019-09-19,6.16,6.13,6.16,6.07,132885,81320600.0,1.47,0.0,0.0,1.02,8084122331.76
2019-09-20,6.12,6.02,6.13,6.0,266710,161066438.0,2.12,-1.79,-0.11,2.04,7939056515.039999
2019-09-23,6.03,6.08,6.09,5.86,266607,159130929.0,3.82,1.0,0.06,2.04,8018183324.16
2019-09-24,6.05,6.03,6.12,6.01,159073,96493901.0,1.81,-0.82,-0.05,1.22,7952244316.56
2019-09-25,6.45,6.23,6.56,6.22,714211,455074096.0,5.64,3.32,0.2,5.47,8216000346.960001
2019-09-26,6.2,6.49,6.77,6.2,945899,615917120.0,9.15,4.17,0.26,7.24,8558883186.4800005
2019-09-27,6.38,6.57,6.74,6.27,754194,494460752.0,7.24,1.23,0.08,5.78,8664385598.640001
2019-09-30,6.56,6.35,6.56,6.35,380723,245027088.0,3.2,-3.35,-0.22,2.92,8374253965.2
2019-10-08,6.28,6.18,6.48,6.18,368039,232502234.0,4.72,-2.68,-0.17,2.82,8150061339.36
2019-10-09,6.13,6.15,6.23,6.07,282172,173215041.0,2.59,-0.49,-0.03,2.16,8110497934.8
2019-10-10,6.16,6.17,6.2,6.08,248272,152447913.0,1.95,0.33,0.02,1.9,8136873537.84
2019-10-11,6.14,6.14,6.18,6.11,191888,117791716.0,1.13,-0.49,-0.03,1.47,8097310133.28
2019-10-14,6.19,6.45,6.53,6.17,436345,276508384.0,5.86,5.05,0.31,3.34,8506131980.400001
2019-10-15,6.4,6.54,6.62,6.33,528030,344161408.0,4.5,1.4,0.09,4.04,8624822194.08
2019-10-16,6.54,6.38,6.54,6.36,295294,190174401.0,2.75,-2.45,-0.16,2.26,8413817369.76
2019-10-17,6.36,6.35,6.5,6.28,227714,145553938.0,3.45,-0.47,-0.03,1.74,8374253965.2
2019-10-18,6.39,6.26,6.41,6.2,238079,149601786.0,3.31,-1.42,-0.09,1.82,8255563751.5199995
2019-10-21,6.19,6.31,6.34,6.09,198223,123486991.0,3.99,0.8,0.05,1.52,8321502759.12
2019-10-22,6.27,6.31,6.34,6.25,136730,86080424.0,1.43,0.0,0.0,1.05,8321502759.12
2019-10-23,6.29,6.41,6.48,6.28,304026,194843776.0,3.17,1.58,0.1,2.33,8453380774.320001
2019-10-24,6.39,6.33,6.45,6.29,182087,115783070.0,2.5,-1.25,-0.08,1.39,8347878362.16
2019-10-25,6.35,6.19,6.35,6.16,266494,165485801.0,3.0,-2.21,-0.14,2.04,8163249140.88
2019-10-28,6.11,6.28,6.33,6.11,253375,157917643.0,3.55,1.45,0.09,1.94,8281939354.56
2019-10-29,6.0,6.19,6.28,5.8,596614,358999984.0,7.64,-1.43,-0.09,4.57,8163249140.88
2019-10-30,6.11,6.13,6.22,6.02,240598,147102316.0,3.23,-0.97,-0.06,1.84,8084122331.76
2019-10-31,6.36,6.25,6.47,6.24,390289,247340630.0,3.75,1.96,0.12,2.99,8242375950.0
2019-11-01,6.26,6.27,6.35,6.2,191542,120073699.0,2.4,0.32,0.02,1.47,8268751553.039999
2019-11-04,6.26,6.15,6.27,6.15,184642,114410739.0,1.91,-1.91,-0.12,1.41,8110497934.8
2019-11-05,6.16,6.16,6.19,6.11,138097,85034252.0,1.3,0.16,0.01,1.06,8123685736.320001
2019-11-06,6.17,6.03,6.18,6.02,157967,96319851.0,2.6,-2.11,-0.13,1.21,7952244316.56
2019-11-07,6.06,6.08,6.13,6.0,146394,88733571.0,2.16,0.83,0.05,1.12,8018183324.16
2019-11-08,6.09,6.06,6.15,6.04,108744,65957610.0,1.81,-0.33,-0.02,0.83,7991807721.12
2019-11-11,6.06,5.9,6.06,5.9,145175,86445155.0,2.64,-2.64,-0.16,1.11,7780802896.8
2019-11-12,5.88,5.91,5.95,5.82,127844,75339177.0,2.2,0.17,0.01,0.98,7793990698.320001
2019-11-13,5.95,5.96,5.97,5.89,92483,54959322.0,1.35,0.85,0.05,0.71,7859929705.92
2019-11-14,6.0,5.99,6.04,5.96,142464,85517606.0,1.34,0.5,0.03,1.09,7899493110.4800005
2019-11-15,5.98,6.0,6.03,5.97,80127,48103021.0,1.0,0.17,0.01,0.61,7912680912.0
2019-11-18,6.01,6.01,6.04,5.98,92851,55763312.0,1.0,0.17,0.01,0.71,7925868713.5199995
2019-11-19,6.0,6.03,6.03,5.99,76906,46236330.0,0.67,0.33,0.02,0.59,7952244316.56
2019-11-20,6.03,6.0,6.04,5.99,118330,71040843.0,0.83,-0.5,-0.03,0.91,7912680912.0
2019-11-21,6.04,5.98,6.04,5.97,61800,37070921.0,1.17,-0.33,-0.02,0.47,7886305308.960001
2019-11-22,6.0,5.9,6.03,5.87,113680,67689446.0,2.68,-1.34,-0.08,0.87,7780802896.8
2019-11-25,5.97,5.99,6.03,5.92,97456,58400181.0,1.86,1.53,0.09,0.75,7899493110.4800005
2019-11-26,5.99,5.92,5.99,5.87,102026,60402726.0,2.0,-1.17,-0.07,0.78,7807178499.84
2019-11-27,5.92,5.91,5.96,5.87,80840,47858726.0,1.52,-0.17,-0.01,0.62,7793990698.320001
2019-11-28,5.89,5.9,5.95,5.89,78901,46724611.0,1.02,-0.17,-0.01,0.6,7780802896.8
2019-11-29,5.86,5.88,5.91,5.84,63153,37088253.0,1.19,-0.34,-0.02,0.48,7754427293.76
2019-12-02,5.89,5.94,5.97,5.82,103190,60580115.0,2.55,1.02,0.06,0.79,7833554102.88
2019-12-03,5.9,5.94,5.95,5.85,77698,45946212.0,1.68,0.0,0.0,0.6,7833554102.88
2019-12-04,5.92,5.89,5.95,5.89,72795,43022457.0,1.01,-0.84,-0.05,0.56,7767615095.28
2019-12-05,5.89,5.9,5.92,5.87,80357,47380785.0,0.85,0.17,0.01,0.62,7780802896.8
2019-12-06,5.92,5.94,5.95,5.87,83901,49581748.0,1.36,0.68,0.04,0.64,7833554102.88
2019-12-09,5.91,6.02,6.08,5.91,162930,98161351.0,2.86,1.35,0.08,1.25,7939056515.039999
2019-12-10,6.01,6.04,6.08,5.96,152359,91799294.0,1.99,0.33,0.02,1.17,7965432118.08
2019-12-11,6.04,6.07,6.08,6.02,130444,78989877.0,0.99,0.5,0.03,1.0,8004995522.64
2019-12-12,6.05,6.18,6.22,6.02,275575,169519131.0,3.29,1.81,0.11,2.11,8150061339.36
2019-12-13,6.18,6.16,6.23,6.1,252666,155164297.0,2.1,-0.32,-0.02,1.93,8123685736.320001
2019-12-16,6.18,6.12,6.18,6.07,214086,130655703.0,1.79,-0.65,-0.04,1.64,8070934530.24
2019-12-17,6.09,6.14,6.16,6.06,220610,134694365.0,1.63,0.33,0.02,1.69,8097310133.28
2019-12-18,6.15,6.08,6.16,6.07,179516,109514365.0,1.47,-0.98,-0.06,1.37,8018183324.16
2019-12-19,6.08,6.12,6.14,6.07,135213,82788596.0,1.15,0.66,0.04,1.04,8070934530.24
2019-12-20,6.1,6.04,6.15,6.03,156530,95183687.0,1.96,-1.31,-0.08,1.2,7965432118.08
2019-12-23,6.02,5.87,6.02,5.87,143280,85295832.0,2.48,-2.81,-0.17,1.1,7741239492.24
2019-12-24,5.89,5.94,5.96,5.88,89799,53203707.0,1.36,1.19,0.07,0.69,7833554102.88
2019-12-25,5.94,5.84,5.95,5.8,206337,121045373.0,2.53,-1.68,-0.1,1.58,7701676087.679999
2019-12-26,5.85,5.85,5.89,5.82,111973,65454669.0,1.2,0.17,0.01,0.86,7714863889.2
2019-12-27,5.85,5.82,5.92,5.82,119471,70137120.0,1.71,-0.51,-0.03,0.91,7675300484.64
2019-12-30,5.84,5.9,5.91,5.74,147599,85906626.0,2.92,1.37,0.08,1.13,7780802896.8
2019-12-31,5.9,5.93,5.98,5.83,148744,87772781.0,2.54,0.51,0.03,1.14,7820366301.36
2020-01-02,5.93,5.95,5.99,5.9,149780,89167331.0,1.52,0.34,0.02,1.15,7846741904.400001
2020-01-03,5.95,5.92,5.97,5.91,123027,72900885.0,1.01,-0.5,-0.03,0.94,7807178499.84
2020-01-06,5.9,5.97,6.0,5.85,178465,105844602.0,2.53,0.84,0.05,1.37,7873117507.44
2020-01-07,6.02,6.01,6.03,5.96,195323,117251333.0,1.17,0.67,0.04,1.5,7925868713.5199995
2020-01-08,6.02,6.06,6.29,5.97,372352,227989877.0,5.32,0.83,0.05,2.85,7991807721.12
2020-01-09,6.11,6.11,6.2,6.08,191238,117110735.0,1.98,0.83,0.05,1.46,8057746728.72
2020-01-10,6.13,6.09,6.16,6.08,132605,80976487.0,1.31,-0.33,-0.02,1.02,8031371125.679999
2020-01-13,6.13,6.1,6.24,6.02,173039,106088594.0,3.61,0.16,0.01,1.33,8044558927.2
2020-01-14,6.1,6.11,6.2,6.07,195008,119588801.0,2.13,0.16,0.01,1.49,8057746728.72
2020-01-15,6.12,5.98,6.12,5.96,179351,107911875.0,2.62,-2.13,-0.13,1.37,7886305308.960001
2020-01-16,5.99,5.92,6.0,5.85,128743,76364454.0,2.51,-1.0,-0.06,0.99,7807178499.84
2020-01-17,5.95,5.85,5.96,5.83,118222,69462029.0,2.2,-1.18,-0.07,0.91,7714863889.2
2020-01-20,5.85,5.9,5.93,5.83,94402,55498297.0,1.71,0.85,0.05,0.72,7780802896.8
2020-01-21,5.9,5.88,5.94,5.86,106036,62454770.0,1.36,-0.34,-0.02,0.81,7754427293.76
2020-01-22,5.84,5.81,5.87,5.71,124658,72301243.0,2.72,-1.19,-0.07,0.95,7662112683.12
2020-01-23,5.78,5.58,5.8,5.45,184407,104155681.0,6.02,-3.96,-0.23,1.41,7358793248.16
2020-02-03,5.02,5.02,5.02,5.02,50648,25425296.0,0.0,-10.04,-0.56,0.39,6620276363.039999
2020-02-04,4.52,4.95,5.0,4.52,308111,148166282.0,9.56,-1.39,-0.07,2.36,6527961752.400001
2020-02-05,4.92,5.06,5.15,4.9,238367,120996681.0,5.05,2.22,0.11,1.83,6673027569.12
2020-02-06,5.11,5.1,5.15,4.97,183050,93127504.0,3.56,0.79,0.04,1.4,6725778775.2
2020-02-07,5.09,5.02,5.1,4.92,219906,110321091.0,3.53,-1.57,-0.08,1.68,6620276363.039999
2020-02-10,5.02,5.1,5.12,4.96,162170,82138356.0,3.19,1.59,0.08,1.24,6725778775.2
2020-02-11,5.13,5.13,5.19,5.08,150046,77063980.0,2.16,0.59,0.03,1.15,6765342179.76
2020-02-12,5.13,5.15,5.17,5.08,142323,73088000.0,1.75,0.39,0.02,1.09,6791717782.8
2020-02-13,5.13,5.05,5.15,5.03,150391,76388442.0,2.33,-1.94,-0.1,1.15,6659839767.599999
2020-02-14,5.02,5.01,5.08,4.99,118783,59767015.0,1.78,-0.79,-0.04,0.91,6607088561.5199995
2020-02-17,5.04,5.19,5.19,5.0,210523,107928831.0,3.79,3.59,0.18,1.61,6844468988.88
2020-02-18,5.19,5.31,5.39,5.16,239249,126881327.0,4.43,2.31,0.12,1.83,7002722607.12
2020-02-19,5.38,5.62,5.84,5.38,593439,338317856.0,8.66,5.84,0.31,4.54,7411544454.24
2020-02-20,5.56,5.63,5.66,5.42,366524,203126305.0,4.27,0.18,0.01,2.81,7424732255.76
2020-02-21,5.54,5.68,5.83,5.53,318045,179210482.0,5.33,0.89,0.05,2.44,7490671263.36
2020-02-24,5.6,5.68,5.82,5.6,243685,138529253.0,3.87,0.0,0.0,1.87,7490671263.36
2020-02-25,5.51,5.75,5.78,5.44,330364,185809801.0,5.99,1.23,0.07,2.53,7582985874.0
2020-02-26,5.65,5.58,5.74,5.55,249853,140819144.0,3.3,-2.96,-0.17,1.91,7358793248.16
2020-02-27,5.66,5.53,5.66,5.52,154691,86185095.0,2.51,-0.9,-0.05,1.18,7292854240.56
2020-02-28,5.42,5.17,5.44,5.17,211110,111860697.0,4.88,-6.51,-0.36,1.62,6818093385.84
2020-03-02,5.24,5.54,5.58,5.21,207428,112186002.0,7.16,7.16,0.37,1.59,7306042042.08
2020-03-03,5.79,5.99,6.09,5.68,874821,520784592.0,7.4,8.12,0.45,6.7,7899493110.4800005
2020-03-04,5.8,5.75,5.84,5.62,422892,242263174.0,3.67,-4.01,-0.24,3.24,7582985874.0
2020-03-05,5.8,5.77,5.88,5.66,345685,198745031.0,3.83,0.35,0.02,2.65,7609361477.039999
2020-03-06,5.74,5.67,5.74,5.65,206688,117505639.0,1.56,-1.73,-0.1,1.58,7477483461.84
2020-03-09,5.54,5.5,5.6,5.46,280762,154958191.0,2.47,-3.0,-0.17,2.15,7253290836.0
2020-03-10,5.4,5.57,5.59,5.24,287735,156785942.0,6.36,1.27,0.07,2.2,7345605446.64
2020-03-11,5.6,5.49,5.72,5.48,190492,106795290.0,4.31,-1.44,-0.08,1.46,7240103034.4800005
2020-03-12,5.41,5.52,5.57,5.41,176492,96624350.0,2.91,0.55,0.03,1.35,7279666439.039999
2020-03-13,5.28,5.46,5.52,5.17,196110,105523953.0,6.34,-1.09,-0.06,1.5,7200539629.92
2020-03-16,5.6,5.33,5.61,5.33,180018,97856548.0,5.13,-2.38,-0.13,1.38,7029098210.16
2020-03-17,5.32,5.3,5.44,5.14,139949,74111921.0,5.63,-0.56,-0.03,1.07,6989534805.599999
2020-03-18,5.32,5.25,5.45,5.21,164996,88440161.0,4.53,-0.94,-0.05,1.26,6923595798.0
2020-03-19,5.23,5.22,5.28,5.15,161541,84334516.0,2.48,-0.57,-0.03,1.24,6884032393.44
2020-03-20,5.3,5.41,5.42,5.29,204461,109892099.0,2.49,3.64,0.19,1.57,7134600622.320001
2020-03-23,5.32,5.26,5.37,5.2,147047,77786676.0,3.14,-2.77,-0.15,1.13,6936783599.5199995
2020-03-24,5.35,5.42,5.43,5.25,157282,83905884.0,3.42,3.04,0.16,1.2,7147788423.84
2020-03-25,5.58,5.45,5.58,5.39,138312,75474773.0,3.51,0.55,0.03,1.06,7187351828.400001
2020-03-26,5.39,5.32,5.42,5.31,95790,51337757.0,2.02,-2.39,-0.13,0.73,7015910408.64
2020-03-27,5.31,5.26,5.39,5.25,93978,49921693.0,2.63,-1.13,-0.06,0.72,6936783599.5199995
2020-03-30,5.2,5.15,5.24,5.09,105800,54415894.0,2.85,-2.09,-0.11,0.81,6791717782.8
2020-03-31,5.21,5.17,5.23,5.15,59502,30883283.0,1.55,0.39,0.02,0.46,6818093385.84
2020-04-01,5.2,5.15,5.25,5.12,85436,44333737.0,2.51,-0.39,-0.02,0.65,6791717782.8
2020-04-02,5.14,5.21,5.21,5.1,67196,34751897.0,2.14,1.17,0.06,0.51,6870844591.92
2020-04-03,5.2,5.14,5.24,5.12,77087,39823696.0,2.3,-1.34,-0.07,0.59,6778529981.28
2020-04-07,5.25,5.21,5.25,5.17,100396,52280163.0,1.56,1.36,0.07,0.77,6870844591.92
2020-04-08,5.19,5.17,5.21,5.16,80708,41804932.0,0.96,-0.77,-0.04,0.62,6818093385.84
2020-04-09,5.19,5.17,5.22,5.17,96631,50159730.0,0.97,0.0,0.0,0.74,6818093385.84
2020-04-10,5.17,5.09,5.19,5.06,108481,55526621.0,2.51,-1.55,-0.08,0.83,6712590973.679999
2020-04-13,5.06,5.04,5.07,5.02,69739,35105882.0,0.98,-0.98,-0.05,0.53,6646651966.08
2020-04-14,5.04,5.08,5.08,5.03,78637,39753131.0,0.99,0.79,0.04,0.6,6699403172.16
2020-04-15,5.08,5.09,5.16,5.06,69020,35231186.0,1.97,0.2,0.01,0.53,6712590973.679999
2020-04-16,5.07,5.06,5.12,5.04,63112,31998063.0,1.57,-0.59,-0.03,0.48,6673027569.12
2020-04-17,5.09,5.05,5.09,5.05,76436,38735333.0,0.79,-0.2,-0.01,0.59,6659839767.599999
2020-04-20,5.06,5.05,5.08,5.02,52978,26712318.0,1.19,0.0,0.0,0.41,6659839767.599999
2020-04-21,5.05,4.99,5.05,4.93,83848,41779152.0,2.38,-1.19,-0.06,0.64,6580712958.4800005
2020-04-22,4.96,4.95,4.97,4.9,73937,36468884.0,1.4,-0.8,-0.04,0.57,6527961752.400001
2020-04-23,4.96,4.94,4.98,4.93,52359,25972766.0,1.01,-0.2,-0.01,0.4,6514773950.88
2020-04-24,4.93,4.77,4.94,4.69,152480,73255300.0,5.06,-3.44,-0.17,1.17,6290581325.039999
2020-04-27,4.77,4.69,4.77,4.69,67350,31824352.0,1.68,-1.68,-0.08,0.52,6185078912.88
2020-04-28,4.68,4.86,4.91,4.46,183821,87233942.0,9.59,3.62,0.17,1.41,6409271538.72
2020-04-29,4.84,5.03,5.04,4.83,164874,82081733.0,4.32,3.5,0.17,1.26,6633464164.56
2020-04-30,5.0,5.0,5.05,4.9,123960,61557428.0,2.98,-0.6,-0.03,0.95,6593900760.0
2020-05-06,4.96,5.1,5.14,4.92,142279,72071048.0,4.4,2.0,0.1,1.09,6725778775.2
2020-05-07,5.11,5.05,5.13,5.04,66416,33730200.0,1.76,-0.98,-0.05,0.51,6659839767.599999
2020-05-08,5.05,5.04,5.08,5.0,74434,37565497.0,1.58,-0.2,-0.01,0.57,6646651966.08
2020-05-11,5.06,4.96,5.06,4.93,67707,33784159.0,2.58,-1.59,-0.08,0.52,6541149553.92
2020-05-12,4.94,4.77,4.96,4.69,202235,96599732.0,5.44,-3.83,-0.19,1.55,6290581325.039999
2020-05-13,4.73,4.72,4.76,4.63,128326,60292352.0,2.73,-1.05,-0.05,0.98,6224642317.44
2020-05-14,4.7,4.65,4.72,4.63,64165,29960938.0,1.91,-1.48,-0.07,0.49,6132327706.8
2020-05-15,4.68,4.65,4.71,4.6,78026,36337655.0,2.37,0.0,0.0,0.6,6132327706.8
2020-05-18,4.7,4.73,4.78,4.67,105825,50112351.0,2.37,1.72,0.08,0.81,6237830118.960001
2020-05-19,4.75,4.74,4.79,4.72,69230,32856251.0,1.48,0.21,0.01,0.53,6251017920.4800005
2020-05-20,4.74,5.13,5.16,4.72,263727,130894134.0,9.28,8.23,0.39,2.02,6765342179.76
2020-05-21,5.04,4.92,5.09,4.9,126375,62944637.0,3.7,-4.09,-0.21,0.97,6488398347.84
2020-05-22,4.91,4.87,5.06,4.85,107189,53017116.0,4.27,-1.02,-0.05,0.82,6422459340.24
2020-05-25,4.86,4.94,5.01,4.86,70908,35144968.0,3.08,1.44,0.07,0.54,6514773950.88
2020-05-26,4.98,4.96,5.01,4.87,81490,40248321.0,2.83,0.4,0.02,0.62,6541149553.92
2020-05-27,4.96,4.86,4.99,4.84,86776,42414400.0,3.02,-2.02,-0.1,0.66,6409271538.72
2020-05-28,4.85,4.86,4.89,4.76,69571,33536133.0,2.67,0.0,0.0,0.53,6409271538.72
2020-05-29,4.83,4.96,4.98,4.8,74793,36746802.0,3.7,2.06,0.1,0.57,6541149553.92
2020-06-01,4.99,5.04,5.07,4.98,101040,50907008.0,1.81,1.61,0.08,0.77,6646651966.08
2020-06-02,5.01,5.05,5.07,5.0,79770,40218496.0,1.39,0.2,0.01,0.61,6659839767.599999
2020-06-03,5.07,4.95,5.07,4.91,81512,40742214.0,3.17,-1.98,-0.1,0.62,6527961752.400001
2020-06-04,4.95,4.94,4.99,4.91,60786,30110960.0,1.62,-0.2,-0.01,0.47,6514773950.88
2020-06-05,4.94,4.97,4.99,4.9,71242,35162798.0,1.82,0.61,0.03,0.55,6554337355.44
2020-06-08,4.97,4.92,4.98,4.89,81951,40399663.0,1.81,-1.01,-0.05,0.63,6488398347.84
2020-06-09,4.92,4.89,4.95,4.85,84953,41531516.0,2.03,-0.61,-0.03,0.65,6448834943.28
2020-06-10,4.89,4.87,4.89,4.81,70984,34298891.0,1.64,-0.41,-0.02,0.54,6422459340.24
2020-06-11,4.87,4.84,4.94,4.83,78610,38389130.0,2.26,-0.62,-0.03,0.6,6382895935.679999
2020-06-12,4.72,4.78,4.8,4.72,92588,44125667.0,1.65,-1.24,-0.06,0.71,6303769126.56
2020-06-15,4.77,4.88,5.07,4.77,158891,78698211.0,6.28,2.09,0.1,1.22,6435647141.76
2020-06-16,4.89,4.96,5.02,4.89,121675,60354805.0,2.66,1.64,0.08,0.93,6541149553.92
2020-06-17,4.96,4.92,5.01,4.9,100896,49777042.0,2.22,-0.81,-0.04,0.77,6488398347.84
2020-06-18,4.94,4.91,4.95,4.86,61649,30294950.0,1.83,-0.2,-0.01,0.47,6475210546.320001
2020-06-19,4.9,4.95,4.95,4.87,68316,33595894.0,1.63,0.81,0.04,0.52,6527961752.400001
2020-06-22,4.95,4.9,4.95,4.89,66621,32755655.0,1.21,-1.01,-0.05,0.51,6462022744.8
2020-06-23,4.9,4.82,4.91,4.82,68470,33203762.0,1.84,-1.63,-0.08,0.52,6356520332.64
2020-06-24,4.82,4.87,4.88,4.76,80606,38720237.0,2.49,1.04,0.05,0.62,6422459340.24
2020-06-29,4.87,4.84,4.93,4.82,65805,32103782.0,2.26,-0.62,-0.03,0.5,6382895935.679999
2020-06-30,4.84,4.85,4.89,4.83,50095,24323998.0,1.24,0.21,0.01,0.38,6396083737.2
2020-07-01,4.85,5.0,5.06,4.84,207498,102754727.0,4.54,3.09,0.15,1.59,6593900760.0
2020-07-02,5.01,5.01,5.04,4.96,133776,66889028.0,1.6,0.2,0.01,1.02,6607088561.5199995
2020-07-03,5.04,5.07,5.16,5.01,163923,83367371.0,2.99,1.2,0.06,1.26,6686215370.64
2020-07-06,5.09,5.29,5.37,5.08,344980,179778511.0,5.72,4.34,0.22,2.64,6976347004.08
2020-07-07,5.31,5.33,5.44,5.2,284268,152284242.0,4.54,0.76,0.04,2.18,7029098210.16
2020-07-08,5.29,5.54,5.58,5.27,289350,157976757.0,5.82,3.94,0.21,2.22,7306042042.08
2020-07-09,5.54,5.5,5.62,5.41,320482,176482812.0,3.79,-0.72,-0.04,2.45,7253290836.0
2020-07-10,5.47,5.39,5.5,5.35,208290,112919464.0,2.73,-2.0,-0.11,1.6,7108225019.28
2020-07-13,5.35,5.5,5.52,5.34,282079,153509444.0,3.34,2.04,0.11,2.16,7253290836.0
2020-07-14,5.49,5.45,5.56,5.38,240510,131415811.0,3.27,-0.91,-0.05,1.84,7187351828.400001
2020-07-15,5.46,5.6,5.89,5.37,479359,270798112.0,9.54,2.75,0.15,3.67,7385168851.2
2020-07-16,5.61,5.76,6.04,5.6,630203,367161120.0,7.86,2.86,0.16,4.83,7596173675.5199995
2020-07-17,5.9,5.87,5.97,5.65,402551,234173947.0,5.56,1.91,0.11,3.08,7741239492.24
2020-07-20,6.3,6.38,6.46,5.95,583858,363529120.0,8.69,8.69,0.51,4.47,8413817369.76
2020-07-21,6.54,6.5,6.86,6.28,826436,544310896.0,9.09,1.88,0.12,6.33,8572070988.0
2020-07-22,6.55,6.49,6.71,6.42,491739,322273600.0,4.46,-0.15,-0.01,3.77,8558883186.4800005
2020-07-23,6.43,6.49,6.57,6.26,458115,294154000.0,4.78,0.0,0.0,3.51,8558883186.4800005
2020-07-24,6.51,6.19,6.77,6.16,479269,307269792.0,9.4,-4.62,-0.3,3.67,8163249140.88
2020-07-27,6.2,6.06,6.3,6.01,399391,246046485.0,4.68,-2.1,-0.13,3.06,7991807721.12
2020-07-28,6.16,6.46,6.66,6.1,606135,393867952.0,9.24,6.6,0.4,4.64,8519319781.92
2020-07-29,6.46,6.52,6.52,6.21,342863,219511540.0,4.8,0.93,0.06,2.63,8598446591.039999
2020-07-30,6.46,6.38,6.53,6.28,336204,214536115.0,3.83,-2.15,-0.14,2.57,8413817369.76
2020-07-31,6.31,6.33,6.43,6.25,223347,141465688.0,2.82,-0.78,-0.05,1.71,8347878362.16
2020-08-03,6.37,6.44,6.59,6.33,322033,207850846.0,4.11,1.74,0.11,2.47,8492944178.88
2020-08-04,6.45,7.08,7.08,6.43,744916,510590128.0,10.09,9.94,0.64,5.7,9336963476.16
2020-08-05,7.08,7.4,7.68,6.91,751973,547391712.0,10.88,4.52,0.32,5.76,9758973124.800001
2020-08-06,7.4,7.29,7.61,7.28,515441,381812624.0,4.46,-1.49,-0.11,3.95,9613907308.08
2020-08-07,7.4,7.33,7.77,7.29,546128,407505568.0,6.58,0.55,0.04,4.18,9666658514.16
2020-08-10,7.21,6.99,7.5,6.83,538113,380316352.0,9.14,-4.64,-0.34,4.12,9218273262.48
2020-08-11,7.02,7.2,7.41,6.9,473039,337431248.0,7.3,3.0,0.21,3.62,9495217094.4
2020-08-12,7.11,6.82,7.17,6.62,451860,308791728.0,7.64,-5.28,-0.38,3.46,8994080636.640001
2020-08-13,6.85,6.84,6.91,6.77,183131,125433729.0,2.05,0.29,0.02,1.4,9020456239.68
2020-08-14,6.79,6.81,6.88,6.56,215696,145107443.0,4.68,-0.44,-0.03,1.65,8980892835.119999
2020-08-17,6.79,7.12,7.2,6.76,274532,193223941.0,6.46,4.55,0.31,2.1,9389714682.24
2020-08-18,7.17,7.24,7.37,7.12,355393,257816786.0,3.51,1.69,0.12,2.72,9547968300.48
2020-08-19,7.15,7.0,7.27,6.95,291265,206805629.0,4.42,-3.31,-0.24,2.23,9231461064.0
2020-08-20,6.9,6.93,7.02,6.84,164171,113682771.0,2.57,-1.0,-0.07,1.26,9139146453.359999
2020-08-21,6.91,6.94,7.08,6.88,163300,113566338.0,2.89,0.14,0.01,1.25,9152334254.880001
2020-08-24,6.96,7.3,7.46,6.96,444372,322578048.0,7.2,5.19,0.36,3.4,9627095109.6
2020-08-25,7.33,7.16,7.42,7.15,268066,193954674.0,3.7,-1.92,-0.14,2.05,9442465888.32
2020-08-26,7.16,7.2,7.29,7.0,272773,194889110.0,4.05,0.56,0.04,2.09,9495217094.4
2020-08-27,7.23,7.42,7.56,7.2,368737,271494112.0,5.0,3.06,0.22,2.82,9785348727.84
2020-08-28,7.3,7.06,7.39,6.94,509983,361081488.0,6.06,-4.85,-0.36,3.91,9310587873.119999
2020-08-31,7.11,6.95,7.14,6.95,226676,159530776.0,2.69,-1.56,-0.11,1.74,9165522056.4
2020-09-01,6.88,6.71,6.95,6.6,348430,235038185.0,5.04,-3.45,-0.24,2.67,8849014819.92
2020-09-02,6.73,6.67,6.77,6.57,248093,164871336.0,2.98,-0.6,-0.04,1.9,8796263613.84
2020-09-03,6.68,6.55,6.77,6.52,169191,112036182.0,3.75,-1.8,-0.12,1.3,8638009995.6
2020-09-04,6.46,6.56,6.62,6.36,140923,91432633.0,3.97,0.15,0.01,1.08,8651197797.119999
2020-09-07,6.57,6.55,6.75,6.51,203003,134867843.0,3.66,-0.15,-0.01,1.55,8638009995.6
2020-09-08,6.59,6.43,6.6,6.39,139736,90570095.0,3.21,-1.83,-0.12,1.07,8479756377.36
2020-09-09,6.42,6.25,6.46,6.2,187898,118804189.0,4.04,-2.8,-0.18,1.44,8242375950.0
2020-09-10,6.3,6.17,6.38,6.1,177683,110950825.0,4.48,-1.28,-0.08,1.36,8136873537.84
2020-09-11,6.13,6.29,6.31,6.1,139457,86637046.0,3.4,1.94,0.12,1.07,8295127156.08
2020-09-14,6.27,6.47,6.48,6.27,101359,64628818.0,3.34,2.86,0.18,0.78,8532507583.44
2020-09-15,6.43,6.59,6.63,6.43,140422,91968395.0,3.09,1.85,0.12,1.08,8690761201.68
2020-09-16,6.61,6.51,6.61,6.42,82724,53761885.0,2.88,-1.21,-0.08,0.63,8585258789.5199995
2020-09-17,6.49,6.52,6.62,6.43,129103,84465506.0,2.92,0.15,0.01,0.99,8598446591.039999
2020-09-18,6.56,6.99,7.1,6.51,382638,263819597.0,9.05,7.21,0.47,2.93,9218273262.48
2020-09-21,6.95,6.95,7.06,6.9,182806,127514875.0,2.29,-0.57,-0.04,1.4,9165522056.4
2020-09-22,6.9,6.81,7.03,6.76,156668,107982478.0,3.88,-2.01,-0.14,1.2,8980892835.119999
2020-09-23,6.82,6.77,6.87,6.68,80651,54482516.0,2.79,-0.59,-0.04,0.62,8928141629.039999
2020-09-24,6.72,6.62,6.73,6.5,125142,82616298.0,3.4,-2.22,-0.15,0.96,8730324606.24
2020-09-25,6.71,6.88,6.94,6.5,154734,104597259.0,6.65,3.93,0.26,1.18,9073207445.76
2020-09-28,7.17,6.69,7.3,6.68,295419,206807576.0,9.01,-2.76,-0.19,2.26,8822639216.880001
2020-09-29,6.76,6.81,7.06,6.76,170253,116973964.0,4.48,1.79,0.12,1.3,8980892835.119999
2020-09-30,6.81,6.92,6.94,6.66,132731,90517204.0,4.11,1.62,0.11,1.02,9125958651.84
2020-10-09,6.94,6.97,7.04,6.87,196355,136204971.0,2.46,0.72,0.05,1.5,9191897659.44
2020-10-12,7.05,6.98,7.08,6.93,222161,155348277.0,2.15,0.14,0.01,1.7,9205085460.960001
2020-10-13,7.0,6.88,7.0,6.83,156606,107772630.0,2.44,-1.43,-0.1,1.2,9073207445.76
2020-10-14,6.89,6.86,6.91,6.76,107027,73050440.0,2.18,-0.29,-0.02,0.82,9046831842.720001
2020-10-15,6.9,6.7,6.93,6.69,112091,76038827.0,3.5,-2.33,-0.16,0.86,8835827018.4
2020-10-16,6.66,6.78,6.82,6.61,81580,54659142.0,3.13,1.19,0.08,0.62,8941329430.56
2020-10-19,6.8,6.64,6.82,6.63,74835,50193217.0,2.8,-2.06,-0.14,0.57,8756700209.279999
2020-10-20,6.64,6.7,6.75,6.58,77909,52013909.0,2.56,0.9,0.06,0.6,8835827018.4
2020-10-21,6.73,6.92,6.94,6.7,191536,131388564.0,3.58,3.28,0.22,1.47,9125958651.84
2020-10-22,6.9,6.71,6.9,6.65,156748,105433225.0,3.61,-3.03,-0.21,1.2,8849014819.92
2020-10-23,6.68,6.6,6.76,6.57,92727,61846529.0,2.83,-1.64,-0.11,0.71,8703949003.199999
2020-10-26,6.53,6.47,6.61,6.3,123469,79973044.0,4.7,-1.97,-0.13,0.95,8532507583.44
2020-10-27,6.45,6.52,6.56,6.39,59269,38400665.0,2.63,0.77,0.05,0.45,8598446591.039999
2020-10-28,6.52,6.49,6.68,6.46,119579,78344631.0,3.37,-0.46,-0.03,0.92,8558883186.4800005
2020-10-29,6.46,6.39,6.49,6.34,112201,72000867.0,2.31,-1.54,-0.1,0.86,8427005171.28
2020-10-30,6.39,6.16,6.47,6.16,116331,73143538.0,4.85,-3.6,-0.23,0.89,8123685736.320001
2020-11-02,6.29,6.36,6.42,6.19,116949,73885235.0,3.73,3.25,0.2,0.9,8387441766.72
2020-11-03,6.36,6.44,6.5,6.27,87745,56354981.0,3.62,1.26,0.08,0.67,8492944178.88
2020-11-04,6.43,6.33,6.49,6.28,101836,64768205.0,3.26,-1.71,-0.11,0.78,8347878362.16
2020-11-05,6.36,6.53,6.6,6.34,173469,112333814.0,4.11,3.16,0.2,1.33,8611634392.56
2020-11-06,6.52,6.4,6.54,6.35,129207,82982897.0,2.91,-1.99,-0.13,0.99,8440192972.8
2020-11-09,6.41,6.47,6.51,6.38,201808,130036953.0,2.03,1.09,0.07,1.55,8532507583.44
2020-11-10,6.47,6.51,6.74,6.43,232793,153380520.0,4.79,0.62,0.04,1.78,8585258789.5199995
2020-11-11,6.47,6.32,6.5,6.29,157822,100282607.0,3.23,-2.92,-0.19,1.21,8334690560.64
2020-11-12,6.34,6.29,6.39,6.25,92909,58380732.0,2.22,-0.47,-0.03,0.71,8295127156.08
2020-11-13,6.29,6.23,6.33,6.21,103348,64657046.0,1.91,-0.95,-0.06,0.79,8216000346.960001
2020-11-16,6.26,6.26,6.3,6.21,119584,74706289.0,1.44,0.48,0.03,0.92,8255563751.5199995
2020-11-17,6.26,6.52,6.62,6.1,365940,232715811.0,8.31,4.15,0.26,2.8,8598446591.039999
2020-11-18,6.5,6.5,6.56,6.41,151363,98390296.0,2.3,-0.31,-0.02,1.16,8572070988.0
2020-11-19,6.48,6.47,6.53,6.44,89358,57967347.0,1.38,-0.46,-0.03,0.68,8532507583.44
2020-11-20,6.52,6.64,6.68,6.49,242069,159899142.0,2.94,2.63,0.17,1.85,8756700209.279999
2020-11-23,6.62,6.68,6.73,6.6,162654,108424339.0,1.96,0.6,0.04,1.25,8809451415.359999
2020-11-24,6.68,6.88,7.01,6.65,296037,203107969.0,5.39,2.99,0.2,2.27,9073207445.76
2020-11-25,6.97,6.87,7.03,6.84,226918,157133549.0,2.76,-0.15,-0.01,1.74,9060019644.24
2020-11-26,6.91,6.85,6.99,6.76,138817,95086887.0,3.35,-0.29,-0.02,1.06,9033644041.199999
2020-11-27,6.85,6.89,6.95,6.8,118942,81686709.0,2.19,0.58,0.04,0.91,9086395247.279999
2020-11-30,6.9,6.77,6.91,6.77,160987,110135713.0,2.03,-1.74,-0.12,1.23,8928141629.039999
2020-12-01,6.8,6.95,6.99,6.75,195654,135371278.0,3.55,2.66,0.18,1.5,9165522056.4
2020-12-02,6.96,6.94,7.1,6.91,168029,117477173.0,2.73,-0.14,-0.01,1.29,9152334254.880001
2020-12-03,6.9,6.82,6.95,6.81,140016,96043547.0,2.02,-1.73,-0.12,1.07,8994080636.640001
2020-12-04,6.86,6.8,6.88,6.75,84022,57212573.0,1.91,-0.29,-0.02,0.64,8967705033.6
2020-12-07,6.79,6.78,6.85,6.71,132426,89700355.0,2.06,-0.29,-0.02,1.01,8941329430.56
2020-12-08,6.8,6.67,6.8,6.67,111053,74675927.0,1.92,-1.62,-0.11,0.85,8796263613.84
2020-12-09,6.69,6.47,6.76,6.45,138310,91162158.0,4.65,-3.0,-0.2,1.06,8532507583.44
2020-12-10,6.5,6.5,6.59,6.42,118161,76889514.0,2.63,0.46,0.03,0.9,8572070988.0
2020-12-11,6.55,6.38,6.56,6.3,120652,77021161.0,4.0,-1.85,-0.12,0.92,8413817369.76
2020-12-14,6.38,6.42,6.45,6.32,76230,48801817.0,2.04,0.63,0.04,0.58,8466568575.84
2020-12-15,6.42,6.41,6.46,6.36,56784,36298862.0,1.56,-0.16,-0.01,0.43,8453380774.320001
2020-12-16,6.42,6.33,6.44,6.31,60878,38647109.0,2.03,-1.25,-0.08,0.47,8347878362.16
2020-12-17,6.28,6.4,6.42,6.25,72874,46264605.0,2.69,1.11,0.07,0.56,8440192972.8
2020-12-18,6.39,6.45,6.53,6.37,77547,50109374.0,2.5,0.78,0.05,0.59,8506131980.400001
2020-12-21,6.39,6.53,6.59,6.39,119681,77902067.0,3.1,1.24,0.08,0.92,8611634392.56
2020-12-22,6.48,6.61,6.79,6.48,218015,145496629.0,4.75,1.23,0.08,1.67,8717136804.720001
2020-12-23,6.6,6.68,6.81,6.58,185678,124617751.0,3.48,1.06,0.07,1.42,8809451415.359999
2020-12-24,6.63,6.47,6.79,6.4,221564,145785292.0,5.84,-3.14,-0.21,1.7,8532507583.44
2020-12-25,6.39,6.8,6.84,6.31,343563,231072494.0,8.19,5.1,0.33,2.63,8967705033.6
2020-12-28,6.73,6.69,6.83,6.65,239800,161152453.0,2.65,-1.62,-0.11,1.84,8822639216.880001
2020-12-29,6.63,6.38,6.69,6.38,244311,158615646.0,4.63,-4.63,-0.31,1.87,8413817369.76
2020-12-30,6.38,6.37,6.47,6.35,146224,93581083.0,1.88,-0.16,-0.01,1.12,8400629568.24
2020-12-31,6.38,6.44,6.48,6.36,106633,68538868.0,1.88,1.1,0.07,0.82,8492944178.88
2021-01-04,6.44,6.46,6.55,6.36,179245,115278176.0,2.95,0.31,0.02,1.37,8519319781.92
2021-01-05,6.44,6.28,6.46,6.25,211145,133435006.0,3.25,-2.79,-0.18,1.62,8281939354.56
2021-01-06,6.28,6.21,6.28,6.1,152024,94347945.0,2.87,-1.11,-0.07,1.16,8189624743.92
2021-01-07,6.21,6.07,6.3,6.03,204044,125821379.0,4.35,-2.25,-0.14,1.56,8004995522.64
2021-01-08,6.05,6.07,6.18,5.92,129437,78342760.0,4.28,0.0,0.0,0.99,8004995522.64
2021-01-11,6.04,5.68,6.05,5.67,244773,143320541.0,6.26,-6.43,-0.39,1.87,7490671263.36
2021-01-12,5.61,5.81,5.88,5.61,132773,76804045.0,4.75,2.29,0.13,1.02,7662112683.12
2021-01-13,5.81,5.73,5.86,5.65,149981,85948804.0,3.61,-1.38,-0.08,1.15,7556610270.960001
2021-01-14,5.73,5.74,5.83,5.65,109697,62851971.0,3.14,0.17,0.01,0.84,7569798072.4800005
2021-01-15,5.78,5.88,5.9,5.65,111083,63940773.0,4.36,2.44,0.14,0.85,7754427293.76
2021-01-18,5.88,5.99,6.0,5.88,151131,89740534.0,2.04,1.87,0.11,1.16,7899493110.4800005
2021-01-19,5.98,5.95,6.05,5.91,122386,73040065.0,2.34,-0.67,-0.04,0.94,7846741904.400001
2021-01-20,5.92,6.09,6.13,5.92,112521,67993925.0,3.53,2.35,0.14,0.86,8031371125.679999
2021-01-21,6.09,6.32,6.39,6.06,196284,122983069.0,5.42,3.78,0.23,1.5,8334690560.64
2021-01-22,6.29,6.39,6.44,6.29,198683,126411402.0,2.37,1.11,0.07,1.52,8427005171.28
2021-01-25,6.33,6.3,6.47,6.24,146872,93144533.0,3.6,-1.41,-0.09,1.12,8308314957.599999
2021-01-26,6.29,6.08,6.34,6.06,115334,70864965.0,4.44,-3.49,-0.22,0.88,8018183324.16
2021-01-27,6.07,6.31,6.39,6.06,152884,95478106.0,5.43,3.78,0.23,1.17,8321502759.12
2021-01-28,6.27,6.16,6.32,6.14,116960,72522993.0,2.85,-2.38,-0.15,0.9,8123685736.320001
2021-01-29,6.14,5.97,6.28,5.9,143159,86396153.0,6.17,-3.08,-0.19,1.1,7873117507.44
2021-02-01,6.06,5.94,6.14,5.84,104793,62476223.0,5.03,-0.5,-0.03,0.8,7833554102.88
2021-02-02,5.86,5.95,5.98,5.85,82077,48510676.0,2.19,0.17,0.01,0.63,7846741904.400001
2021-02-03,5.92,5.81,5.96,5.79,79436,46398926.0,2.86,-2.35,-0.14,0.61,7662112683.12
2021-02-04,5.8,5.86,6.04,5.71,143397,84298272.0,5.68,0.86,0.05,1.1,7728051690.72
2021-02-05,5.85,5.87,5.99,5.79,119440,70167351.0,3.41,0.17,0.01,0.91,7741239492.24
2021-02-08,5.87,5.89,5.92,5.75,79723,46747873.0,2.9,0.34,0.02,0.61,7767615095.28
2021-02-09,5.87,5.95,6.08,5.85,135734,81174652.0,3.9,1.02,0.06,1.04,7846741904.400001
2021-02-10,5.95,5.36,5.99,5.36,384441,215252800.0,10.59,-9.92,-0.59,2.94,7068661614.72
2021-02-18,5.4,5.66,5.9,5.35,242940,135937145.0,10.26,5.6,0.3,1.86,7464295660.320001
2021-02-19,5.68,5.66,5.7,5.52,122708,68832026.0,3.18,0.0,0.0,0.94,7464295660.320001
2021-02-22,5.69,5.77,5.93,5.6,199493,115590869.0,5.83,1.94,0.11,1.53,7609361477.039999
2021-02-23,5.74,5.7,5.86,5.67,117961,67452874.0,3.29,-1.21,-0.07,0.9,7517046866.400001
2021-02-24,5.7,5.63,5.73,5.53,120370,67863849.0,3.51,-1.23,-0.07,0.92,7424732255.76
2021-02-25,5.64,5.59,5.67,5.56,67262,37612679.0,1.95,-0.71,-0.04,0.52,7371981049.679999
2021-02-26,5.54,5.51,5.59,5.47,67529,37295837.0,2.15,-1.43,-0.08,0.52,7266478637.5199995
2021-03-01,5.53,5.62,5.65,5.52,78453,43975051.0,2.36,2.0,0.11,0.6,7411544454.24
2021-03-02,5.62,5.62,5.71,5.56,82223,46315722.0,2.67,0.0,0.0,0.63,7411544454.24
2021-03-03,5.63,5.68,5.69,5.6,76622,43282814.0,1.6,1.07,0.06,0.59,7490671263.36
2021-03-04,5.66,5.56,5.67,5.55,82094,45863222.0,2.11,-2.11,-0.12,0.63,7332417645.12
2021-03-05,5.55,5.59,5.59,5.52,83375,46331161.0,1.26,0.54,0.03,0.64,7371981049.679999
2021-03-08,5.67,5.49,5.67,5.43,112391,62403590.0,4.29,-1.79,-0.1,0.86,7240103034.4800005
2021-03-09,5.48,5.37,5.49,5.19,121641,65111495.0,5.46,-2.19,-0.12,0.93,7081849416.24
2021-03-10,5.41,5.27,5.44,5.25,79302,42196202.0,3.54,-1.86,-0.1,0.61,6949971401.039999
2021-03-11,5.27,5.37,5.37,5.23,66776,35474773.0,2.66,1.9,0.1,0.51,7081849416.24
2021-03-12,5.39,5.4,5.44,5.3,58028,31153867.0,2.61,0.56,0.03,0.44,7121412820.8
2021-03-15,5.43,5.39,5.45,5.34,55349,29734419.0,2.04,-0.19,-0.01,0.42,7108225019.28
2021-03-16,5.39,5.41,5.45,5.36,80260,43415354.0,1.67,0.37,0.02,0.61,7134600622.320001
2021-03-17,5.41,5.39,5.41,5.3,62741,33594592.0,2.03,-0.37,-0.02,0.48,7108225019.28
2021-03-18,5.39,5.38,5.43,5.35,59035,31794933.0,1.48,-0.19,-0.01,0.45,7095037217.76
2021-03-19,5.38,5.35,5.42,5.33,63113,33907002.0,1.67,-0.56,-0.03,0.48,7055473813.2
2021-03-22,5.22,5.52,5.56,5.22,114677,62659124.0,6.36,3.18,0.17,0.88,7279666439.039999
2021-03-23,5.56,5.5,5.56,5.44,66135,36337624.0,2.17,-0.36,-0.02,0.51,7253290836.0
2021-03-24,5.48,5.51,5.51,5.44,49088,26870354.0,1.27,0.18,0.01,0.38,7266478637.5199995
2021-03-25,5.48,5.43,5.49,5.4,57706,31454207.0,1.63,-1.45,-0.08,0.44,7160976225.36
2021-03-26,5.42,5.46,5.5,5.41,52719,28761097.0,1.66,0.55,0.03,0.4,7200539629.92
2021-03-29,5.48,5.48,5.48,5.42,54384,29647272.0,1.1,0.37,0.02,0.42,7226915232.960001
2021-03-30,5.48,5.33,5.48,5.33,79398,42663312.0,2.74,-2.74,-0.15,0.61,7029098210.16
2021-03-31,5.33,5.43,5.43,5.29,61314,33010522.0,2.63,1.88,0.1,0.47,7160976225.36
2021-04-01,5.41,5.39,5.41,5.34,51708,27747857.0,1.29,-0.74,-0.04,0.4,7108225019.28
2021-04-02,5.38,5.36,5.38,5.3,50643,27054264.0,1.48,-0.56,-0.03,0.39,7068661614.72
2021-04-06,5.39,5.37,5.4,5.33,48581,26043114.0,1.31,0.19,0.01,0.37,7081849416.24
2021-04-07,5.37,5.37,5.4,5.33,78567,42058012.0,1.3,0.0,0.0,0.6,7081849416.24
2021-04-08,5.37,5.43,5.52,5.33,177843,96627651.0,3.54,1.12,0.06,1.36,7160976225.36
2021-04-09,5.41,5.41,5.43,5.33,87747,47159925.0,1.84,-0.37,-0.02,0.67,7134600622.320001
2021-04-12,5.4,5.34,5.4,5.31,55397,29635104.0,1.66,-1.29,-0.07,0.42,7042286011.679999
2021-04-13,5.33,5.29,5.35,5.28,45536,24141186.0,1.31,-0.94,-0.05,0.35,6976347004.08
2021-04-14,5.28,5.28,5.29,5.2,61702,32308906.0,1.7,-0.19,-0.01,0.47,6963159202.56
2021-04-15,5.27,5.29,5.3,5.21,52547,27557319.0,1.7,0.19,0.01,0.4,6976347004.08
2021-04-16,5.28,5.4,5.42,5.25,79195,42398696.0,3.21,2.08,0.11,0.61,7121412820.8
2021-04-19,5.4,5.56,5.58,5.38,161466,89151361.0,3.7,2.96,0.16,1.24,7332417645.12
2021-04-20,5.55,5.53,5.62,5.52,101006,56258776.0,1.8,-0.54,-0.03,0.77,7292854240.56
2021-04-21,5.5,5.59,5.59,5.5,75881,42082020.0,1.63,1.08,0.06,0.58,7371981049.679999
2021-04-22,5.56,5.72,5.73,5.56,146226,83152085.0,3.04,2.33,0.13,1.12,7543422469.44
2021-04-23,5.74,5.8,5.81,5.68,152538,87797218.0,2.27,1.4,0.08,1.17,7648924881.599999
2021-04-26,5.76,5.79,5.83,5.7,109502,63173850.0,2.24,-0.17,-0.01,0.84,7635737080.08
2021-04-27,5.8,5.68,5.81,5.62,83868,47735029.0,3.28,-1.9,-0.11,0.64,7490671263.36
2021-04-28,5.71,5.67,5.76,5.61,77637,44036398.0,2.64,-0.18,-0.01,0.59,7477483461.84
2021-04-29,5.65,5.74,5.8,5.51,162840,92280783.0,5.11,1.23,0.07,1.25,7569798072.4800005
2021-04-30,5.75,5.65,5.76,5.62,89471,50645881.0,2.44,-1.57,-0.09,0.69,7451107858.8
2021-05-06,5.57,5.56,5.66,5.48,108005,60210092.0,3.19,-1.59,-0.09,0.83,7332417645.12
2021-05-07,5.56,5.44,5.58,5.42,83517,45891389.0,2.88,-2.16,-0.12,0.64,7174164026.88
2021-05-10,5.44,5.42,5.5,5.35,79000,42809115.0,2.76,-0.37,-0.02,0.61,7147788423.84
2021-05-11,5.4,5.41,5.45,5.34,61553,33247699.0,2.03,-0.18,-0.01,0.47,7134600622.320001
2021-05-12,5.4,5.41,5.41,5.34,52649,28306423.0,1.29,0.0,0.0,0.4,7134600622.320001
2021-05-13,5.38,5.36,5.43,5.33,58781,31600787.0,1.85,-0.92,-0.05,0.45,7068661614.72
2021-05-14,5.35,5.52,5.6,5.35,134962,73669343.0,4.66,2.99,0.16,1.03,7279666439.039999
2021-05-17,5.51,5.44,5.55,5.39,95701,52177016.0,2.9,-1.45,-0.08,0.73,7174164026.88
2021-05-18,5.43,5.39,5.44,5.35,66294,35675057.0,1.65,-0.92,-0.05,0.51,7108225019.28
2021-05-19,5.55,5.93,5.93,5.55,255497,148175715.0,7.05,10.02,0.54,1.96,7820366301.36
2021-05-20,6.16,5.78,6.16,5.77,487710,290247232.0,6.58,-2.53,-0.15,3.74,7622549278.56
2021-05-21,5.81,5.81,6.04,5.75,282123,166236318.0,5.02,0.52,0.03,2.16,7662112683.12
2021-05-24,5.78,5.8,5.95,5.74,193026,112369604.0,3.61,-0.17,-0.01,1.48,7648924881.599999
2021-05-25,5.78,5.78,5.9,5.7,149623,86501915.0,3.45,-0.34,-0.02,1.15,7622549278.56
2021-05-26,5.78,5.72,5.8,5.69,129289,74048977.0,1.9,-1.04,-0.06,0.99,7543422469.44
2021-05-27,5.74,5.77,5.78,5.69,116685,67108262.0,1.57,0.87,0.05,0.89,7609361477.039999
2021-05-28,5.78,5.74,5.79,5.66,105748,60497270.0,2.25,-0.52,-0.03,0.81,7569798072.4800005
2021-05-31,5.75,5.79,5.84,5.68,176740,102025997.0,2.79,0.87,0.05,1.35,7635737080.08
2021-06-01,5.76,5.81,5.88,5.75,112414,65284057.0,2.25,0.35,0.02,0.86,7662112683.12
2021-06-02,5.85,5.72,5.88,5.66,108657,62526439.0,3.79,-1.55,-0.09,0.83,7543422469.44
2021-06-03,5.7,5.68,5.74,5.67,63280,36101698.0,1.22,-0.7,-0.04,0.48,7490671263.36
2021-06-04,5.66,5.62,5.73,5.6,94943,53773776.0,2.29,-1.06,-0.06,0.73,7411544454.24
2021-06-07,5.6,5.61,5.66,5.53,86989,48810173.0,2.31,-0.18,-0.01,0.67,7398356652.72
2021-06-08,5.62,5.72,5.75,5.58,136318,77421081.0,3.03,1.96,0.11,1.04,7543422469.44
2021-06-09,5.7,5.68,5.7,5.63,81899,46344985.0,1.22,-0.7,-0.04,0.63,7490671263.36
2021-06-10,5.68,5.66,5.72,5.64,86492,49072660.0,1.41,-0.35,-0.02,0.66,7464295660.320001
2021-06-11,5.67,5.59,5.69,5.56,103845,58404637.0,2.3,-1.24,-0.07,0.8,7371981049.679999
2021-06-15,5.55,5.45,5.59,5.42,110685,60798874.0,3.04,-2.5,-0.14,0.85,7187351828.400001
2021-06-16,5.45,5.88,6.0,5.45,515002,303616592.0,10.09,7.89,0.43,3.94,7754427293.76
2021-06-17,5.71,5.67,5.8,5.61,364308,207773809.0,3.23,-3.57,-0.21,2.79,7477483461.84
2021-06-18,5.69,6.04,6.2,5.67,411289,247693716.0,9.35,6.53,0.37,3.15,7965432118.08
2021-06-21,6.06,6.34,6.41,6.05,430022,270451584.0,5.96,4.97,0.3,3.29,8361066163.679999
2021-06-22,6.2,6.22,6.35,6.17,211745,132004094.0,2.84,-1.89,-0.12,1.62,8202812545.44
2021-06-23,6.2,6.37,6.52,6.13,304924,193921084.0,6.27,2.41,0.15,2.34,8400629568.24
2021-06-24,6.3,6.34,6.47,6.28,172982,110081325.0,2.98,-0.47,-0.03,1.32,8361066163.679999
2021-06-25,6.33,6.39,6.45,6.22,161863,102751456.0,3.63,0.79,0.05,1.24,8427005171.28
2021-06-28,6.4,6.49,6.54,6.23,237537,152982966.0,4.85,1.56,0.1,1.82,8558883186.4800005
2021-06-29,6.48,6.54,6.9,6.47,330417,220627296.0,6.63,0.77,0.05,2.53,8624822194.08
2021-06-30,6.6,6.47,6.61,6.32,244588,157721860.0,4.43,-1.07,-0.07,1.87,8532507583.44
2021-07-01,6.52,6.24,6.58,6.24,186494,118919630.0,5.26,-3.55,-0.23,1.43,8229188148.4800005
2021-07-02,6.24,6.24,6.41,6.17,171911,107833644.0,3.85,0.0,0.0,1.32,8229188148.4800005
2021-07-05,6.17,6.3,6.38,6.16,164863,103677107.0,3.53,0.96,0.06,1.26,8308314957.599999
2021-07-06,6.28,6.35,6.44,6.22,174613,110334306.0,3.49,0.79,0.05,1.34,8374253965.2
2021-07-07,6.35,6.4,6.6,6.31,201844,130018957.0,4.57,0.79,0.05,1.55,8440192972.8
2021-07-08,6.48,6.47,6.63,6.39,204994,132779487.0,3.75,1.09,0.07,1.57,8532507583.44
2021-07-09,6.45,6.61,6.64,6.32,246731,160450344.0,4.95,2.16,0.14,1.89,8717136804.720001
2021-07-12,6.59,6.8,6.9,6.55,398713,270558800.0,5.3,2.87,0.19,3.05,8967705033.6
2021-07-13,6.81,7.04,7.13,6.73,375096,262490878.0,5.88,3.53,0.24,2.87,9284212270.08
2021-07-14,7.03,6.82,7.11,6.81,220558,152601973.0,4.26,-3.13,-0.22,1.69,8994080636.640001
2021-07-15,6.81,6.78,6.88,6.63,188900,127440796.0,3.67,-0.59,-0.04,1.45,8941329430.56
2021-07-16,6.79,6.78,6.93,6.68,190209,129253943.0,3.69,0.0,0.0,1.46,8941329430.56
2021-07-19,6.7,6.78,6.89,6.66,150790,102504878.0,3.39,0.0,0.0,1.15,8941329430.56
2021-07-20,6.73,6.7,6.82,6.6,144414,97051097.0,3.24,-1.18,-0.08,1.11,8835827018.4
2021-07-21,6.7,6.74,6.88,6.6,196236,132167162.0,4.18,0.6,0.04,1.5,8888578224.48
2021-07-22,6.77,6.69,6.8,6.65,151560,101916682.0,2.23,-0.74,-0.05,1.16,8822639216.880001
2021-07-23,6.6,6.91,7.03,6.52,321886,220499292.0,7.62,3.29,0.22,2.47,9112770850.32
2021-07-26,6.91,6.7,6.96,6.61,203295,137556863.0,5.07,-3.04,-0.21,1.56,8835827018.4
2021-07-27,6.76,6.44,6.95,6.42,235538,157435762.0,7.91,-3.88,-0.26,1.8,8492944178.88
2021-07-28,6.4,6.04,6.45,6.01,242905,149394815.0,6.83,-6.21,-0.4,1.86,7965432118.08
2021-07-29,6.18,6.3,6.34,6.11,233208,145815874.0,3.81,4.3,0.26,1.79,8308314957.599999
2021-07-30,6.3,6.29,6.42,6.23,196830,124411077.0,3.02,-0.16,-0.01,1.51,8295127156.08
2021-08-02,6.29,6.36,6.46,6.23,154240,97879627.0,3.66,1.11,0.07,1.18,8387441766.72
2021-08-03,6.29,6.21,6.36,6.18,161439,101276913.0,2.83,-2.36,-0.15,1.24,8189624743.92
2021-08-04,6.26,6.32,6.37,6.19,193975,121880131.0,2.9,1.77,0.11,1.49,8334690560.64
2021-08-05,6.36,6.18,6.36,6.1,153550,95601426.0,4.11,-2.22,-0.14,1.18,8150061339.36
2021-08-06,6.2,6.29,6.32,6.19,129474,81089646.0,2.1,1.78,0.11,0.99,8295127156.08
2021-08-09,6.23,6.27,6.32,6.22,131559,82455817.0,1.59,-0.32,-0.02,1.01,8268751553.039999
2021-08-10,6.24,6.26,6.39,6.19,172530,108154771.0,3.19,-0.16,-0.01,1.32,8255563751.5199995
2021-08-11,6.21,6.36,6.4,6.2,280390,176720651.0,3.19,1.6,0.1,2.15,8387441766.72
2021-08-12,6.4,6.59,6.64,6.36,370468,241485498.0,4.4,3.62,0.23,2.84,8690761201.68
2021-08-13,6.7,6.74,6.87,6.58,362816,243197099.0,4.4,2.28,0.15,2.78,8888578224.48
2021-08-16,6.64,7.27,7.41,6.5,1212912,864004544.0,13.5,7.86,0.53,9.29,9587531705.039999
2021-08-17,7.15,6.8,7.23,6.78,844125,589819312.0,6.19,-6.46,-0.47,6.46,8967705033.6
2021-08-18,6.83,6.87,7.06,6.72,438145,302092240.0,5.0,1.03,0.07,3.36,9060019644.24
2021-08-19,6.8,6.81,6.95,6.6,307469,209596251.0,5.09,-0.87,-0.06,2.35,8980892835.119999
2021-08-20,6.86,6.92,7.01,6.71,330340,226667910.0,4.41,1.62,0.11,2.53,9125958651.84
2021-08-23,6.97,6.84,6.97,6.76,320167,219172727.0,3.03,-1.16,-0.08,2.45,9020456239.68
2021-08-24,6.86,6.98,7.15,6.81,406330,283529424.0,4.97,2.05,0.14,3.11,9205085460.960001
2021-08-25,7.08,6.99,7.12,6.9,274594,191734846.0,3.15,0.14,0.01,2.1,9218273262.48
2021-08-26,6.95,7.06,7.26,6.93,386155,273524336.0,4.72,1.0,0.07,2.96,9310587873.119999
2021-08-27,7.01,6.73,7.02,6.7,384788,261531567.0,4.53,-4.67,-0.33,2.95,8875390422.960001
2021-08-30,6.47,7.03,7.27,6.4,661590,459495456.0,12.93,4.46,0.3,5.07,9271024468.56
2021-08-31,7.0,7.1,7.3,6.95,435243,309317744.0,4.98,1.0,0.07,3.33,9363339079.199999
2021-09-01,7.07,6.84,7.15,6.76,345034,238059661.0,5.49,-3.66,-0.26,2.64,9020456239.68
2021-09-02,6.86,6.76,6.86,6.7,318423,215096087.0,2.34,-1.17,-0.08,2.44,8914953827.52
2021-09-03,6.79,6.95,7.19,6.78,454464,318011888.0,6.07,2.81,0.19,3.48,9165522056.4
2021-09-06,6.9,6.99,7.28,6.9,364243,256601718.0,5.47,0.58,0.04,2.79,9218273262.48
2021-09-07,7.02,7.37,7.58,6.98,630161,461114960.0,8.58,5.44,0.38,4.83,9719409720.24
2021-09-08,7.32,7.36,7.44,7.26,348828,256714266.0,2.44,-0.14,-0.01,2.67,9706221918.720001
2021-09-09,7.31,7.27,7.39,7.19,253177,183972971.0,2.72,-1.22,-0.09,1.94,9587531705.039999
2021-09-10,7.22,7.5,7.53,7.11,497822,366309792.0,5.78,3.16,0.23,3.81,9890851140.0
2021-09-13,7.58,7.33,7.88,7.28,507359,379310736.0,8.0,-2.27,-0.17,3.89,9666658514.16
2021-09-14,7.35,7.2,7.51,7.16,329743,241330769.0,4.77,-1.77,-0.13,2.53,9495217094.4
2021-09-15,7.28,7.46,7.56,7.17,404307,299450720.0,5.42,3.61,0.26,3.1,9838099933.92
2021-09-16,7.44,7.13,7.51,7.11,380834,277244320.0,5.36,-4.42,-0.33,2.92,9402902483.76
2021-09-17,7.06,7.24,7.33,7.03,273440,196484614.0,4.21,1.54,0.11,2.09,9547968300.48
2021-09-22,7.11,7.36,7.42,7.11,257549,188234398.0,4.28,1.66,0.12,1.97,9706221918.720001
2021-09-23,7.32,7.19,7.48,7.17,282887,206244586.0,4.21,-2.31,-0.17,2.17,9482029292.880001
2021-09-24,7.18,6.8,7.23,6.77,380578,262908169.0,6.4,-5.42,-0.39,2.91,8967705033.6
2021-09-27,6.79,6.38,6.83,6.3,281853,183570018.0,7.79,-6.18,-0.42,2.16,8413817369.76
2021-09-28,6.25,6.35,6.46,6.25,141010,89544943.0,3.29,-0.47,-0.03,1.08,8374253965.2
2021-09-29,6.28,6.09,6.4,6.08,183187,113741166.0,5.04,-4.09,-0.26,1.4,8031371125.679999
2021-09-30,6.16,6.22,6.27,6.16,121553,75511092.0,1.81,2.13,0.13,0.93,8202812545.44
2021-10-08,6.28,6.23,6.44,6.21,160215,100758833.0,3.7,0.16,0.01,1.23,8216000346.960001
2021-10-11,6.17,6.11,6.34,6.08,127934,78463598.0,4.17,-1.93,-0.12,0.98,8057746728.72
2021-10-12,6.14,5.88,6.16,5.82,201587,119716348.0,5.56,-3.76,-0.23,1.54,7754427293.76
2021-10-13,5.88,5.89,5.92,5.74,133514,77722492.0,3.06,0.17,0.01,1.02,7767615095.28
2021-10-14,5.88,5.9,5.97,5.79,99321,58477608.0,3.06,0.17,0.01,0.76,7780802896.8
2021-10-15,5.91,5.9,5.96,5.78,90751,53309306.0,3.05,0.0,0.0,0.69,7780802896.8
2021-10-18,5.9,6.05,6.1,5.88,121058,73001566.0,3.73,2.54,0.15,0.93,7978619919.599999
2021-10-19,6.05,6.03,6.13,6.0,90595,54800514.0,2.15,-0.33,-0.02,0.69,7952244316.56
2021-10-20,6.03,6.12,6.16,5.96,127189,77474186.0,3.32,1.49,0.09,0.97,8070934530.24
2021-10-21,6.12,6.28,6.35,6.11,204069,128103791.0,3.92,2.61,0.16,1.56,8281939354.56
2021-10-22,6.3,6.17,6.33,6.14,139557,87008231.0,3.03,-1.75,-0.11,1.07,8136873537.84
2021-10-25,6.16,6.27,6.31,6.15,138903,86996712.0,2.59,1.62,0.1,1.06,8268751553.039999
2021-10-26,6.3,6.2,6.42,6.18,115274,72076706.0,3.83,-1.12,-0.07,0.88,8176436942.400001
2021-10-27,6.17,6.27,6.37,6.11,128246,79823593.0,4.19,1.13,0.07,0.98,8268751553.039999
2021-10-28,6.3,6.01,6.3,5.99,161653,98590226.0,4.94,-4.15,-0.26,1.24,7925868713.5199995
2021-10-29,5.8,5.82,5.9,5.55,249979,143160712.0,5.82,-3.16,-0.19,1.91,7675300484.64
2021-11-01,5.85,6.16,6.27,5.84,290444,177373581.0,7.39,5.84,0.34,2.22,8123685736.320001
2021-11-02,6.25,6.12,6.3,6.03,210010,129324332.0,4.38,-0.65,-0.04,1.61,8070934530.24
2021-11-03,6.13,6.09,6.18,5.99,134552,81742018.0,3.1,-0.49,-0.03,1.03,8031371125.679999
2021-11-04,6.09,6.4,6.5,6.09,332518,211278793.0,6.73,5.09,0.31,2.55,8440192972.8
2021-11-05,6.48,6.3,6.5,6.27,179257,114068834.0,3.59,-1.56,-0.1,1.37,8308314957.599999
2021-11-08,6.45,6.41,6.51,6.28,165401,105868550.0,3.65,1.75,0.11,1.27,8453380774.320001
2021-11-09,6.38,6.55,6.6,6.38,208056,135980343.0,3.43,2.18,0.14,1.59,8638009995.6
2021-11-10,6.53,6.54,6.56,6.4,139565,90500330.0,2.44,-0.15,-0.01,1.07,8624822194.08
2021-11-11,6.52,6.52,6.65,6.48,155970,102436295.0,2.6,-0.31,-0.02,1.19,8598446591.039999
2021-11-12,6.52,6.6,6.64,6.47,175546,115331634.0,2.61,1.23,0.08,1.34,8703949003.199999
2021-11-15,6.6,6.55,6.75,6.5,165281,109044545.0,3.79,-0.76,-0.05,1.27,8638009995.6
2021-11-16,6.52,6.39,6.58,6.37,178370,114939972.0,3.21,-2.44,-0.16,1.37,8427005171.28
2021-11-17,6.4,6.6,6.62,6.4,155268,101596147.0,3.44,3.29,0.21,1.19,8703949003.199999
2021-11-18,6.57,6.52,6.68,6.51,164537,108603985.0,2.58,-1.21,-0.08,1.26,8598446591.039999
2021-11-19,6.53,6.56,6.58,6.42,125703,81767758.0,2.45,0.61,0.04,0.96,8651197797.119999
2021-11-22,6.57,6.52,6.63,6.48,147891,96426901.0,2.29,-0.61,-0.04,1.13,8598446591.039999
2021-11-23,6.5,6.42,6.55,6.39,134474,86841258.0,2.45,-1.53,-0.1,1.03,8466568575.84
2021-11-24,6.42,6.32,6.43,6.28,137692,87039221.0,2.34,-1.56,-0.1,1.05,8334690560.64
2021-11-25,6.3,6.33,6.45,6.3,132811,84480510.0,2.37,0.16,0.01,1.02,8347878362.16
2021-11-26,6.31,6.2,6.36,6.18,131633,82223638.0,2.84,-2.05,-0.13,1.01,8176436942.400001
2021-11-29,6.15,6.19,6.28,6.11,124180,77038778.0,2.74,-0.16,-0.01,0.95,8163249140.88
2021-11-30,6.19,6.3,6.5,6.19,196709,124900543.0,5.01,1.78,0.11,1.51,8308314957.599999
2021-12-01,6.3,6.27,6.34,6.2,123094,77066508.0,2.22,-0.48,-0.03,0.94,8268751553.039999
2021-12-02,6.24,6.13,6.31,6.13,145038,90051032.0,2.87,-2.23,-0.14,1.11,8084122331.76
2021-12-03,6.14,6.16,6.21,6.06,102860,63072262.0,2.45,0.49,0.03,0.79,8123685736.320001
2021-12-06,6.2,6.03,6.21,6.02,139257,84913534.0,3.08,-2.11,-0.13,1.07,7952244316.56
2021-12-07,6.04,5.94,6.05,5.9,129056,76887822.0,2.49,-1.49,-0.09,0.99,7833554102.88
2021-12-08,5.95,5.97,6.01,5.92,87534,52129621.0,1.52,0.51,0.03,0.67,7873117507.44
2021-12-09,5.96,6.0,6.04,5.93,125368,75161931.0,1.84,0.5,0.03,0.96,7912680912.0
2021-12-10,6.0,5.92,6.0,5.91,94234,56001610.0,1.5,-1.33,-0.08,0.72,7807178499.84
2021-12-13,5.92,5.94,5.97,5.91,91758,54408656.0,1.01,0.34,0.02,0.7,7833554102.88
2021-12-14,5.95,5.92,5.96,5.82,111785,65728072.0,2.36,-0.34,-0.02,0.86,7807178499.84
2021-12-15,5.9,6.1,6.2,5.89,202189,122890712.0,5.24,3.04,0.18,1.55,8044558927.2
2021-12-16,6.13,6.22,6.3,6.01,210887,130345815.0,4.75,1.97,0.12,1.62,8202812545.44
2021-12-17,6.22,6.36,6.58,6.2,321939,206347378.0,6.11,2.25,0.14,2.47,8387441766.72
2021-12-20,6.36,6.24,6.43,6.21,168532,106170626.0,3.46,-1.89,-0.12,1.29,8229188148.4800005
2021-12-21,6.28,6.31,6.35,6.22,121157,76138343.0,2.08,1.12,0.07,0.93,8321502759.12
2021-12-22,6.34,6.2,6.35,6.14,153278,95267482.0,3.33,-1.74,-0.11,1.17,8176436942.400001
2021-12-23,6.21,6.15,6.22,6.09,130062,79943701.0,2.1,-0.81,-0.05,1.0,8110497934.8
2021-12-24,6.14,5.95,6.16,5.92,155805,93689352.0,3.9,-3.25,-0.2,1.19,7846741904.400001
2021-12-27,5.95,5.9,5.99,5.85,115708,68496864.0,2.35,-0.84,-0.05,0.89,7780802896.8
2021-12-28,5.92,5.92,5.97,5.88,81986,48570693.0,1.53,0.34,0.02,0.63,7807178499.84
2021-12-29,5.95,5.92,5.95,5.85,87152,51364811.0,1.69,0.0,0.0,0.67,7807178499.84
2021-12-30,5.88,5.95,6.03,5.88,106335,63338137.0,2.53,0.51,0.03,0.81,7846741904.400001
2021-12-31,5.94,5.98,6.02,5.94,72881,43559964.0,1.34,0.5,0.03,0.56,7886305308.960001
2022-01-04,6.0,6.02,6.04,5.95,120287,72148844.0,1.51,0.67,0.04,0.92,7939056515.039999
2022-01-05,6.04,5.92,6.04,5.89,97425,58022607.0,2.49,-1.66,-0.1,0.75,7807178499.84
2022-01-06,5.88,5.96,5.99,5.87,84856,50325981.0,2.03,0.68,0.04,0.65,7859929705.92
2022-01-07,5.99,5.88,6.0,5.86,106245,62824035.0,2.35,-1.34,-0.08,0.81,7754427293.76
2022-01-10,5.86,5.9,5.91,5.76,83696,48987324.0,2.55,0.34,0.02,0.64,7780802896.8
2022-01-11,5.91,5.91,5.95,5.89,70333,41656744.0,1.02,0.17,0.01,0.54,7793990698.320001
2022-01-12,5.93,5.94,5.97,5.9,65406,38800475.0,1.18,0.51,0.03,0.5,7833554102.88
2022-01-13,5.93,5.88,5.93,5.86,101216,59626035.0,1.18,-1.01,-0.06,0.78,7754427293.76
2022-01-14,5.88,5.81,5.91,5.8,87414,51156788.0,1.87,-1.19,-0.07,0.67,7662112683.12
2022-01-17,5.79,5.82,5.85,5.76,78815,45722054.0,1.55,0.17,0.01,0.6,7675300484.64
2022-01-18,5.79,5.78,5.87,5.75,90080,52145149.0,2.06,-0.69,-0.04,0.69,7622549278.56
2022-01-19,5.79,5.69,5.79,5.64,110258,63037491.0,2.6,-1.56,-0.09,0.84,7503859064.88
2022-01-20,5.66,5.59,5.73,5.58,90958,51321654.0,2.64,-1.76,-0.1,0.7,7371981049.679999
2022-01-21,5.58,5.61,5.69,5.54,81083,45540910.0,2.68,0.36,0.02,0.62,7398356652.72
2022-01-24,5.55,5.59,5.68,5.55,63781,35682947.0,2.32,-0.36,-0.02,0.49,7371981049.679999
2022-01-25,5.59,5.29,5.62,5.25,213525,114723113.0,6.62,-5.37,-0.3,1.64,6976347004.08
2022-01-26,5.3,5.34,5.39,5.27,94186,50184595.0,2.27,0.95,0.05,0.72,7042286011.679999
2022-01-27,5.32,5.19,5.36,5.19,86189,45155765.0,3.18,-2.81,-0.15,0.66,6844468988.88
2022-01-28,5.2,5.19,5.25,5.13,57396,29820838.0,2.31,0.0,0.0,0.44,6844468988.88
2022-02-07,5.1,5.26,5.26,4.69,169176,84939081.0,10.98,1.35,0.07,1.3,6936783599.5199995
2022-02-08,5.2,5.27,5.28,5.14,91512,47665122.0,2.66,0.19,0.01,0.7,6949971401.039999
2022-02-09,5.21,5.36,5.36,5.21,74123,39188886.0,2.85,1.71,0.09,0.57,7068661614.72
2022-02-10,5.36,5.36,5.51,5.32,116848,63152802.0,3.54,0.0,0.0,0.89,7068661614.72
2022-02-11,5.34,5.18,5.35,5.16,91175,47863449.0,3.54,-3.36,-0.18,0.7,6831281187.36
2022-02-14,5.19,5.17,5.27,5.12,60796,31588760.0,2.9,-0.19,-0.01,0.47,6818093385.84
2022-02-15,5.15,5.18,5.2,5.13,41955,21658979.0,1.35,0.19,0.01,0.32,6831281187.36
2022-02-16,5.23,5.4,5.6,5.23,162803,88728784.0,7.14,4.25,0.22,1.25,7121412820.8
2022-02-17,5.39,5.31,5.41,5.27,102307,54607685.0,2.59,-1.67,-0.09,0.78,7002722607.12
2022-02-18,5.21,5.31,5.33,5.21,50979,26847460.0,2.26,0.0,0.0,0.39,7002722607.12
2022-02-21,5.3,5.34,5.37,5.26,58009,30824584.0,2.07,0.56,0.03,0.44,7042286011.679999
2022-02-22,5.38,5.46,5.47,5.3,113426,61052871.0,3.18,2.25,0.12,0.87,7200539629.92
2022-02-23,5.46,5.46,5.49,5.41,63692,34633474.0,1.47,0.0,0.0,0.49,7200539629.92
2022-02-24,5.45,5.24,5.46,5.2,121630,64714379.0,4.76,-4.03,-0.22,0.93,6910407996.4800005
2022-02-25,5.28,5.3,5.37,5.26,67913,36016461.0,2.1,1.15,0.06,0.52,6989534805.599999
2022-02-28,5.3,5.24,5.32,5.19,60535,31734114.0,2.45,-1.13,-0.06,0.46,6910407996.4800005
2022-03-01,5.24,5.28,5.32,5.23,45029,23731678.0,1.72,0.76,0.04,0.34,6963159202.56
2022-03-02,5.24,5.27,5.28,5.22,48931,25691054.0,1.14,-0.19,-0.01,0.37,6949971401.039999
2022-03-03,5.28,5.22,5.29,5.22,60255,31608153.0,1.33,-0.95,-0.05,0.46,6884032393.44
2022-03-04,5.18,5.17,5.27,5.15,59946,31175516.0,2.3,-0.96,-0.05,0.46,6818093385.84
2022-03-07,5.12,5.05,5.15,5.03,85328,43275043.0,2.32,-2.32,-0.12,0.65,6659839767.599999
2022-03-08,5.06,4.93,5.09,4.91,73781,36743862.0,3.56,-2.38,-0.12,0.57,6501586149.36
2022-03-09,4.97,4.96,5.05,4.69,115500,56407610.0,7.3,0.61,0.03,0.88,6541149553.92
2022-03-10,5.06,4.99,5.06,4.96,75483,37826935.0,2.02,0.6,0.03,0.58,6580712958.4800005
2022-03-11,4.95,5.03,5.03,4.85,69268,34118154.0,3.61,0.8,0.04,0.53,6633464164.56
2022-03-14,5.0,4.92,5.03,4.9,55150,27412803.0,2.58,-2.19,-0.11,0.42,6488398347.84
2022-03-15,4.86,4.64,4.87,4.6,95752,45583488.0,5.49,-5.69,-0.28,0.73,6119139905.28
2022-03-16,4.72,4.76,4.78,4.5,103866,48376957.0,6.03,2.59,0.12,0.8,6277393523.5199995
2022-03-17,4.82,4.73,4.84,4.7,122457,58550341.0,2.94,-0.63,-0.03,0.94,6237830118.960001
2022-03-18,4.73,4.78,4.8,4.69,70846,33652979.0,2.33,1.06,0.05,0.54,6303769126.56
2022-03-21,4.8,4.78,4.82,4.72,55512,26508275.0,2.09,0.0,0.0,0.43,6303769126.56
2022-03-22,4.77,4.82,4.84,4.71,62736,29998969.0,2.72,0.84,0.04,0.48,6356520332.64
2022-03-23,4.82,4.87,4.93,4.81,65589,31963365.0,2.49,1.04,0.05,0.5,6422459340.24
2022-03-24,4.85,4.76,4.85,4.74,60233,28843334.0,2.26,-2.26,-0.11,0.46,6277393523.5199995
2022-03-25,4.75,4.72,4.79,4.71,44380,21046427.0,1.68,-0.84,-0.04,0.34,6224642317.44
2022-03-28,4.7,4.65,4.73,4.62,76516,35625229.0,2.33,-1.48,-0.07,0.59,6132327706.8
2022-03-29,4.65,4.56,4.69,4.53,66763,30661668.0,3.44,-1.94,-0.09,0.51,6013637493.12
2022-03-30,4.58,4.65,4.65,4.55,66412,30571532.0,2.19,1.97,0.09,0.51,6132327706.8
2022-03-31,4.64,4.64,4.68,4.62,52201,24281060.0,1.29,-0.22,-0.01,0.4,6119139905.28
2022-04-01,4.61,4.65,4.67,4.61,50488,23442891.0,1.29,0.22,0.01,0.39,6132327706.8
2022-04-06,4.65,4.72,4.73,4.64,53277,25020804.0,1.94,1.51,0.07,0.41,6224642317.44
2022-04-07,4.69,4.59,4.73,4.58,73132,33977822.0,3.18,-2.75,-0.13,0.56,6053200897.679999
2022-04-08,4.58,4.5,4.61,4.5,68903,31239264.0,2.4,-1.96,-0.09,0.53,5934510684.0
2022-04-11,4.5,4.31,4.51,4.28,102242,44663563.0,5.11,-4.22,-0.19,0.78,5683942455.12
2022-04-12,4.28,4.38,4.39,4.26,63388,27377218.0,3.02,1.62,0.07,0.49,5776257065.76
2022-04-13,4.38,4.28,4.39,4.27,54644,23562522.0,2.74,-2.28,-0.1,0.42,5644379050.56
2022-04-14,4.28,4.29,4.34,4.28,47929,20615589.0,1.4,0.23,0.01,0.37,5657566852.08
2022-04-15,4.29,4.22,4.29,4.17,68552,29007513.0,2.8,-1.63,-0.07,0.52,5565252241.44
2022-04-18,4.2,4.24,4.25,4.12,47754,20004798.0,3.08,0.47,0.02,0.37,5591627844.4800005
2022-04-19,4.24,4.24,4.27,4.19,74113,31275029.0,1.89,0.0,0.0,0.57,5591627844.4800005
2022-04-20,4.25,4.2,4.27,4.2,53685,22797852.0,1.65,-0.94,-0.04,0.41,5538876638.400001
2022-04-21,4.18,4.04,4.26,4.01,95587,39502424.0,5.95,-3.81,-0.16,0.73,5327871814.08
2022-04-22,4.06,4.02,4.07,3.95,64237,25750479.0,2.97,-0.5,-0.02,0.49,5301496211.039999
2022-04-25,3.95,3.65,3.97,3.65,129607,49566325.0,7.96,-9.2,-0.37,0.99,4813547554.8
2022-04-26,3.66,3.54,3.72,3.52,97088,35270745.0,5.48,-3.01,-0.11,0.74,4668481738.08
2022-04-27,3.5,3.74,3.75,3.43,99801,35775111.0,9.04,5.65,0.2,0.76,4932237768.4800005
2022-04-28,3.68,3.78,3.78,3.67,81636,30456697.0,2.94,1.07,0.04,0.63,4984988974.559999
2022-04-29,3.8,4.02,4.04,3.78,114734,45215078.0,6.88,6.35,0.24,0.88,5301496211.039999
2022-05-05,4.2,4.16,4.21,4.08,139693,57971288.0,3.23,3.48,0.14,1.07,5486125432.320001
2022-05-06,4.09,4.17,4.2,3.96,92694,38345467.0,5.77,0.24,0.01,0.71,5499313233.84
2022-05-09,4.17,4.21,4.24,4.13,55589,23288424.0,2.64,0.96,0.04,0.43,5552064439.92
2022-05-10,4.15,4.26,4.28,4.11,77659,32787002.0,4.04,1.19,0.05,0.59,5618003447.5199995
2022-05-11,4.29,4.22,4.34,4.22,70866,30422476.0,2.82,-0.94,-0.04,0.54,5565252241.44
2022-05-12,4.23,4.3,4.32,4.18,74541,31935506.0,3.32,1.9,0.08,0.57,5670754653.599999
2022-05-13,4.26,4.31,4.33,4.26,41779,17945039.0,1.63,0.23,0.01,0.32,5683942455.12
2022-05-16,4.3,4.28,4.39,4.27,65713,28364057.0,2.78,-0.7,-0.03,0.5,5644379050.56
2022-05-17,4.28,4.28,4.31,4.25,58257,24922393.0,1.4,0.0,0.0,0.45,5644379050.56
2022-05-18,4.3,4.35,4.38,4.28,63398,27583710.0,2.34,1.64,0.07,0.49,5736693661.2
2022-05-19,4.31,4.42,4.44,4.28,62497,27374602.0,3.68,1.61,0.07,0.48,5829008271.84
2022-05-20,4.42,4.47,4.49,4.42,61337,27329652.0,1.58,1.13,0.05,0.47,5894947279.44
2022-05-23,4.48,4.47,4.49,4.42,45399,20215939.0,1.57,0.0,0.0,0.35,5894947279.44
2022-05-24,4.48,4.25,4.49,4.23,90568,39586517.0,5.82,-4.92,-0.22,0.69,5604815646.0
2022-05-25,4.27,4.41,4.42,4.27,63078,27499068.0,3.53,3.76,0.16,0.48,5815820470.320001
2022-05-26,4.43,4.44,4.47,4.34,55205,24344936.0,2.95,0.68,0.03,0.42,5855383874.88
2022-05-27,4.44,4.39,4.48,4.36,49971,22073546.0,2.7,-1.13,-0.05,0.38,5789444867.28
2022-05-30,4.36,4.44,4.46,4.35,53603,23546635.0,2.51,1.14,0.05,0.41,5855383874.88
2022-05-31,4.48,4.59,4.65,4.44,114332,52136181.0,4.73,3.38,0.15,0.88,6053200897.679999
2022-06-01,4.61,4.7,4.74,4.56,103467,48284800.0,3.92,2.4,0.11,0.79,6198266714.400001
2022-06-02,4.69,4.71,4.71,4.64,55351,25894343.0,1.49,0.21,0.01,0.42,6211454515.92
2022-06-06,4.7,4.73,4.76,4.67,71456,33667187.0,1.91,0.42,0.02,0.55,6237830118.960001
2022-06-07,4.74,4.71,4.8,4.68,61589,29159265.0,2.54,-0.42,-0.02,0.47,6211454515.92
2022-06-08,4.68,4.65,4.73,4.55,87000,40273764.0,3.82,-1.27,-0.06,0.67,6132327706.8
2022-06-09,4.66,4.55,4.69,4.49,76576,34928467.0,4.3,-2.15,-0.1,0.59,6000449691.599999
2022-06-10,4.53,4.68,4.7,4.5,64773,29979966.0,4.4,2.86,0.13,0.5,6171891111.36
2022-06-13,4.61,4.64,4.72,4.6,53462,24902825.0,2.56,-0.85,-0.04,0.41,6119139905.28
2022-06-14,4.63,4.68,4.69,4.52,82186,37865376.0,3.66,0.86,0.04,0.63,6171891111.36
2022-06-15,4.66,4.66,4.82,4.64,96689,45621746.0,3.85,-0.43,-0.02,0.74,6145515508.320001
2022-06-16,4.71,4.6,4.72,4.55,93177,43006588.0,3.65,-1.29,-0.06,0.71,6066388699.2
2022-06-17,4.59,4.61,4.66,4.53,74913,34545182.0,2.83,0.22,0.01,0.57,6079576500.72
2022-06-20,4.7,5.07,5.07,4.69,171874,85492986.0,8.24,9.98,0.46,1.32,6686215370.64
2022-06-21,5.27,5.01,5.58,4.95,709092,375137072.0,12.43,-1.18,-0.06,5.43,6607088561.5199995
2022-06-22,4.98,5.09,5.25,4.95,422450,214911229.0,5.99,1.6,0.08,3.24,6712590973.679999
2022-06-23,5.02,5.16,5.29,4.98,350822,179563260.0,6.09,1.38,0.07,2.69,6804905584.320001
2022-06-24,5.17,5.29,5.36,5.11,331164,174769527.0,4.84,2.52,0.13,2.54,6976347004.08
2022-06-27,5.4,5.27,5.42,5.17,241980,127063445.0,4.73,-0.38,-0.02,1.85,6949971401.039999
2022-06-28,5.27,5.38,5.58,5.24,272089,146681129.0,6.45,2.09,0.11,2.08,7095037217.76
2022-06-29,5.35,5.13,5.39,5.12,275863,144288254.0,5.02,-4.65,-0.25,2.11,6765342179.76
2022-06-30,5.13,5.15,5.21,5.09,171640,88389782.0,2.34,0.39,0.02,1.31,6791717782.8
2022-07-01,5.19,5.17,5.24,5.11,114700,59407243.0,2.52,0.39,0.02,0.88,6818093385.84
2022-07-04,5.12,5.22,5.25,5.03,138138,71175421.0,4.26,0.97,0.05,1.06,6884032393.44
2022-07-05,5.19,5.19,5.27,5.16,101409,52705067.0,2.11,-0.57,-0.03,0.78,6844468988.88
2022-07-06,5.16,5.19,5.24,5.09,136673,70595683.0,2.89,0.0,0.0,1.05,6844468988.88
2022-07-07,5.17,5.35,5.37,5.14,231416,123037090.0,4.43,3.08,0.16,1.77,7055473813.2
2022-07-08,5.35,5.34,5.48,5.33,179782,96974129.0,2.8,-0.19,-0.01,1.38,7042286011.679999
2022-07-11,5.37,5.36,5.37,5.23,147557,78188538.0,2.62,0.37,0.02,1.13,7068661614.72
2022-07-12,5.34,5.19,5.34,5.16,122372,64231867.0,3.36,-3.17,-0.17,0.94,6844468988.88
2022-07-13,5.18,5.36,5.37,5.17,157131,83513541.0,3.85,3.28,0.17,1.2,7068661614.72
2022-07-14,5.34,5.49,5.63,5.33,292157,159865956.0,5.6,2.43,0.13,2.24,7240103034.4800005
2022-07-15,5.58,5.58,5.75,5.48,419404,235471472.0,4.92,1.64,0.09,3.21,7358793248.16
2022-07-18,5.65,5.66,5.68,5.52,288777,162037556.0,2.87,1.43,0.08,2.21,7464295660.320001
2022-07-19,5.64,5.9,6.08,5.62,544653,318257235.0,8.13,4.24,0.24,4.17,7780802896.8
2022-07-20,5.97,5.92,6.04,5.73,390458,229576064.0,5.25,0.34,0.02,2.99,7807178499.84
2022-07-21,5.87,5.81,5.93,5.79,267885,156894851.0,2.36,-1.86,-0.11,2.05,7662112683.12
2022-07-22,5.75,5.82,5.92,5.73,210852,122962011.0,3.27,0.17,0.01,1.61,7675300484.64
2022-07-25,5.82,5.56,5.82,5.53,254797,143317808.0,4.98,-4.47,-0.26,1.95,7332417645.12
2022-07-26,5.58,5.68,5.71,5.48,202750,113619013.0,4.14,2.16,0.12,1.55,7490671263.36
2022-07-27,5.65,5.75,5.75,5.6,159427,90375512.0,2.64,1.23,0.07,1.22,7582985874.0
2022-07-28,5.73,5.73,5.86,5.71,145285,83834217.0,2.61,-0.35,-0.02,1.11,7556610270.960001
2022-07-29,5.72,6.0,6.01,5.71,381065,225384439.0,5.24,4.71,0.27,2.92,7912680912.0
2022-08-01,6.0,5.9,6.0,5.76,325305,189823950.0,4.0,-1.67,-0.1,2.49,7780802896.8
2022-08-02,5.83,5.65,5.84,5.58,275712,156879466.0,4.41,-4.24,-0.25,2.11,7451107858.8
2022-08-03,5.72,5.48,5.83,5.44,283867,160742520.0,6.9,-3.01,-0.17,2.17,7226915232.960001
2022-08-04,5.47,5.58,5.69,5.46,173269,96593422.0,4.2,1.82,0.1,1.33,7358793248.16
2022-08-05,5.58,5.62,5.77,5.5,228032,128279842.0,4.84,0.72,0.04,1.75,7411544454.24
2022-08-08,5.61,5.66,5.71,5.48,153585,86262286.0,4.09,0.71,0.04,1.18,7464295660.320001
2022-08-09,5.66,5.6,5.71,5.53,189397,106144937.0,3.18,-1.06,-0.06,1.45,7385168851.2
2022-08-10,5.58,5.51,5.59,5.49,187170,103237581.0,1.79,-1.61,-0.09,1.43,7266478637.5199995
2022-08-11,5.53,5.6,5.67,5.46,244473,135633449.0,3.81,1.63,0.09,1.87,7385168851.2
2022-08-12,5.56,5.55,5.73,5.53,192529,108525620.0,3.57,-0.89,-0.05,1.47,7319229843.599999
2022-08-15,5.56,5.61,5.64,5.55,169431,94792856.0,1.62,1.08,0.06,1.3,7398356652.72
2022-08-16,5.64,5.83,6.0,5.63,365226,213795128.0,6.6,3.92,0.22,2.8,7688488286.16
2022-08-17,5.85,5.9,5.92,5.8,209931,123295569.0,2.06,1.2,0.07,1.61,7780802896.8
2022-08-18,5.89,5.97,6.02,5.85,317578,189829994.0,2.88,1.19,0.07,2.43,7873117507.44
2022-08-19,6.01,6.12,6.24,5.93,494168,302258329.0,5.19,2.51,0.15,3.78,8070934530.24
2022-08-22,6.18,6.04,6.37,5.97,399620,243573095.0,6.54,-1.31,-0.08,3.06,7965432118.08
2022-08-23,6.0,6.17,6.26,5.93,337326,207332268.0,5.46,2.15,0.13,2.58,8136873537.84
2022-08-24,6.18,5.95,6.32,5.9,339713,206187719.0,6.81,-3.57,-0.22,2.6,7846741904.400001
2022-08-25,6.0,5.8,6.03,5.69,264574,153145020.0,5.71,-2.52,-0.15,2.03,7648924881.599999
2022-08-26,5.83,5.82,5.97,5.76,214810,126117268.0,3.62,0.34,0.02,1.65,7675300484.64
2022-08-29,5.64,5.8,5.84,5.55,231016,132354580.0,4.98,-0.34,-0.02,1.77,7648924881.599999
2022-08-30,5.87,5.69,5.93,5.66,192659,110935224.0,4.66,-1.9,-0.11,1.48,7503859064.88
2022-08-31,5.66,5.29,5.68,5.27,298193,161416482.0,7.21,-7.03,-0.4,2.28,6976347004.08
2022-09-01,5.3,5.2,5.38,5.17,154962,81343617.0,3.97,-1.7,-0.09,1.19,6857656790.400001
2022-09-02,5.17,5.27,5.34,5.13,127285,66850115.0,4.04,1.35,0.07,0.97,6949971401.039999
2022-09-05,5.26,5.21,5.32,5.15,116098,60789756.0,3.23,-1.14,-0.06,0.89,6870844591.92
2022-09-06,5.23,5.39,5.44,5.19,164812,87820365.0,4.8,3.45,0.18,1.26,7108225019.28
2022-09-07,5.39,5.34,5.41,5.29,99608,53257026.0,2.23,-0.93,-0.05,0.76,7042286011.679999
2022-09-08,5.35,5.31,5.51,5.31,159573,86309898.0,3.75,-0.56,-0.03,1.22,7002722607.12
2022-09-09,5.3,5.26,5.33,5.2,89148,47089155.0,2.45,-0.94,-0.05,0.68,6936783599.5199995
2022-09-13,5.3,5.22,5.3,5.2,83524,43668504.0,1.9,-0.76,-0.04,0.64,6884032393.44
2022-09-14,5.06,5.11,5.18,5.05,80744,41270000.0,2.49,-2.11,-0.11,0.62,6738966576.72
2022-09-15,5.11,4.9,5.16,4.82,175484,86962893.0,6.65,-4.11,-0.21,1.34,6462022744.8
2022-09-16,4.89,4.75,4.92,4.74,108093,52099568.0,3.67,-3.06,-0.15,0.83,6264205722.0
2022-09-19,4.75,4.69,4.8,4.65,91499,43176787.0,3.16,-1.26,-0.06,0.7,6185078912.88
2022-09-20,4.71,4.82,4.88,4.71,100071,48212889.0,3.62,2.77,0.13,0.77,6356520332.64
2022-09-21,4.84,4.82,4.86,4.75,74574,35882590.0,2.28,0.0,0.0,0.57,6356520332.64
2022-09-22,4.81,4.84,4.92,4.78,75526,36698248.0,2.9,0.41,0.02,0.58,6382895935.679999
2022-09-23,4.84,4.76,4.85,4.68,85012,40481449.0,3.51,-1.65,-0.08,0.65,6277393523.5199995
2022-09-26,4.75,4.62,4.78,4.62,86925,40810943.0,3.36,-2.94,-0.14,0.67,6092764302.24
2022-09-27,4.66,4.78,4.82,4.66,103155,48956000.0,3.46,3.46,0.16,0.79,6303769126.56
2022-09-28,4.75,4.57,4.81,4.57,88125,41077905.0,5.02,-4.39,-0.21,0.67,6026825294.64
2022-09-29,4.63,4.56,4.69,4.5,73888,33855998.0,4.16,-0.22,-0.01,0.57,6013637493.12
2022-09-30,4.55,4.51,4.59,4.5,73500,33354331.0,1.97,-1.1,-0.05,0.56,5947698485.5199995
2022-10-10,4.53,4.39,4.56,4.38,90650,40479807.0,3.99,-2.66,-0.12,0.69,5789444867.28
2022-10-11,4.38,4.5,4.53,4.35,75881,33836433.0,4.1,2.51,0.11,0.58,5934510684.0
2022-10-12,4.54,4.68,4.69,4.43,92466,42160900.0,5.78,4.0,0.18,0.71,6171891111.36
2022-10-13,4.63,4.79,4.84,4.62,124667,59569474.0,4.7,2.35,0.11,0.95,6316956928.08
2022-10-14,4.82,4.83,4.87,4.75,102940,49624842.0,2.51,0.84,0.04,0.79,6369708134.16
2022-10-17,4.81,4.85,4.89,4.79,89518,43305061.0,2.07,0.41,0.02,0.69,6396083737.2
2022-10-18,4.87,4.97,5.02,4.86,118413,58589148.0,3.3,2.47,0.12,0.91,6554337355.44
2022-10-19,4.98,4.96,5.06,4.95,97120,48498585.0,2.21,-0.2,-0.01,0.74,6541149553.92
2022-10-20,4.88,4.9,4.95,4.81,105961,51716221.0,2.82,-1.21,-0.06,0.81,6462022744.8
2022-10-21,4.94,4.97,5.05,4.91,108453,54078161.0,2.86,1.43,0.07,0.83,6554337355.44
2022-10-24,4.96,4.89,5.02,4.84,98083,48481829.0,3.62,-1.61,-0.08,0.75,6448834943.28
2022-10-25,4.89,4.97,5.0,4.79,124751,61221723.0,4.29,1.64,0.08,0.96,6554337355.44
2022-10-26,4.98,5.04,5.04,4.94,102436,51247229.0,2.01,1.41,0.07,0.78,6646651966.08
2022-10-27,4.96,4.97,5.05,4.88,100197,49760641.0,3.37,-1.39,-0.07,0.77,6554337355.44
2022-10-28,4.99,4.79,4.99,4.76,110985,53669507.0,4.63,-3.62,-0.18,0.85,6316956928.08
2022-10-31,4.93,4.97,5.09,4.82,292612,146062545.0,5.64,3.76,0.18,2.24,6554337355.44
2022-11-01,4.98,5.22,5.23,4.97,273904,140893804.0,5.23,5.03,0.25,2.1,6884032393.44
2022-11-02,5.2,5.14,5.2,5.12,178593,92001442.0,1.53,-1.53,-0.08,1.37,6778529981.28
2022-11-03,5.07,5.15,5.21,5.07,134304,69102276.0,2.72,0.19,0.01,1.03,6791717782.8
2022-11-04,5.18,5.21,5.24,5.13,138394,71723340.0,2.14,1.17,0.06,1.06,6870844591.92
2022-11-07,5.21,5.24,5.27,5.14,163597,85270526.0,2.5,0.58,0.03,1.25,6910407996.4800005
2022-11-08,5.25,5.22,5.25,5.16,90287,46916176.0,1.72,-0.38,-0.02,0.69,6884032393.44
2022-11-09,5.21,5.21,5.24,5.18,84554,44035305.0,1.15,-0.19,-0.01,0.65,6870844591.92
2022-11-10,5.16,5.15,5.2,5.13,93907,48452135.0,1.34,-1.15,-0.06,0.72,6791717782.8
2022-11-11,5.25,5.13,5.27,5.12,127574,66107936.0,2.91,-0.39,-0.02,0.98,6765342179.76
2022-11-14,5.18,5.08,5.18,5.08,99250,50773170.0,1.95,-0.97,-0.05,0.76,6699403172.16
2022-11-15,5.06,5.18,5.2,5.02,102397,52585879.0,3.54,1.97,0.1,0.78,6831281187.36
2022-11-16,5.19,5.12,5.21,5.09,98320,50563716.0,2.32,-1.16,-0.06,0.75,6752154378.24
2022-11-17,5.06,5.1,5.12,5.02,97846,49490128.0,1.95,-0.39,-0.02,0.75,6725778775.2
2022-11-18,5.1,5.1,5.17,5.06,110450,56651853.0,2.16,0.0,0.0,0.85,6725778775.2
2022-11-21,5.16,5.2,5.24,5.11,152813,79303541.0,2.55,1.96,0.1,1.17,6857656790.400001
2022-11-22,5.16,5.03,5.21,4.99,187796,95230112.0,4.23,-3.27,-0.17,1.44,6633464164.56
2022-11-23,5.06,5.11,5.15,4.94,134704,68089047.0,4.17,1.59,0.08,1.03,6738966576.72
2022-11-24,5.09,5.11,5.19,5.09,116417,59789066.0,1.96,0.0,0.0,0.89,6738966576.72
2022-11-25,5.1,5.01,5.12,5.01,93509,47089981.0,2.15,-1.96,-0.1,0.72,6607088561.5199995
2022-11-28,5.04,4.98,5.07,4.91,90261,44852719.0,3.19,-0.6,-0.03,0.69,6567525156.960001
2022-11-29,4.99,5.07,5.19,4.99,112690,57383775.0,4.02,1.81,0.09,0.86,6686215370.64
2022-11-30,5.12,5.07,5.12,5.02,74505,37813294.0,1.97,0.0,0.0,0.57,6686215370.64
2022-12-01,5.07,5.05,5.14,5.04,125674,63964273.0,1.97,-0.39,-0.02,0.96,6659839767.599999
2022-12-02,5.09,5.19,5.2,5.04,168416,86682216.0,3.17,2.77,0.14,1.29,6844468988.88
2022-12-05,5.2,5.22,5.24,5.14,142048,73664648.0,1.93,0.58,0.03,1.09,6884032393.44
2022-12-06,5.24,5.18,5.25,5.14,114016,59072701.0,2.11,-0.77,-0.04,0.87,6831281187.36
2022-12-07,5.18,5.18,5.22,5.15,111492,57766700.0,1.35,0.0,0.0,0.85,6831281187.36
2022-12-08,5.15,5.15,5.19,5.11,81566,42031746.0,1.54,-0.58,-0.03,0.62,6791717782.8
2022-12-09,5.12,5.12,5.18,5.1,93450,47999023.0,1.55,-0.58,-0.03,0.72,6752154378.24
2022-12-12,5.1,5.03,5.2,5.02,131547,67021977.0,3.52,-1.76,-0.09,1.01,6633464164.56
2022-12-13,5.02,4.99,5.06,4.97,80666,40420246.0,1.79,-0.8,-0.04,0.62,6580712958.4800005
2022-12-14,4.99,4.96,5.02,4.93,90875,45262222.0,1.8,-0.6,-0.03,0.7,6541149553.92
2022-12-15,4.86,5.02,5.03,4.86,90228,44782214.0,3.43,1.21,0.06,0.69,6620276363.039999
2022-12-16,5.0,4.95,5.03,4.9,89478,44209153.0,2.59,-1.39,-0.07,0.69,6527961752.400001
2022-12-19,4.98,4.85,5.01,4.82,71295,34814183.0,3.84,-2.02,-0.1,0.55,6396083737.2
2022-12-20,4.88,4.88,4.91,4.8,78078,37904087.0,2.27,0.62,0.03,0.6,6435647141.76
2022-12-21,4.86,4.81,4.9,4.76,61240,29615702.0,2.87,-1.43,-0.07,0.47,6343332531.12
2022-12-22,4.74,4.69,4.86,4.65,96023,45525273.0,4.37,-2.49,-0.12,0.74,6185078912.88
2022-12-23,4.65,4.6,4.71,4.57,89722,41508873.0,2.99,-1.92,-0.09,0.69,6066388699.2
2022-12-26,4.66,4.85,4.88,4.65,162133,78035435.0,5.0,5.43,0.25,1.24,6396083737.2
2022-12-27,4.82,4.78,4.87,4.74,81337,38947815.0,2.68,-1.44,-0.07,0.62,6303769126.56
2022-12-28,4.78,4.72,4.78,4.68,61179,28865317.0,2.09,-1.26,-0.06,0.47,6224642317.44
2022-12-29,4.6,4.64,4.75,4.6,65515,30512224.0,3.18,-1.69,-0.08,0.5,6119139905.28
2022-12-30,4.62,4.68,4.7,4.62,62498,29247157.0,1.72,0.86,0.04,0.48,6171891111.36
2023-01-03,4.65,4.83,4.85,4.65,113016,54037380.0,4.27,3.21,0.15,0.87,6369708134.16
2023-01-04,4.8,4.79,4.84,4.76,75759,36331629.0,1.66,-0.83,-0.04,0.58,6316956928.08
2023-01-05,4.79,4.85,4.86,4.77,93011,44808705.0,1.88,1.25,0.06,0.71,6396083737.2
2023-01-06,4.82,4.89,4.92,4.82,119722,58459451.0,2.06,0.82,0.04,0.92,6448834943.28
2023-01-09,4.89,4.95,5.03,4.89,160592,79887905.0,2.86,1.23,0.06,1.23,6527961752.400001
2023-01-10,4.97,4.99,5.02,4.95,93730,46751469.0,1.41,0.81,0.04,0.72,6580712958.4800005
2023-01-11,4.99,4.94,5.01,4.93,76301,37877961.0,1.6,-1.0,-0.05,0.58,6514773950.88
2023-01-12,4.96,5.05,5.12,4.93,127346,64355534.0,3.85,2.23,0.11,0.98,6659839767.599999
2023-01-13,5.05,5.07,5.12,5.03,124555,63020181.0,1.78,0.4,0.02,0.95,6686215370.64
2023-01-16,5.05,5.07,5.08,5.03,92730,46888670.0,0.99,0.0,0.0,0.71,6686215370.64
2023-01-17,5.1,5.09,5.1,5.04,100946,51188290.0,1.18,0.39,0.02,0.77,6712590973.679999
2023-01-18,5.06,5.09,5.12,5.06,73218,37238029.0,1.18,0.0,0.0,0.56,6712590973.679999
2023-01-19,5.06,5.03,5.1,5.0,105967,53326541.0,1.96,-1.18,-0.06,0.81,6633464164.56
2023-01-20,5.05,5.11,5.12,5.05,126360,64331008.0,1.39,1.59,0.08,0.97,6738966576.72
2023-01-30,5.16,5.19,5.25,5.14,176272,91662436.0,2.15,1.57,0.08,1.35,6844468988.88
2023-01-31,5.29,5.38,5.44,5.22,294494,157676423.0,4.24,3.66,0.19,2.26,7095037217.76
2023-02-01,5.38,5.42,5.43,5.3,229620,123194575.0,2.42,0.74,0.04,1.76,7147788423.84
2023-02-02,5.42,5.37,5.47,5.36,134224,72590580.0,2.03,-0.92,-0.05,1.03,7081849416.24
2023-02-03,5.33,5.35,5.38,5.26,123844,65859885.0,2.23,-0.37,-0.02,0.95,7055473813.2
2023-02-06,5.28,5.41,5.44,5.28,173360,93588636.0,2.99,1.12,0.06,1.33,7134600622.320001
2023-02-07,5.44,5.52,5.61,5.43,223203,123275425.0,3.33,2.03,0.11,1.71,7279666439.039999
2023-02-08,5.47,5.54,5.57,5.44,153044,84175769.0,2.36,0.36,0.02,1.17,7306042042.08
2023-02-09,5.5,5.54,5.57,5.48,130150,72070609.0,1.62,0.0,0.0,1.0,7306042042.08
2023-02-10,5.52,5.57,5.62,5.52,144388,80503049.0,1.81,0.54,0.03,1.11,7345605446.64
2023-02-13,5.6,5.68,5.75,5.57,231820,131595711.0,3.23,1.97,0.11,1.78,7490671263.36
2023-02-14,5.69,5.78,5.82,5.63,205740,117910332.0,3.35,1.76,0.1,1.58,7622549278.56
2023-02-15,5.79,5.84,5.96,5.79,280403,164068628.0,2.94,1.04,0.06,2.15,7701676087.679999
2023-02-16,5.81,5.66,5.85,5.6,279913,160474248.0,4.28,-3.08,-0.18,2.14,7464295660.320001
2023-02-17,5.67,5.59,5.75,5.55,182978,102747418.0,3.53,-1.24,-0.07,1.4,7371981049.679999
2023-02-20,5.65,5.64,5.68,5.5,150935,84415265.0,3.22,0.89,0.05,1.16,7437920057.28
2023-02-21,5.65,5.67,5.74,5.63,126950,72078888.0,1.95,0.53,0.03,0.97,7477483461.84
2023-02-22,5.66,5.67,5.73,5.63,126966,72126501.0,1.76,0.0,0.0,0.97,7477483461.84
2023-02-23,5.7,5.64,5.7,5.58,144524,81209248.0,2.12,-0.53,-0.03,1.11,7437920057.28
2023-02-24,5.67,5.66,5.7,5.6,103742,58763463.0,1.77,0.35,0.02,0.79,7464295660.320001
2023-02-27,5.63,5.68,5.76,5.6,116955,66656423.0,2.83,0.35,0.02,0.9,7490671263.36
2023-02-28,5.7,5.72,5.74,5.65,116729,66523556.0,1.58,0.7,0.04,0.89,7543422469.44
2023-03-01,5.72,5.7,5.74,5.63,152822,86632845.0,1.92,-0.35,-0.02,1.17,7517046866.400001
2023-03-02,5.7,5.6,5.75,5.58,170783,96631334.0,2.98,-1.75,-0.1,1.31,7385168851.2
2023-03-03,5.59,5.6,5.66,5.56,116065,65105168.0,1.79,0.0,0.0,0.89,7385168851.2
2023-03-06,5.59,5.62,5.65,5.5,144964,81028408.0,2.68,0.36,0.02,1.11,7411544454.24
2023-03-07,5.65,5.57,5.71,5.56,144812,81558374.0,2.67,-0.89,-0.05,1.11,7345605446.64
2023-03-08,5.57,5.58,5.62,5.52,108419,60313642.0,1.8,0.18,0.01,0.83,7358793248.16
2023-03-09,5.59,5.53,5.62,5.5,73485,40683262.0,2.15,-0.9,-0.05,0.56,7292854240.56
2023-03-10,5.5,5.46,5.55,5.42,110740,60577803.0,2.35,-1.27,-0.07,0.85,7200539629.92
2023-03-13,5.41,5.53,5.6,5.41,123973,68529510.0,3.48,1.28,0.07,0.95,7292854240.56
2023-03-14,5.61,5.39,5.61,5.33,150389,81498903.0,5.06,-2.53,-0.14,1.15,7108225019.28
2023-03-15,5.33,5.47,5.51,5.33,107801,58938455.0,3.34,1.48,0.08,0.83,7213727431.44
2023-03-16,5.44,5.32,5.47,5.29,117410,63072395.0,3.29,-2.74,-0.15,0.9,7015910408.64
2023-03-17,5.35,5.33,5.39,5.31,100577,53840766.0,1.5,0.19,0.01,0.77,7029098210.16
2023-03-20,5.35,5.44,5.47,5.32,142583,77189806.0,2.81,2.06,0.11,1.09,7174164026.88
2023-03-21,5.44,5.48,5.49,5.39,96644,52581750.0,1.84,0.74,0.04,0.74,7226915232.960001
2023-03-22,5.47,5.5,5.53,5.46,87825,48212713.0,1.28,0.36,0.02,0.67,7253290836.0
2023-03-23,5.49,5.48,5.5,5.43,90764,49601115.0,1.27,-0.36,-0.02,0.7,7226915232.960001
2023-03-24,5.45,5.55,5.56,5.43,132837,73293275.0,2.37,1.28,0.07,1.02,7319229843.599999
2023-03-27,5.56,5.67,5.75,5.56,194257,110107316.0,3.42,2.16,0.12,1.49,7477483461.84
2023-03-28,5.68,5.61,5.69,5.58,111078,62506485.0,1.94,-1.06,-0.06,0.85,7398356652.72
2023-03-29,5.64,5.57,5.69,5.56,102117,57291373.0,2.32,-0.71,-0.04,0.78,7345605446.64
2023-03-30,5.56,5.59,5.62,5.5,134616,74816775.0,2.15,0.36,0.02,1.03,7371981049.679999
2023-03-31,5.56,5.58,5.64,5.53,108319,60555606.0,1.97,-0.18,-0.01,0.83,7358793248.16
2023-04-03,5.59,5.68,5.7,5.57,152867,86511104.0,2.33,1.79,0.1,1.17,7490671263.36
2023-04-04,5.68,5.53,5.71,5.5,176498,98168005.0,3.7,-2.64,-0.15,1.35,7292854240.56
2023-04-06,5.53,5.36,5.53,5.34,173205,93746271.0,3.44,-3.07,-0.17,1.33,7068661614.72
2023-04-07,5.38,5.34,5.47,5.33,129043,69270026.0,2.61,-0.37,-0.02,0.99,7042286011.679999
2023-04-10,5.33,5.32,5.4,5.31,126915,67888022.0,1.69,-0.37,-0.02,0.97,7015910408.64
2023-04-11,5.32,5.27,5.35,5.23,132364,69648026.0,2.26,-0.94,-0.05,1.01,6949971401.039999
2023-04-12,5.28,5.29,5.33,5.24,89527,47257824.0,1.71,0.38,0.02,0.69,6976347004.08
2023-04-13,5.28,5.25,5.36,5.24,115133,60896244.0,2.27,-0.76,-0.04,0.88,6923595798.0
2023-04-14,5.24,5.22,5.25,5.19,93134,48593897.0,1.14,-0.57,-0.03,0.71,6884032393.44
2023-04-17,5.21,5.3,5.32,5.21,124672,65813964.0,2.11,1.53,0.08,0.95,6989534805.599999
2023-04-18,5.29,5.57,5.63,5.28,293208,160534256.0,6.6,5.09,0.27,2.25,7345605446.64
2023-04-19,5.55,5.94,6.11,5.49,584516,341197992.0,11.13,6.64,0.37,4.48,7833554102.88
2023-04-20,5.95,5.83,6.0,5.73,377767,220001144.0,4.55,-1.85,-0.11,2.89,7688488286.16
2023-04-21,5.9,5.66,5.91,5.64,245954,141235875.0,4.63,-2.92,-0.17,1.88,7464295660.320001
2023-04-24,5.66,5.48,5.7,5.45,262696,145322550.0,4.42,-3.18,-0.18,2.01,7226915232.960001
2023-04-25,5.48,5.28,5.52,5.21,206593,110281268.0,5.66,-3.65,-0.2,1.58,6963159202.56
2023-04-26,5.32,5.44,5.49,5.29,196514,106197850.0,3.79,3.03,0.16,1.5,7174164026.88
2023-04-27,5.45,5.46,5.5,5.39,144963,79071884.0,2.02,0.37,0.02,1.11,7200539629.92
2023-04-28,5.5,5.75,5.79,5.48,310848,177300177.0,5.68,5.31,0.29,2.38,7582985874.0
2023-05-04,5.56,5.29,5.56,5.25,608733,326026284.0,5.39,-8.0,-0.46,4.66,6976347004.08
2023-05-05,5.29,5.03,5.32,4.97,449750,226832306.0,6.62,-4.91,-0.26,3.44,6633464164.56
2023-05-08,5.0,5.01,5.04,4.95,210142,105083569.0,1.79,-0.4,-0.02,1.61,6607088561.5199995
2023-05-09,4.88,5.01,5.1,4.73,291213,144133399.0,7.39,0.0,0.0,2.23,6607088561.5199995
2023-05-10,4.95,5.23,5.29,4.92,329668,169915462.0,7.39,4.39,0.22,2.52,6897220194.960001
2023-05-11,5.26,5.21,5.26,5.16,151588,78791689.0,1.91,-0.38,-0.02,1.16,6870844591.92
2023-05-12,5.24,5.19,5.31,5.18,107661,56228477.0,2.5,-0.38,-0.02,0.82,6844468988.88
2023-05-15,5.22,5.29,5.29,5.17,136605,71643514.0,2.31,1.93,0.1,1.05,6976347004.08
2023-05-16,5.33,5.46,5.65,5.29,314844,172780927.0,6.81,3.21,0.17,2.41,7200539629.92
2023-05-17,5.45,5.6,5.62,5.42,211637,117435252.0,3.66,2.56,0.14,1.62,7385168851.2
2023-05-18,5.63,5.68,5.71,5.57,203151,114702603.0,2.5,1.43,0.08,1.56,7490671263.36
2023-05-19,5.67,5.65,5.77,5.61,189739,107965272.0,2.82,-0.53,-0.03,1.45,7451107858.8
2023-05-22,5.65,5.6,5.76,5.58,156474,88392965.0,3.19,-0.88,-0.05,1.2,7385168851.2
2023-05-23,5.6,5.47,5.61,5.45,141266,78075296.0,2.86,-2.32,-0.13,1.08,7213727431.44
2023-05-24,5.5,5.53,5.61,5.42,128781,71427028.0,3.47,1.1,0.06,0.99,7292854240.56
2023-05-25,5.5,5.66,5.75,5.49,145949,82232420.0,4.7,2.35,0.13,1.12,7464295660.320001
2023-05-26,5.62,5.66,5.72,5.51,117605,66153335.0,3.71,0.0,0.0,0.9,7464295660.320001
2023-05-29,5.63,5.58,5.77,5.56,112732,63423481.0,3.71,-1.41,-0.08,0.86,7358793248.16
2023-05-30,5.58,5.64,5.67,5.53,94458,52966553.0,2.51,1.08,0.06,0.72,7437920057.28
2023-05-31,5.6,5.63,5.65,5.58,75706,42488263.0,1.24,-0.18,-0.01,0.58,7424732255.76
2023-06-01,5.6,5.63,5.7,5.59,100368,56700482.0,1.95,0.0,0.0,0.77,7424732255.76
2023-06-02,5.66,5.76,5.79,5.63,161026,92209919.0,2.84,2.31,0.13,1.23,7596173675.5199995
2023-06-05,5.78,5.73,5.88,5.71,137217,79127041.0,2.95,-0.52,-0.03,1.05,7556610270.960001
2023-06-06,5.7,5.58,5.73,5.55,120813,68052228.0,3.14,-2.62,-0.15,0.93,7358793248.16
2023-06-07,5.61,5.54,5.61,5.5,71616,39613938.0,1.97,-0.72,-0.04,0.55,7306042042.08
2023-06-08,5.52,5.47,5.56,5.43,102840,56426295.0,2.35,-1.26,-0.07,0.79,7213727431.44
2023-06-09,5.48,5.52,5.52,5.44,72617,39825127.0,1.46,0.91,0.05,0.56,7279666439.039999
2023-06-12,5.52,5.47,5.53,5.42,83989,45946636.0,1.99,-0.91,-0.05,0.64,7213727431.44
2023-06-13,5.48,5.79,5.86,5.45,317858,181882129.0,7.5,5.85,0.32,2.43,7635737080.08
2023-06-14,5.82,5.77,5.84,5.68,163432,93784787.0,2.76,-0.35,-0.02,1.25,7609361477.039999
2023-06-15,5.78,5.82,5.84,5.73,134951,78241102.0,1.91,0.87,0.05,1.03,7675300484.64
2023-06-16,5.87,5.97,6.04,5.81,223721,132681626.0,3.95,2.58,0.15,1.71,7873117507.44
2023-06-19,5.97,5.84,6.0,5.81,190737,111836159.0,3.18,-2.18,-0.13,1.46,7701676087.679999
2023-06-20,5.89,5.8,5.95,5.76,116458,67742192.0,3.25,-0.68,-0.04,0.89,7648924881.599999
2023-06-21,5.77,5.72,5.85,5.7,127445,73370815.0,2.59,-1.38,-0.08,0.98,7543422469.44
2023-06-26,5.62,5.48,5.68,5.47,203598,113193303.0,3.67,-4.2,-0.24,1.56,7226915232.960001
2023-06-27,5.5,5.62,5.66,5.45,145082,80581072.0,3.83,2.55,0.14,1.11,7411544454.24
2023-06-28,5.58,5.66,5.67,5.44,137245,76040206.0,4.09,0.71,0.04,1.05,7464295660.320001
2023-06-29,5.64,5.82,5.88,5.62,143198,82664977.0,4.59,2.83,0.16,1.1,7675300484.64
2023-06-30,5.85,5.88,5.94,5.76,130586,76441129.0,3.09,1.03,0.06,1.0,7754427293.76
2023-07-03,5.85,5.86,5.95,5.84,104593,61576658.0,1.87,-0.34,-0.02,0.8,7728051690.72
2023-07-04,5.88,5.86,5.93,5.85,98196,57701226.0,1.37,0.0,0.0,0.75,7728051690.72
2023-07-05,5.88,5.78,5.9,5.77,102970,60074301.0,2.22,-1.37,-0.08,0.79,7622549278.56
2023-07-06,5.8,5.76,5.82,5.73,73997,42702556.0,1.56,-0.35,-0.02,0.57,7596173675.5199995
2023-07-07,5.76,5.72,5.8,5.7,102604,58959682.0,1.74,-0.69,-0.04,0.79,7543422469.44
2023-07-10,5.77,5.72,5.81,5.66,101313,57915065.0,2.62,0.0,0.0,0.78,7543422469.44
2023-07-11,5.74,5.68,5.74,5.65,79198,44989905.0,1.57,-0.7,-0.04,0.61,7490671263.36
2023-07-12,5.66,5.61,5.74,5.6,102774,58255317.0,2.46,-1.23,-0.07,0.79,7398356652.72
2023-07-13,5.61,5.63,5.67,5.59,103166,58000016.0,1.43,0.36,0.02,0.79,7424732255.76
2023-07-14,5.63,5.49,5.64,5.47,185168,102302889.0,3.02,-2.49,-0.14,1.42,7240103034.4800005
2023-07-17,5.46,5.56,5.57,5.46,113065,62530441.0,2.0,1.28,0.07,0.87,7332417645.12
2023-07-18,5.56,5.59,5.61,5.5,96275,53601702.0,1.98,0.54,0.03,0.74,7371981049.679999
2023-07-19,5.55,5.45,5.6,5.44,115821,63602824.0,2.86,-2.5,-0.14,0.89,7187351828.400001
2023-07-20,5.45,5.33,5.49,5.3,123891,66836537.0,3.49,-2.2,-0.12,0.95,7029098210.16
2023-07-21,5.37,5.28,5.37,5.24,96352,50927812.0,2.44,-0.94,-0.05,0.74,6963159202.56
2023-07-24,5.26,5.28,5.33,5.17,65739,34723327.0,3.03,0.0,0.0,0.5,6963159202.56
2023-07-25,5.28,5.33,5.35,5.28,76132,40531585.0,1.33,0.95,0.05,0.58,7029098210.16
2023-07-26,5.33,5.26,5.35,5.24,92955,49122200.0,2.06,-1.31,-0.07,0.71,6936783599.5199995
2023-07-27,5.25,5.24,5.34,5.22,93923,49636929.0,2.28,-0.38,-0.02,0.72,6910407996.4800005
2023-07-28,5.24,5.29,5.3,5.15,83118,43615111.0,2.86,0.95,0.05,0.64,6976347004.08
2023-07-31,5.29,5.34,5.35,5.28,81464,43374364.0,1.32,0.95,0.05,0.62,7042286011.679999
2023-08-01,5.32,5.3,5.35,5.26,108542,57339886.0,1.69,-0.75,-0.04,0.83,6989534805.599999
2023-08-02,5.31,5.33,5.38,5.29,114780,61197645.0,1.7,0.57,0.03,0.88,7029098210.16
2023-08-03,5.3,5.29,5.32,5.27,81882,43340480.0,0.94,-0.75,-0.04,0.63,6976347004.08
2023-08-04,5.3,5.32,5.37,5.28,91511,48690301.0,1.7,0.57,0.03,0.7,7015910408.64
2023-08-07,5.31,5.31,5.36,5.29,88898,47314695.0,1.32,-0.19,-0.01,0.68,7002722607.12
2023-08-08,5.29,5.22,5.32,5.2,97642,51215476.0,2.26,-1.69,-0.09,0.75,6884032393.44
2023-08-09,5.2,5.15,5.23,5.14,83288,43045586.0,1.72,-1.34,-0.07,0.64,6791717782.8
2023-08-10,5.14,5.16,5.19,5.14,54800,28268002.0,0.97,0.19,0.01,0.42,6804905584.320001
2023-08-11,5.15,5.06,5.16,5.05,81207,41384115.0,2.13,-1.94,-0.1,0.62,6673027569.12
2023-08-14,5.04,5.08,5.09,4.98,74162,37304764.0,2.17,0.4,0.02,0.57,6699403172.16
2023-08-15,5.05,5.03,5.1,5.0,66379,33483002.0,1.97,-0.98,-0.05,0.51,6633464164.56
2023-08-16,5.02,4.99,5.05,4.98,70967,35553221.0,1.39,-0.8,-0.04,0.54,6580712958.4800005
2023-08-17,4.96,5.03,5.05,4.95,69891,34953229.0,2.0,0.8,0.04,0.54,6633464164.56
2023-08-18,5.0,4.93,5.05,4.93,64740,32307292.0,2.39,-1.99,-0.1,0.5,6501586149.36
2023-08-21,4.92,4.89,4.98,4.88,60658,29882704.0,2.03,-0.81,-0.04,0.46,6448834943.28
2023-08-22,4.92,4.91,4.94,4.8,80008,38912978.0,2.86,0.41,0.02,0.61,6475210546.320001
2023-08-23,4.96,4.79,4.96,4.79,80143,38715395.0,3.46,-2.44,-0.12,0.61,6316956928.08
2023-08-24,4.79,4.78,4.85,4.74,64658,30993029.0,2.3,-0.21,-0.01,0.5,6303769126.56
2023-08-25,4.75,4.72,4.8,4.67,78143,36974825.0,2.72,-1.26,-0.06,0.6,6224642317.44
2023-08-28,4.8,4.72,4.93,4.71,153877,74242299.0,4.66,0.0,0.0,1.18,6224642317.44
2023-08-29,4.67,4.91,4.94,4.64,127631,61996435.0,6.36,4.03,0.19,0.98,6475210546.320001
2023-08-30,4.9,4.91,5.03,4.9,92951,46115285.0,2.65,0.0,0.0,0.71,6475210546.320001
2023-08-31,4.95,4.92,4.96,4.86,65316,31971979.0,2.04,0.2,0.01,0.5,6488398347.84
2023-09-01,4.89,4.86,4.93,4.84,64506,31367312.0,1.83,-1.22,-0.06,0.49,6409271538.72
2023-09-04,4.86,4.9,4.92,4.84,62409,30471746.0,1.65,0.82,0.04,0.48,6462022744.8
2023-09-05,4.88,4.88,4.91,4.83,75177,36531659.0,1.63,-0.41,-0.02,0.58,6435647141.76
2023-09-06,4.84,4.96,4.97,4.84,84837,41718998.0,2.66,1.64,0.08,0.65,6541149553.92
2023-09-07,4.95,4.82,4.95,4.82,90335,43980170.0,2.62,-2.82,-0.14,0.69,6356520332.64
2023-09-08,4.8,4.87,4.89,4.8,55634,26982448.0,1.87,1.04,0.05,0.43,6422459340.24
2023-09-11,4.87,4.92,4.94,4.83,76996,37672728.0,2.26,1.03,0.05,0.59,6488398347.84
2023-09-12,4.91,4.92,4.96,4.91,66868,32938198.0,1.02,0.0,0.0,0.51,6488398347.84
2023-09-13,4.9,4.85,4.94,4.82,87530,42591328.0,2.44,-1.42,-0.07,0.67,6396083737.2
2023-09-14,4.85,4.8,4.89,4.76,108325,52227139.0,2.68,-1.03,-0.05,0.83,6330144729.599999
2023-09-15,4.83,4.9,4.99,4.79,137453,67203420.0,4.17,2.08,0.1,1.05,6462022744.8
2023-09-18,4.88,4.84,4.9,4.81,97877,47411826.0,1.84,-1.22,-0.06,0.75,6382895935.679999
2023-09-19,4.85,4.74,4.86,4.73,98139,46841450.0,2.69,-2.07,-0.1,0.75,6251017920.4800005
2023-09-20,4.73,4.73,4.77,4.7,69175,32742366.0,1.48,-0.21,-0.01,0.53,6237830118.960001
2023-09-21,4.72,4.8,4.87,4.71,145296,70025844.0,3.38,1.48,0.07,1.11,6330144729.599999
2023-09-22,4.77,4.84,4.84,4.74,90518,43387755.0,2.08,0.83,0.04,0.69,6382895935.679999
2023-09-25,4.83,4.79,4.85,4.77,72770,34893578.0,1.65,-1.03,-0.05,0.56,6316956928.08
2023-09-26,4.81,4.76,4.81,4.76,50304,24026911.0,1.04,-0.63,-0.03,0.39,6277393523.5199995
2023-09-27,4.76,4.84,4.88,4.76,89050,43131582.0,2.52,1.68,0.08,0.68,6382895935.679999
2023-09-28,4.85,4.92,4.92,4.83,103307,50454365.0,1.86,1.65,0.08,0.79,6488398347.84
2023-10-09,4.92,4.92,4.98,4.89,80937,39985822.0,1.83,0.0,0.0,0.62,6488398347.84
2023-10-10,4.93,4.94,4.98,4.9,65340,32300746.0,1.63,0.41,0.02,0.5,6514773950.88
2023-10-11,4.95,4.94,4.98,4.93,62849,31122844.0,1.01,0.0,0.0,0.48,6514773950.88
2023-10-12,4.97,4.98,4.99,4.92,74144,36803008.0,1.42,0.81,0.04,0.57,6567525156.960001
2023-10-13,4.96,4.97,5.03,4.94,64326,32080764.0,1.81,-0.2,-0.01,0.49,6554337355.44
2023-10-16,4.95,4.93,5.0,4.9,78348,38624465.0,2.01,-0.8,-0.04,0.6,6501586149.36
2023-10-17,4.93,4.9,4.94,4.87,61141,29920408.0,1.42,-0.61,-0.03,0.47,6462022744.8
2023-10-18,4.9,5.39,5.39,4.89,581400,306360910.0,10.2,10.0,0.49,4.45,7108225019.28
2023-10-19,5.46,5.3,5.64,5.3,918139,502588090.0,6.31,-1.67,-0.09,7.03,6989534805.599999
2023-10-20,5.23,5.46,5.58,5.16,740790,399725182.0,7.92,3.02,0.16,5.67,7200539629.92
2023-10-23,5.4,5.47,5.6,5.32,605292,332420116.0,5.13,0.18,0.01,4.64,7213727431.44
2023-10-24,5.55,5.52,5.79,5.36,753555,418707216.0,7.86,0.91,0.05,5.77,7279666439.039999
2023-10-25,5.48,5.46,5.7,5.41,579561,319746101.0,5.25,-1.09,-0.06,4.44,7200539629.92
2023-10-26,5.56,5.66,5.72,5.53,582638,327961665.0,3.48,3.66,0.2,4.46,7464295660.320001
2023-10-27,5.62,5.45,5.62,5.43,417504,229124518.0,3.36,-3.71,-0.21,3.2,7187351828.400001
2023-10-30,5.39,5.52,5.57,5.33,353053,194241843.0,4.4,1.28,0.07,2.7,7279666439.039999
2023-10-31,5.5,5.43,5.52,5.4,224784,122408418.0,2.17,-1.63,-0.09,1.72,7160976225.36
2023-11-01,5.47,5.34,5.48,5.3,239813,128482076.0,3.31,-1.66,-0.09,1.84,7042286011.679999
2023-11-02,5.36,5.22,5.39,5.21,230465,121226184.0,3.37,-2.25,-0.12,1.76,6884032393.44
2023-11-03,5.2,5.22,5.29,5.2,157331,82404260.0,1.72,0.0,0.0,1.2,6884032393.44
2023-11-06,5.29,5.4,5.43,5.26,249314,133645397.0,3.26,3.45,0.18,1.91,7121412820.8
2023-11-07,5.35,5.41,5.43,5.33,222816,120068632.0,1.85,0.19,0.01,1.71,7134600622.320001
2023-11-08,5.44,5.46,5.6,5.42,303542,166633877.0,3.33,0.92,0.05,2.32,7200539629.92
2023-11-09,5.41,5.39,5.5,5.36,187919,101595984.0,2.56,-1.28,-0.07,1.44,7108225019.28
2023-11-10,5.38,5.41,5.48,5.33,164506,89212838.0,2.78,0.37,0.02,1.26,7134600622.320001
2023-11-13,5.4,5.46,5.47,5.36,167034,90701172.0,2.03,0.92,0.05,1.28,7200539629.92
2023-11-14,5.47,5.5,5.52,5.42,178158,97425584.0,1.83,0.73,0.04,1.36,7253290836.0
2023-11-15,5.54,5.46,5.54,5.45,144318,78984949.0,1.64,-0.73,-0.04,1.11,7200539629.92
2023-11-16,5.47,5.43,5.48,5.42,139601,75992723.0,1.1,-0.55,-0.03,1.07,7160976225.36
2023-11-17,5.42,5.48,5.49,5.4,143197,78225063.0,1.66,0.92,0.05,1.1,7226915232.960001
2023-11-20,5.46,5.49,5.52,5.45,141147,77443583.0,1.28,0.18,0.01,1.08,7240103034.4800005
2023-11-21,5.44,5.44,5.49,5.42,159098,86610467.0,1.28,-0.91,-0.05,1.22,7174164026.88
2023-11-22,5.41,5.35,5.43,5.32,192152,103239895.0,2.02,-1.65,-0.09,1.47,7055473813.2
2023-11-23,5.32,5.51,5.52,5.31,178028,97032618.0,3.93,2.99,0.16,1.36,7266478637.5199995
2023-11-24,5.53,5.49,5.53,5.44,131047,71695690.0,1.63,-0.36,-0.02,1.0,7240103034.4800005
2023-11-27,5.5,5.5,5.55,5.44,121105,66501837.0,2.0,0.18,0.01,0.93,7253290836.0
2023-11-28,5.5,5.53,5.61,5.46,198474,109911570.0,2.73,0.55,0.03,1.52,7292854240.56
2023-11-29,5.54,5.48,5.57,5.44,124431,68168568.0,2.35,-0.9,-0.05,0.95,7226915232.960001
2023-11-30,5.49,5.45,5.49,5.4,101757,55242999.0,1.64,-0.55,-0.03,0.78,7187351828.400001
2023-12-01,5.43,5.51,5.52,5.41,89335,48869389.0,2.02,1.1,0.06,0.68,7266478637.5199995
2023-12-04,5.49,5.49,5.54,5.47,96861,53285682.0,1.27,-0.36,-0.02,0.74,7240103034.4800005
2023-12-05,5.47,5.32,5.49,5.32,120138,64691628.0,3.1,-3.1,-0.17,0.92,7015910408.64
2023-12-06,5.31,5.35,5.41,5.29,90426,48489128.0,2.26,0.56,0.03,0.69,7055473813.2
2023-12-07,5.34,5.24,5.34,5.22,123626,65040872.0,2.24,-2.06,-0.11,0.95,6910407996.4800005
2023-12-08,5.25,5.14,5.27,5.14,114652,59354184.0,2.48,-1.91,-0.1,0.88,6778529981.28
2023-12-11,5.15,5.21,5.21,5.08,92515,47778066.0,2.53,1.36,0.07,0.71,6870844591.92
2023-12-12,5.21,5.18,5.22,5.16,58121,30137841.0,1.15,-0.58,-0.03,0.45,6831281187.36
2023-12-13,5.15,5.11,5.2,5.11,82766,42502927.0,1.74,-1.35,-0.07,0.63,6738966576.72
2023-12-14,5.11,5.09,5.15,5.08,65280,33357782.0,1.37,-0.39,-0.02,0.5,6712590973.679999
2023-12-15,5.07,5.05,5.11,5.04,72461,36744387.0,1.38,-0.79,-0.04,0.55,6659839767.599999
2023-12-18,5.06,4.99,5.07,4.97,74901,37564610.0,1.98,-1.19,-0.06,0.57,6580712958.4800005
2023-12-19,5.0,5.03,5.06,4.97,76665,38502429.0,1.8,0.8,0.04,0.59,6633464164.56
2023-12-20,5.06,4.96,5.08,4.95,69441,34749085.0,2.58,-1.39,-0.07,0.53,6541149553.92
2023-12-21,4.95,4.99,5.02,4.87,87550,43288149.0,3.02,0.6,0.03,0.67,6580712958.4800005
2023-12-22,5.01,4.96,5.08,4.9,106089,53023943.0,3.61,-0.6,-0.03,0.81,6541149553.92
2023-12-25,4.99,4.96,4.99,4.91,47500,23510086.0,1.61,0.0,0.0,0.36,6541149553.92
2023-12-26,4.96,4.89,4.96,4.88,59557,29218476.0,1.61,-1.41,-0.07,0.46,6448834943.28
2023-12-27,4.89,4.92,4.93,4.86,57684,28233988.0,1.43,0.61,0.03,0.44,6488398347.84
2023-12-28,4.91,5.06,5.09,4.87,104163,52189122.0,4.47,2.85,0.14,0.8,6673027569.12
2023-12-29,5.09,5.35,5.43,5.04,327711,173593083.0,7.71,5.73,0.29,2.51,7055473813.2
2024-01-02,5.35,5.38,5.53,5.3,292644,158220234.0,4.3,0.56,0.03,2.24,7095037217.76
2024-01-03,5.35,5.4,5.44,5.31,184643,99238223.0,2.42,0.37,0.02,1.41,7121412820.8
2024-01-04,5.39,5.29,5.39,5.26,128822,68300565.0,2.41,-2.04,-0.11,0.99,6976347004.08
2024-01-05,5.29,5.18,5.32,5.15,115076,60236323.0,3.21,-2.08,-0.11,0.88,6831281187.36
2024-01-08,5.16,5.05,5.18,5.04,98468,50255176.0,2.7,-2.51,-0.13,0.75,6659839767.599999
2024-01-09,5.07,5.1,5.16,5.04,79443,40480840.0,2.38,0.99,0.05,0.61,6725778775.2
2024-01-10,5.1,5.06,5.14,4.98,84356,42658711.0,3.14,-0.78,-0.04,0.65,6673027569.12
2024-01-11,5.07,5.13,5.15,5.01,89067,45264014.0,2.77,1.38,0.07,0.68,6765342179.76
2024-01-12,5.12,5.1,5.18,5.08,84067,43101048.0,1.95,-0.58,-0.03,0.64,6725778775.2
2024-01-15,5.07,5.02,5.1,5.0,85375,43083260.0,1.96,-1.57,-0.08,0.65,6620276363.039999
2024-01-16,5.02,5.04,5.06,4.94,98064,48998421.0,2.39,0.4,0.02,0.75,6646651966.08
2024-01-17,5.05,4.96,5.1,4.96,91154,45905616.0,2.78,-1.59,-0.08,0.7,6541149553.92
2024-01-18,4.91,4.96,4.99,4.76,178013,86938259.0,4.64,0.0,0.0,1.36,6541149553.92
2024-01-19,4.99,4.89,4.99,4.87,89053,43735391.0,2.42,-1.41,-0.07,0.68,6448834943.28
2024-01-22,4.85,4.6,4.87,4.57,148354,69925021.0,6.13,-5.93,-0.29,1.13,6066388699.2
2024-01-23,4.6,4.65,4.69,4.44,139077,63714781.0,5.43,1.09,0.05,1.06,6132327706.8
2024-01-24,4.68,4.73,4.73,4.56,122811,57129081.0,3.66,1.72,0.08,0.94,6237830118.960001
2024-01-25,4.73,4.85,4.87,4.68,95036,45639304.0,4.02,2.54,0.12,0.73,6396083737.2
2024-01-26,4.84,4.83,4.88,4.81,65207,31561736.0,1.44,-0.41,-0.02,0.5,6369708134.16
2024-01-29,4.83,4.69,4.85,4.67,75188,35612968.0,3.73,-2.9,-0.14,0.57,6185078912.88
2024-01-30,4.63,4.52,4.75,4.51,75146,34742201.0,5.12,-3.62,-0.17,0.57,5960886287.039999
2024-01-31,4.52,4.31,4.57,4.28,117911,52143591.0,6.42,-4.65,-0.21,0.9,5683942455.12
2024-02-01,4.33,4.23,4.34,4.17,92101,39190193.0,3.94,-1.86,-0.08,0.7,5578440042.960001
2024-02-02,4.25,4.05,4.3,3.87,144291,58715687.0,10.17,-4.26,-0.18,1.1,5341059615.599999
2024-02-05,4.02,3.66,4.02,3.65,207451,77575699.0,9.14,-9.63,-0.39,1.58,4826735356.320001
2024-02-06,3.56,3.82,3.92,3.51,166095,61381639.0,11.2,4.37,0.16,1.27,5037740180.639999
2024-02-07,3.86,3.71,3.88,3.69,170030,64265480.0,4.97,-2.88,-0.11,1.3,4892674363.92
2024-02-08,3.73,4.08,4.08,3.69,246135,95843260.0,10.51,9.97,0.37,1.88,5380623020.16
2024-02-19,4.09,4.19,4.34,4.07,176980,73972320.0,6.62,2.7,0.11,1.35,5525688836.88
2024-02-20,4.16,4.15,4.19,4.08,99940,41425139.0,2.63,-0.95,-0.04,0.76,5472937630.8
2024-02-21,4.15,4.18,4.32,4.09,127263,53872144.0,5.54,0.72,0.03,0.97,5512501035.36
2024-02-22,4.15,4.3,4.32,4.15,105953,45026051.0,4.07,2.87,0.12,0.81,5670754653.599999
2024-02-23,4.38,4.41,4.46,4.32,123107,53853639.0,3.26,2.56,0.11,0.94,5815820470.320001
2024-02-26,4.4,4.48,4.54,4.39,117744,52755748.0,3.4,1.59,0.07,0.9,5908135080.960001
2024-02-27,4.48,4.71,4.93,4.43,250676,117187456.0,11.16,5.13,0.23,1.91,6211454515.92
2024-02-28,4.75,4.34,4.84,4.32,271557,124977249.0,11.04,-7.86,-0.37,2.07,5723505859.679999
2024-02-29,4.31,4.48,4.5,4.3,150138,66575613.0,4.61,3.23,0.14,1.15,5908135080.960001
2024-03-01,4.5,4.54,4.58,4.45,110106,49793446.0,2.9,1.34,0.06,0.84,5987261890.08
2024-03-04,4.55,4.68,4.71,4.47,172318,79507866.0,5.29,3.08,0.14,1.32,6171891111.36
2024-03-05,4.67,4.6,4.73,4.54,147178,67949468.0,4.06,-1.71,-0.08,1.12,6066388699.2
2024-03-06,4.55,4.66,4.7,4.55,114379,53064918.0,3.26,1.3,0.06,0.87,6145515508.320001
2024-03-07,4.7,4.59,4.73,4.56,120169,55761721.0,3.65,-1.5,-0.07,0.92,6053200897.679999
2024-03-08,4.56,4.59,4.64,4.54,77569,35543128.0,2.18,0.0,0.0,0.59,6053200897.679999
2024-03-11,4.6,4.72,4.73,4.6,128329,60133546.0,2.83,2.83,0.13,0.98,6224642317.44
2024-03-12,4.73,4.71,4.77,4.68,105311,49607939.0,1.91,-0.21,-0.01,0.8,6211454515.92
2024-03-13,4.7,4.68,4.73,4.66,80944,37965322.0,1.49,-0.64,-0.03,0.62,6171891111.36
2024-03-14,4.67,4.65,4.71,4.59,82691,38549080.0,2.56,-0.64,-0.03,0.63,6132327706.8
2024-03-15,4.65,4.73,4.73,4.61,71575,33393823.0,2.58,1.72,0.08,0.55,6237830118.960001
2024-03-18,4.7,4.78,4.78,4.7,98863,46796966.0,1.69,1.06,0.05,0.75,6303769126.56
2024-03-19,4.73,4.74,4.79,4.73,83356,39606551.0,1.26,-0.84,-0.04,0.64,6251017920.4800005
2024-03-20,4.75,4.85,4.92,4.73,142194,68630134.0,4.01,2.32,0.11,1.09,6396083737.2
2024-03-21,4.83,4.86,4.91,4.76,118153,57059646.0,3.09,0.21,0.01,0.9,6409271538.72
2024-03-22,4.85,4.84,4.95,4.82,143181,69701459.0,2.67,-0.41,-0.02,1.09,6382895935.679999
2024-03-25,4.84,4.68,4.86,4.67,88022,41991020.0,3.93,-3.31,-0.16,0.67,6171891111.36
2024-03-26,4.65,4.74,4.83,4.65,94220,44676580.0,3.85,1.28,0.06,0.72,6251017920.4800005
2024-03-27,4.75,4.6,4.78,4.59,82328,38471812.0,4.01,-2.95,-0.14,0.63,6066388699.2
2024-03-28,4.59,4.64,4.72,4.59,85462,39822925.0,2.83,0.87,0.04,0.65,6119139905.28
2024-03-29,4.64,4.67,4.71,4.62,71039,33122202.0,1.94,0.65,0.03,0.54,6158703309.84
2024-04-01,4.7,4.77,4.77,4.69,72318,34268027.0,1.71,2.14,0.1,0.55,6290581325.039999
2024-04-02,4.76,4.79,4.82,4.72,103095,49244550.0,2.1,0.42,0.02,0.79,6316956928.08
2024-04-03,4.79,4.73,4.81,4.7,74069,35024362.0,2.3,-1.25,-0.06,0.57,6237830118.960001
2024-04-08,4.71,4.58,4.72,4.57,81151,37650028.0,3.17,-3.17,-0.15,0.62,6040013096.16
2024-04-09,4.56,4.66,4.69,4.56,67089,31147556.0,2.84,1.75,0.08,0.51,6145515508.320001
2024-04-10,4.66,4.52,4.7,4.49,78119,35589750.0,4.51,-3.0,-0.14,0.6,5960886287.039999
2024-04-11,4.52,4.57,4.65,4.48,67984,31217880.0,3.76,1.11,0.05,0.52,6026825294.64
2024-04-12,4.6,4.52,4.63,4.5,64147,29269332.0,2.84,-1.09,-0.05,0.49,5960886287.039999
2024-04-15,4.6,4.38,4.6,4.31,106093,46890436.0,6.42,-3.1,-0.14,0.81,5776257065.76
2024-04-16,4.35,4.12,4.36,4.01,184312,76601699.0,7.99,-5.94,-0.26,1.41,5433374226.24
2024-04-17,4.15,4.41,4.41,4.15,106849,46061407.0,6.31,7.04,0.29,0.82,5815820470.320001
2024-04-18,4.44,4.42,4.48,4.37,84658,37561727.0,2.49,0.23,0.01,0.65,5829008271.84
2024-04-19,4.42,4.33,4.44,4.3,85394,37098358.0,3.17,-2.04,-0.09,0.65,5710318058.16
2024-04-22,4.35,4.25,4.35,4.13,101116,42883006.0,5.08,-1.85,-0.08,0.77,5604815646.0
2024-04-23,4.27,4.27,4.31,4.22,59338,25315111.0,2.12,0.47,0.02,0.45,5631191249.039999
2024-04-24,4.29,4.36,4.36,4.25,67395,29151820.0,2.58,2.11,0.09,0.51,5749881462.72
2024-04-25,4.36,4.33,4.4,4.29,55082,23942357.0,2.52,-0.69,-0.03,0.42,5710318058.16
2024-04-26,4.31,4.42,4.43,4.24,87669,38158325.0,4.39,2.08,0.09,0.67,5829008271.84
2024-04-29,4.47,4.64,4.65,4.44,93505,42810217.0,4.75,4.98,0.22,0.71,6119139905.28
2024-04-30,4.59,4.61,4.64,4.5,109323,50075558.0,3.02,-0.65,-0.03,0.83,6079576500.72
2024-05-06,4.69,4.67,4.72,4.61,94539,44191329.0,2.39,1.3,0.06,0.72,6158703309.84
2024-05-07,4.68,4.65,4.68,4.62,72656,33747275.0,1.28,-0.43,-0.02,0.55,6132327706.8
2024-05-08,4.65,4.61,4.67,4.6,72452,33521334.0,1.51,-0.86,-0.04,0.55,6079576500.72
2024-05-09,4.58,4.64,4.7,4.57,84201,39129923.0,2.82,0.65,0.03,0.64,6119139905.28
2024-05-10,4.65,4.65,4.68,4.55,73141,33823709.0,2.8,0.22,0.01,0.56,6132327706.8
2024-05-13,4.67,4.67,4.78,4.63,135279,63423893.0,3.23,0.43,0.02,1.03,6158703309.84
2024-05-14,4.66,4.62,4.71,4.61,81733,38009942.0,2.14,-1.07,-0.05,0.62,6092764302.24
2024-05-15,4.6,4.56,4.65,4.54,62702,28817711.0,2.38,-1.3,-0.06,0.48,6013637493.12
2024-05-16,4.53,4.5,4.59,4.49,64611,29351710.0,2.19,-1.32,-0.06,0.49,5934510684.0
2024-05-17,4.53,4.57,4.57,4.49,58355,26483817.0,1.78,1.56,0.07,0.45,6026825294.64
2024-05-20,4.56,4.46,4.58,4.46,87888,39665541.0,2.63,-2.41,-0.11,0.67,5881759477.92
2024-05-21,4.48,4.45,4.48,4.43,64307,28568742.0,1.12,-0.22,-0.01,0.49,5868571676.400001
2024-05-22,4.44,4.48,4.5,4.43,67053,30005283.0,1.57,0.67,0.03,0.51,5908135080.960001
2024-05-23,4.47,4.37,4.5,4.36,105032,46318010.0,3.13,-2.46,-0.11,0.8,5763069264.24
2024-05-24,4.36,4.46,4.56,4.36,73613,32953907.0,4.58,2.06,0.09,0.56,5881759477.92
2024-05-27,4.47,4.51,4.55,4.45,104371,46998959.0,2.24,1.12,0.05,0.8,5947698485.5199995
2024-05-28,4.51,4.58,4.74,4.47,192544,88607955.0,5.99,1.55,0.07,1.47,6040013096.16
2024-05-29,4.57,4.48,4.58,4.44,141578,63784753.0,3.06,-2.18,-0.1,1.08,5908135080.960001
2024-05-30,4.41,4.43,4.5,4.4,81711,36289688.0,2.23,-1.12,-0.05,0.62,5842196073.36
2024-05-31,4.43,4.46,4.5,4.42,52159,23263984.0,1.81,0.68,0.03,0.4,5881759477.92
2024-06-03,4.45,4.28,4.46,4.2,126763,54446092.0,5.83,-4.04,-0.18,0.97,5644379050.56
2024-06-04,4.27,4.26,4.27,4.15,82381,34689570.0,2.8,-0.47,-0.02,0.63,5618003447.5199995
2024-06-05,4.3,4.2,4.3,4.19,72395,30661526.0,2.58,-1.41,-0.06,0.55,5538876638.400001
2024-06-06,4.14,4.01,4.19,3.96,125799,50933769.0,5.48,-4.52,-0.19,0.96,5288308409.5199995
2024-06-07,4.05,4.04,4.11,3.99,73494,29786602.0,2.99,0.75,0.03,0.56,5327871814.08
2024-06-11,4.03,4.01,4.04,3.96,81908,32745237.0,1.98,-0.74,-0.03,0.63,5288308409.5199995
2024-06-12,4.0,4.06,4.1,3.99,44819,18193325.0,2.74,1.25,0.05,0.34,5354247417.12
2024-06-13,4.09,4.09,4.18,4.07,79881,32991427.0,2.71,0.74,0.03,0.61,5393810821.679999
2024-06-14,4.06,4.12,4.19,4.03,63792,26308289.0,3.91,0.73,0.03,0.49,5433374226.24
2024-06-17,4.11,4.14,4.24,4.05,83570,34844851.0,4.61,0.49,0.02,0.64,5459749829.28
2024-06-18,4.15,4.19,4.2,4.1,63509,26537347.0,2.42,1.21,0.05,0.48,5525688836.88
2024-06-19,4.19,4.15,4.22,4.13,51829,21567310.0,2.15,-0.95,-0.04,0.4,5472937630.8
2024-06-20,4.15,4.05,4.16,4.0,62971,25735200.0,3.86,-2.41,-0.1,0.48,5341059615.599999
2024-06-21,4.05,4.02,4.07,3.99,56841,22888191.0,1.98,-0.74,-0.03,0.43,5301496211.039999
2024-06-24,4.02,3.89,4.02,3.88,89789,35359651.0,3.48,-3.23,-0.13,0.69,5130054791.28
2024-06-25,3.89,3.93,3.95,3.88,75128,29382538.0,1.8,1.03,0.04,0.57,5182805997.360001
2024-06-26,3.87,4.18,4.19,3.87,106568,43071368.0,8.14,6.36,0.25,0.81,5512501035.36
2024-06-27,4.18,4.18,4.19,4.14,90285,37599901.0,1.2,0.0,0.0,0.69,5512501035.36
2024-06-28,4.18,4.26,4.34,4.14,122069,51986926.0,4.78,1.91,0.08,0.93,5618003447.5199995
2024-07-01,4.24,4.24,4.3,4.16,63337,26721099.0,3.29,-0.47,-0.02,0.48,5591627844.4800005
2024-07-02,4.22,4.23,4.25,4.21,48718,20589770.0,0.94,-0.24,-0.01,0.37,5578440042.960001
2024-07-03,4.26,4.2,4.28,4.17,50053,21102728.0,2.6,-0.71,-0.03,0.38,5538876638.400001
2024-07-04,4.17,4.11,4.2,4.1,44974,18656123.0,2.38,-2.14,-0.09,0.34,5420186424.72
2024-07-05,4.13,4.09,4.13,4.06,47109,19295981.0,1.7,-0.49,-0.02,0.36,5393810821.679999
2024-07-08,4.08,3.99,4.1,3.97,56286,22546467.0,3.18,-2.44,-0.1,0.43,5261932806.4800005
2024-07-09,4.03,4.06,4.07,3.93,53895,21536558.0,3.51,1.75,0.07,0.41,5354247417.12
2024-07-10,3.98,3.76,3.98,3.69,212960,81007659.0,7.14,-7.39,-0.3,1.63,4958613371.5199995
2024-07-11,3.8,3.91,3.95,3.8,136728,53327829.0,3.99,3.99,0.15,1.04,5156430394.320001
2024-07-12,3.91,3.91,3.94,3.85,54027,21008953.0,2.3,0.0,0.0,0.41,5156430394.320001
2024-07-15,3.92,3.79,3.92,3.77,50617,19305624.0,3.84,-3.07,-0.12,0.39,4998176776.08
2024-07-16,3.78,3.76,3.8,3.71,55065,20622201.0,2.37,-0.79,-0.03,0.42,4958613371.5199995
2024-07-17,3.76,3.77,3.82,3.72,48305,18241824.0,2.66,0.27,0.01,0.37,4971801173.04
2024-07-18,3.77,3.77,3.78,3.69,43809,16362808.0,2.39,0.0,0.0,0.33,4971801173.04
2024-07-19,3.75,3.75,3.77,3.7,35896,13435484.0,1.86,-0.53,-0.02,0.27,4945425570.0
2024-07-22,3.75,3.75,3.79,3.73,40885,15363510.0,1.6,0.0,0.0,0.31,4945425570.0
2024-07-23,3.74,3.69,3.77,3.69,36824,13757388.0,2.13,-1.6,-0.06,0.28,4866298760.88
2024-07-24,3.7,3.65,3.7,3.62,49204,18007839.0,2.17,-1.08,-0.04,0.38,4813547554.8
2024-07-25,3.66,3.71,3.74,3.61,50020,18389491.0,3.56,1.64,0.06,0.38,4892674363.92
2024-07-26,3.66,3.78,3.78,3.66,40028,15039120.0,3.23,1.89,0.07,0.31,4984988974.559999
2024-07-29,3.78,3.76,3.84,3.74,40450,15343257.0,2.65,-0.53,-0.02,0.31,4958613371.5199995
2024-07-30,3.76,3.79,3.81,3.73,28398,10715797.0,2.13,0.8,0.03,0.22,4998176776.08
2024-07-31,3.78,3.87,3.89,3.76,57773,22216278.0,3.43,2.11,0.08,0.44,5103679188.24
2024-08-01,3.86,3.84,3.9,3.82,44503,17181740.0,2.07,-0.78,-0.03,0.34,5064115783.679999
2024-08-02,3.81,3.76,3.83,3.74,54972,20822056.0,2.34,-2.08,-0.08,0.42,4958613371.5199995
2024-08-05,3.7,3.68,3.81,3.67,54879,20445558.0,3.72,-2.13,-0.08,0.42,4853110959.360001
2024-08-06,3.7,3.72,3.75,3.69,33349,12378108.0,1.63,1.09,0.04,0.25,4905862165.440001
2024-08-07,3.74,3.78,3.8,3.72,52616,19868798.0,2.15,1.61,0.06,0.4,4984988974.559999
2024-08-08,3.76,3.73,3.77,3.7,36208,13519825.0,1.85,-1.32,-0.05,0.28,4919049966.96
2024-08-09,3.74,3.72,3.79,3.71,33531,12584478.0,2.14,-0.27,-0.01,0.26,4905862165.440001
2024-08-12,3.73,3.68,3.73,3.68,31162,11543493.0,1.34,-1.08,-0.04,0.24,4853110959.360001
2024-08-13,3.68,3.73,3.73,3.65,29406,10877397.0,2.17,1.36,0.05,0.22,4919049966.96
2024-08-14,3.71,3.68,3.75,3.67,39433,14580618.0,2.14,-1.34,-0.05,0.3,4853110959.360001
2024-08-15,3.66,3.78,3.8,3.61,65815,24375942.0,5.16,2.72,0.1,0.5,4984988974.559999
2024-08-16,3.74,3.71,3.75,3.66,68721,25357722.0,2.38,-1.85,-0.07,0.52,4892674363.92
2024-08-19,3.67,4.08,4.08,3.67,152564,60940386.0,11.05,9.97,0.37,1.16,5380623020.16
2024-08-20,4.08,3.94,4.1,3.85,311943,122902035.0,6.13,-3.43,-0.14,2.38,5195993798.88
2024-08-21,3.92,3.83,3.92,3.8,166290,63975366.0,3.05,-2.79,-0.11,1.27,5050927982.16
2024-08-22,3.83,3.95,3.95,3.8,215127,83241665.0,3.92,3.13,0.12,1.64,5209181600.400001
2024-08-23,3.89,3.99,4.12,3.75,234614,92076041.0,9.37,1.01,0.04,1.79,5261932806.4800005
2024-08-26,3.96,3.91,3.96,3.86,119561,46596363.0,2.51,-2.01,-0.08,0.91,5156430394.320001
2024-08-27,3.93,3.98,4.02,3.86,132724,52489787.0,4.09,1.79,0.07,1.01,5248745004.96
2024-08-28,3.95,4.0,4.04,3.92,123785,49419224.0,3.02,0.5,0.02,0.94,5275120608.0
2024-08-29,3.95,4.0,4.02,3.91,102886,40857031.0,2.75,0.0,0.0,0.79,5275120608.0
2024-08-30,4.0,4.07,4.08,3.96,131183,53032440.0,3.0,1.75,0.07,1.0,5367435218.64
2024-09-02,4.09,4.03,4.16,4.03,91680,37520670.0,3.19,-0.98,-0.04,0.7,5314684012.56
2024-09-03,4.0,4.2,4.24,4.0,179913,74757905.0,5.96,4.22,0.17,1.37,5538876638.400001
2024-09-04,4.21,4.28,4.37,4.16,160219,68284984.0,5.0,1.9,0.08,1.22,5644379050.56
2024-09-05,4.24,4.33,4.35,4.18,141302,60353941.0,3.97,1.17,0.05,1.08,5710318058.16
2024-09-06,4.3,4.24,4.38,4.22,78245,33523030.0,3.7,-2.08,-0.09,0.6,5591627844.4800005
2024-09-09,4.22,4.13,4.24,4.12,57990,24101716.0,2.83,-2.59,-0.11,0.44,5446562027.76
2024-09-10,4.16,4.2,4.23,4.1,84353,35273218.0,3.15,1.69,0.07,0.64,5538876638.400001
2024-09-11,4.19,4.27,4.28,4.17,67959,28791523.0,2.62,1.67,0.07,0.52,5631191249.039999
2024-09-12,4.25,4.31,4.34,4.23,61785,26544951.0,2.58,0.94,0.04,0.47,5683942455.12
2024-09-13,4.28,4.29,4.37,4.26,66663,28686229.0,2.55,-0.46,-0.02,0.51,5657566852.08
2024-09-18,4.26,4.42,4.43,4.24,109332,47433119.0,4.43,3.03,0.13,0.83,5829008271.84
2024-09-19,4.42,4.53,4.57,4.37,111689,50187777.0,4.52,2.49,0.11,0.85,5974074088.56
2024-09-20,4.56,4.45,4.66,4.42,190906,86410761.0,5.3,-1.77,-0.08,1.46,5868571676.400001
2024-09-23,4.45,4.44,4.59,4.39,161438,72111090.0,4.49,-0.22,-0.01,1.23,5855383874.88
2024-09-24,4.44,4.45,4.48,4.29,198275,87172162.0,4.28,0.23,0.01,1.51,5868571676.400001
2024-09-25,4.46,4.46,4.51,4.41,139613,62155677.0,2.25,0.22,0.01,1.07,5881759477.92
2024-09-26,4.44,4.46,4.48,4.36,147170,65177127.0,2.69,0.0,0.0,1.12,5881759477.92
2024-09-27,4.48,4.6,4.62,4.47,104981,47904034.0,3.36,3.14,0.14,0.8,6066388699.2
2024-09-30,4.72,4.92,4.99,4.62,347586,168055440.0,8.04,6.96,0.32,2.65,6488398347.84
2024-10-08,5.41,5.15,5.41,4.86,444315,229945982.0,11.18,4.67,0.23,3.39,6791717782.8
2024-10-09,5.1,5.01,5.28,4.91,336845,173359609.0,7.18,-2.72,-0.14,2.57,6607088561.5199995
2024-10-10,5.03,5.12,5.13,4.99,237512,120442033.0,2.79,2.2,0.11,1.81,6752154378.24
2024-10-11,5.12,5.09,5.25,5.07,280879,144913450.0,3.52,-0.59,-0.03,2.14,6712590973.679999
2024-10-14,5.07,4.95,5.09,4.91,204378,101442450.0,3.54,-2.75,-0.14,1.56,6527961752.400001
2024-10-15,4.95,4.95,5.07,4.88,135080,67439711.0,3.84,0.0,0.0,1.03,6527961752.400001
2024-10-16,4.91,4.96,5.03,4.9,120976,60044726.0,2.63,0.2,0.01,0.92,6541149553.92
2024-10-17,4.98,5.05,5.11,4.97,170885,86353214.0,2.82,1.81,0.09,1.3,6659839767.599999
2024-10-18,5.1,5.15,5.17,4.94,283866,143833140.0,4.55,1.98,0.1,2.17,6791717782.8
2024-10-21,5.17,5.25,5.35,5.1,313238,164096695.0,4.85,1.94,0.1,2.39,6923595798.0
2024-10-22,5.23,5.44,5.46,5.23,356318,192392279.0,4.38,3.62,0.19,2.72,7174164026.88
2024-10-23,5.45,5.47,5.48,5.39,270402,147265811.0,1.65,0.55,0.03,2.06,7213727431.44
2024-10-24,5.47,5.87,5.89,5.43,547030,312732427.0,8.41,7.31,0.4,4.17,7741239492.24
2024-10-25,5.9,5.88,6.03,5.8,369501,217857327.0,3.92,0.17,0.01,2.82,7754427293.76
2024-10-28,5.88,5.97,5.98,5.76,226990,133374908.0,3.74,1.53,0.09,1.73,7873117507.44
2024-10-29,5.97,6.19,6.3,5.85,496643,302093193.0,7.54,3.69,0.22,3.79,8163249140.88
2024-10-30,6.16,5.73,6.24,5.71,744697,447720930.0,8.56,-7.43,-0.46,5.68,7556610270.960001
2024-10-31,5.76,5.78,5.9,5.7,324442,188406996.0,3.49,0.87,0.05,2.48,7622549278.56
2024-11-01,5.79,5.73,5.83,5.65,233502,134007972.0,3.11,-0.87,-0.05,1.78,7556610270.960001
2024-11-04,5.73,5.53,5.77,5.47,236486,132046561.0,5.24,-3.49,-0.2,1.8,7292854240.56
2024-11-05,5.56,5.65,5.67,5.52,182835,102420274.0,2.71,2.17,0.12,1.4,7451107858.8
2024-11-06,5.68,5.81,5.84,5.62,188408,108416567.0,3.89,2.83,0.16,1.44,7662112683.12
2024-11-07,5.8,5.83,5.84,5.7,165126,95420351.0,2.41,0.34,0.02,1.26,7688488286.16
2024-11-08,5.83,6.09,6.17,5.83,326951,195864386.0,5.83,4.46,0.26,2.5,8031371125.679999
2024-11-11,6.07,6.02,6.07,5.85,288373,171365979.0,3.61,-1.15,-0.07,2.2,7939056515.039999
2024-11-12,6.02,6.15,6.23,5.97,431939,264975431.0,4.32,2.16,0.13,3.3,8110497934.8
2024-11-13,6.15,6.17,6.21,6.04,257014,157649969.0,2.76,0.33,0.02,1.96,8136873537.84
2024-11-14,6.15,6.05,6.17,6.0,208652,126895216.0,2.76,-1.94,-0.12,1.59,7978619919.599999
2024-11-15,6.0,5.73,6.06,5.7,190011,112034363.0,5.95,-5.29,-0.32,1.45,7556610270.960001
2024-11-18,5.73,5.59,5.78,5.54,177821,100488639.0,4.19,-2.44,-0.14,1.36,7371981049.679999
2024-11-19,5.61,6.03,6.03,5.61,353304,207222359.0,7.51,7.87,0.44,2.7,7952244316.56
2024-11-20,6.03,6.06,6.16,5.84,264792,159178027.0,5.31,0.5,0.03,2.02,7991807721.12
2024-11-21,6.1,6.09,6.17,5.98,192450,116677260.0,3.14,0.5,0.03,1.46,8031371125.679999
2024-11-22,6.05,5.86,6.12,5.85,201766,121172089.0,4.43,-3.78,-0.23,1.53,7728051690.72
2024-11-25,5.85,5.84,5.9,5.71,123259,71431968.0,3.24,-0.34,-0.02,0.94,7701676087.679999
2024-11-26,5.82,5.76,5.89,5.72,110867,64100672.0,2.91,-1.37,-0.08,0.84,7596173675.5199995
2024-11-27,5.76,5.87,5.87,5.72,171182,99279769.0,2.6,1.91,0.11,1.3,7741239492.24
2024-11-28,5.9,5.87,6.1,5.81,299599,177902655.0,4.94,0.0,0.0,2.28,7741239492.24
2024-11-29,5.8,5.9,5.92,5.68,300206,174055151.0,4.09,0.51,0.03,2.28,7780802896.8
2024-12-02,5.9,5.87,5.98,5.82,205123,120809312.0,2.71,-0.51,-0.03,1.56,7741239492.24
2024-12-03,5.85,5.78,5.9,5.76,158518,92064193.0,2.39,-1.53,-0.09,1.21,7622549278.56
2024-12-04,5.78,5.7,5.83,5.64,197313,113180613.0,3.29,-1.38,-0.08,1.5,7517046866.400001
2024-12-05,5.7,5.71,5.75,5.67,80870,46090305.0,1.4,0.18,0.01,0.62,7530234667.92
2024-12-06,5.71,5.72,5.76,5.63,108818,62057596.0,2.28,0.18,0.01,0.83,7543422469.44
2024-12-09,5.73,5.72,5.83,5.66,137407,78878927.0,2.97,0.0,0.0,1.05,7543422469.44
2024-12-10,5.81,5.62,5.91,5.61,306726,175951145.0,5.24,-1.75,-0.1,2.33,7411544454.24
2024-12-11,5.63,5.57,5.65,5.54,200423,111857020.0,1.96,-0.89,-0.05,1.52,7345605446.64
2024-12-12,5.59,5.61,5.65,5.53,142972,79814162.0,2.15,0.72,0.04,1.09,7398356652.72
2024-12-13,5.56,5.34,5.57,5.33,231371,125794907.0,4.28,-4.81,-0.27,1.76,7042286011.679999
2024-12-16,5.33,5.3,5.39,5.24,149178,78934523.0,2.81,-0.75,-0.04,1.13,6989534805.599999
2024-12-17,5.31,5.18,5.32,5.17,108068,56449875.0,2.83,-2.26,-0.12,0.82,6831281187.36
2024-12-18,5.24,5.25,5.26,5.17,104912,54772188.0,1.74,1.35,0.07,0.8,6923595798.0
2024-12-19,5.25,5.25,5.27,5.14,97670,50939068.0,2.48,0.0,0.0,0.74,6923595798.0
2024-12-20,5.28,5.21,5.3,5.19,98277,51445883.0,2.1,-0.76,-0.04,0.75,6870844591.92
2024-12-23,5.2,5.03,5.2,5.01,124582,63487606.0,3.65,-3.45,-0.18,0.95,6633464164.56
2024-12-24,5.07,5.06,5.15,5.02,84916,43050644.0,2.58,0.6,0.03,0.65,6673027569.12
2024-12-25,5.07,4.94,5.07,4.88,115159,56912921.0,3.75,-2.37,-0.12,0.88,6514773950.88
2024-12-26,4.93,5.08,5.11,4.91,124541,62663958.0,4.05,2.83,0.14,0.95,6699403172.16
2024-12-27,5.08,5.09,5.2,5.06,128639,65930301.0,2.76,0.2,0.01,0.98,6712590973.679999
2024-12-30,5.08,5.01,5.1,4.97,91287,45710320.0,2.55,-1.57,-0.08,0.69,6607088561.5199995
2024-12-31,5.02,4.88,5.06,4.87,103378,51026203.0,3.79,-2.59,-0.13,0.79,6435647141.76
2025-01-02,4.9,4.74,4.91,4.68,121755,58298126.0,4.71,-2.87,-0.14,0.93,6251017920.4800005
2025-01-03,4.74,4.56,4.75,4.54,113577,52684825.0,4.43,-3.8,-0.18,0.86,6013637493.12
2025-01-06,4.56,4.49,4.59,4.38,147163,65972050.0,4.61,-1.54,-0.07,1.12,5921322882.4800005
2025-01-07,4.51,4.62,4.64,4.48,114559,52223584.0,3.56,2.9,0.13,0.87,6092764302.24
2025-01-08,4.64,4.55,4.65,4.41,108178,48878241.0,5.19,-1.52,-0.07,0.82,6000449691.599999
2025-01-09,4.55,4.59,4.94,4.51,220861,103110345.0,9.45,0.88,0.04,1.68,6053200897.679999
2025-01-10,4.64,4.59,4.74,4.55,177384,82025817.0,4.14,0.0,0.0,1.35,6053200897.679999
2025-01-13,4.55,4.61,4.66,4.5,117998,54168890.0,3.49,0.44,0.02,0.89,6079576500.72
2025-01-14,4.6,4.78,4.78,4.59,118106,55532684.0,4.12,3.69,0.17,0.9,6303769126.56
2025-01-15,4.78,5.07,5.26,4.75,596573,305531931.0,10.67,6.07,0.29,4.52,6686215370.64
2025-01-16,4.86,4.82,4.97,4.8,482564,235685828.0,3.35,-4.93,-0.25,3.66,6356520332.64
2025-01-17,4.81,4.66,4.81,4.62,237486,111162946.0,3.94,-3.32,-0.16,1.8,6145515508.320001
2025-01-20,4.47,4.67,4.68,4.43,239995,109503028.0,5.36,0.21,0.01,1.82,6158703309.84
2025-01-21,4.7,4.68,4.79,4.62,145811,68353696.0,3.64,0.21,0.01,1.11,6171891111.36
2025-01-22,4.68,4.74,4.78,4.6,157188,73734249.0,3.85,1.28,0.06,1.19,6251017920.4800005
2025-01-23,4.76,4.64,4.83,4.64,130817,62055841.0,4.01,-2.11,-0.1,0.99,6119139905.28
2025-01-24,4.64,4.84,4.86,4.64,213422,101759633.0,4.74,4.31,0.2,1.62,6382895935.679999
2025-01-27,4.84,4.88,4.96,4.79,152069,74176500.0,3.51,0.83,0.04,1.15,6435647141.76
2025-02-05,4.87,4.93,4.97,4.85,141637,69524086.0,2.46,1.02,0.05,1.07,6501586149.36
2025-02-06,4.89,4.88,4.96,4.86,136537,66841746.0,2.03,-1.01,-0.05,1.04,6435647141.76
2025-02-07,4.89,5.07,5.09,4.86,207985,103860642.0,4.71,3.89,0.19,1.58,6686215370.64
2025-02-10,5.05,5.09,5.11,5.01,108284,54819699.0,1.97,0.39,0.02,0.82,6712590973.679999
2025-02-11,5.1,5.07,5.13,5.05,84872,43121786.0,1.57,-0.39,-0.02,0.64,6686215370.64
2025-02-12,5.07,5.05,5.1,4.98,163414,82263218.0,2.37,-0.39,-0.02,1.24,6659839767.599999
2025-02-13,5.06,4.95,5.07,4.93,118461,59097702.0,2.77,-1.98,-0.1,0.9,6527961752.400001
2025-02-14,4.95,4.93,5.0,4.92,75390,37292749.0,1.62,-0.4,-0.02,0.57,6501586149.36
2025-02-17,4.91,4.97,4.97,4.88,100827,49700862.0,1.83,0.81,0.04,0.76,6554337355.44
2025-02-18,5.0,4.92,5.06,4.9,132488,66291492.0,3.22,-1.01,-0.05,1.0,6488398347.84
2025-02-19,4.93,4.99,5.0,4.91,70541,35079923.0,1.83,1.42,0.07,0.53,6580712958.4800005
2025-02-20,5.01,5.14,5.19,4.89,242444,122250330.0,6.01,3.01,0.15,1.84,6778529981.28
2025-02-21,5.17,5.09,5.19,5.06,131755,67306568.0,2.53,-0.97,-0.05,1.0,6712590973.679999
2025-02-24,5.14,5.01,5.15,4.98,141149,71199544.0,3.34,-1.57,-0.08,1.07,6607088561.5199995
2025-02-25,5.01,5.01,5.07,4.98,88870,44675389.0,1.8,0.0,0.0,0.67,6607088561.5199995
2025-02-26,4.98,5.07,5.15,4.98,125445,63528577.0,3.39,1.2,0.06,0.95,6686215370.64
2025-02-27,5.05,5.02,5.11,4.96,114330,57325733.0,2.96,-0.99,-0.05,0.87,6620276363.039999
2025-02-28,5.0,5.1,5.25,4.94,336048,171809209.0,6.18,1.59,0.08,2.55,6725778775.2
2025-03-03,5.03,4.96,5.11,4.95,221098,111280639.0,3.14,-2.75,-0.14,1.68,6541149553.92
2025-03-04,4.93,4.96,5.03,4.93,123946,61654417.0,2.02,0.0,0.0,0.94,6541149553.92
2025-03-05,4.97,4.97,4.99,4.88,130668,64350925.0,2.22,0.2,0.01,0.99,6554337355.44
2025-03-06,4.95,5.01,5.09,4.94,197721,99453466.0,3.02,0.8,0.04,1.5,6607088561.5199995
2025-03-07,5.02,4.91,5.07,4.89,197783,98371504.0,3.59,-2.0,-0.1,1.5,6475210546.320001
2025-03-10,4.94,4.76,4.94,4.75,248016,119418591.0,3.87,-3.05,-0.15,1.88,6277393523.5199995
2025-03-11,4.7,4.64,4.75,4.61,194475,90741111.0,2.94,-2.52,-0.12,1.47,6119139905.28
2025-03-12,4.65,4.58,4.7,4.46,454289,207452080.0,5.17,-1.29,-0.06,3.44,6040013096.16
2025-03-13,4.53,4.55,4.65,4.48,269872,122490434.0,3.71,-0.66,-0.03,2.05,6000449691.599999
2025-03-14,4.58,4.61,4.68,4.47,270021,123400436.0,4.62,1.32,0.06,2.05,6079576500.72
2025-03-17,4.62,4.67,4.77,4.6,292685,136814591.0,3.69,1.3,0.06,2.22,6158703309.84
2025-03-18,4.69,4.56,4.71,4.53,209906,96322445.0,3.85,-2.36,-0.11,1.59,6013637493.12
2025-03-19,4.55,4.53,4.57,4.48,158645,71675298.0,1.97,-0.66,-0.03,1.2,5974074088.56
2025-03-20,4.54,4.57,4.63,4.45,246855,112143108.0,3.97,0.88,0.04,1.87,6026825294.64
2025-03-21,4.55,4.36,4.56,4.36,252137,112384970.0,4.38,-4.6,-0.21,1.91,5749881462.72
2025-03-24,4.36,4.33,4.45,4.23,222623,96228246.0,5.05,-0.69,-0.03,1.69,5710318058.16
2025-03-25,4.33,4.29,4.37,4.27,142493,61388326.0,2.31,-0.92,-0.04,1.08,5657566852.08
2025-03-26,4.29,4.31,4.34,4.26,136945,58998926.0,1.86,0.47,0.02,1.04,5683942455.12
2025-03-27,4.29,4.17,4.33,4.17,249165,105317827.0,3.71,-3.25,-0.14,1.89,5499313233.84
2025-03-28,4.18,4.08,4.2,4.08,244368,100733217.0,2.88,-2.16,-0.09,1.85,5380623020.16
2025-03-31,4.06,3.97,4.06,3.95,261654,104375550.0,2.7,-2.7,-0.11,1.98,5235557203.440001
2025-04-01,4.0,3.99,4.11,3.99,217969,87967765.0,3.02,0.5,0.02,1.65,5261932806.4800005
2025-04-02,3.99,3.97,4.04,3.95,168808,67432448.0,2.26,-0.5,-0.02,1.28,5235557203.440001
2025-04-03,3.93,3.94,4.01,3.93,148896,58987349.0,2.02,-0.76,-0.03,1.13,5195993798.88
2025-04-07,3.82,3.55,3.85,3.55,316486,115328829.0,7.61,-9.9,-0.39,2.4,4681669539.599999
2025-04-08,3.55,3.58,3.66,3.51,284349,101510224.0,4.23,0.85,0.03,2.16,4721232944.16
2025-04-09,3.55,3.67,3.69,3.39,258039,91733512.0,8.38,2.51,0.09,1.96,4839923157.84
2025-04-10,3.75,3.72,3.81,3.7,179289,67358913.0,3.0,1.36,0.05,1.36,4905862165.440001
2025-04-11,3.7,3.8,3.88,3.7,230650,87865704.0,4.84,2.15,0.08,1.75,5011364577.599999
2025-04-14,3.88,3.86,3.92,3.84,177334,68726054.0,2.11,1.58,0.06,1.34,5090491386.72
2025-04-15,3.88,3.84,3.89,3.82,177808,68495685.0,1.81,-0.52,-0.02,1.35,5064115783.679999
2025-04-16,3.85,3.83,3.98,3.77,240445,92703577.0,5.47,-0.26,-0.01,1.82,5050927982.16
2025-04-17,3.82,3.8,3.87,3.8,118070,45247230.0,1.83,-0.78,-0.03,0.9,5011364577.599999
2025-04-18,3.8,3.84,3.87,3.76,122814,46801716.0,2.89,1.05,0.04,0.93,5064115783.679999
2025-04-21,3.83,3.84,3.88,3.82,122586,47190836.0,1.56,0.0,0.0,0.93,5064115783.679999
2025-04-22,3.84,3.8,3.86,3.8,165764,63251377.0,1.56,-1.04,-0.04,1.26,5011364577.599999
2025-04-23,3.78,3.75,3.85,3.73,316168,119080024.0,3.16,-1.32,-0.05,2.4,4945425570.0
2025-04-24,3.75,3.71,3.78,3.71,196992,73539072.0,1.87,-1.07,-0.04,1.49,4892674363.92
2025-04-25,3.8,3.7,4.08,3.7,662960,256876280.0,10.24,-0.27,-0.01,5.03,4879486562.400001
2025-04-28,3.66,3.62,3.72,3.59,346975,126253137.0,3.51,-2.16,-0.08,2.63,4773984150.24
2025-04-30,3.44,3.44,3.44,3.44,7272,2501568.0,0.0,-4.97,-0.18,0.06,4536603722.88
2025-05-06,3.27,3.27,3.27,3.27,9458,3092766.0,0.0,-4.94,-0.17,0.07,4312411097.04
2025-05-07,3.11,3.11,3.21,3.11,1057345,329644164.0,3.06,-4.89,-0.16,8.02,4101406272.72
2025-05-08,3.04,3.11,3.14,3.01,688087,211784057.0,4.18,0.0,0.0,5.22,4101406272.72
2025-05-09,3.11,3.18,3.26,3.11,431168,137110982.0,4.82,2.25,0.07,3.27,4193720883.36
2025-05-12,3.19,3.22,3.23,3.14,370590,118149265.0,2.83,1.26,0.04,2.81,4246472089.44
2025-05-13,3.22,3.19,3.26,3.17,256420,82140283.0,2.8,-0.93,-0.03,1.94,4206908684.88
2025-05-14,3.2,3.23,3.25,3.16,229454,73591157.0,2.82,1.25,0.04,1.74,4259659890.96
2025-05-15,3.23,3.29,3.34,3.22,281621,92500126.0,3.72,1.86,0.06,2.14,4338786700.08
2025-05-16,3.27,3.27,3.28,3.24,152042,49535688.0,1.22,-0.61,-0.02,1.15,4312411097.04
2025-05-19,3.28,3.35,3.35,3.27,189139,62968513.0,2.45,2.45,0.08,1.43,4417913509.2
2025-05-20,3.35,3.42,3.44,3.32,186270,63087995.0,3.58,2.09,0.07,1.41,4510228119.84
2025-05-21,3.41,3.54,3.58,3.38,221688,76807154.0,5.85,3.51,0.12,1.68,4668481738.08
2025-05-22,3.54,3.47,3.6,3.45,226692,80189669.0,4.24,-1.98,-0.07,1.72,4576167127.440001
2025-05-23,3.45,3.33,3.5,3.31,205068,69985495.0,5.48,-4.03,-0.14,1.55,4391537906.16
2025-05-26,3.34,3.41,3.43,3.34,123316,41841340.0,2.7,2.4,0.08,0.94,4497040318.320001
2025-05-27,3.42,3.41,3.46,3.37,113773,38799267.0,2.64,0.0,0.0,0.86,4497040318.320001
2025-05-28,3.41,3.37,3.44,3.35,118160,40008900.0,2.64,-1.17,-0.04,0.9,4444289112.24
2025-05-29,3.37,3.42,3.44,3.34,143527,48775880.0,2.97,1.48,0.05,1.09,4510228119.84
2025-05-30,3.4,3.38,3.44,3.37,124297,42215107.0,2.05,-1.17,-0.04,0.94,4457476913.76
2025-06-03,3.35,3.34,3.39,3.33,119904,40201662.0,1.78,-1.18,-0.04,0.91,4404725707.679999
2025-06-04,3.35,3.39,3.4,3.34,118197,39842401.0,1.8,1.5,0.05,0.9,4470664715.28
2025-06-05,3.4,3.34,3.41,3.33,138967,46675811.0,2.36,-1.47,-0.05,1.05,4404725707.679999
2025-06-06,3.34,3.29,3.36,3.28,160259,53251148.0,2.4,-1.5,-0.05,1.22,4338786700.08
2025-06-09,3.3,3.31,3.32,3.27,124957,41152908.0,1.52,0.61,0.02,0.95,4365162303.12
2025-06-10,3.31,3.39,3.39,3.3,194731,65165760.0,2.72,2.42,0.08,1.48,4470664715.28
2025-06-11,3.4,3.45,3.5,3.4,195785,67694234.0,2.95,1.77,0.06,1.48,4549791524.400001
2025-06-12,3.44,3.39,3.44,3.38,139733,47558473.0,1.74,-1.74,-0.06,1.06,4470664715.28
2025-06-13,3.39,3.32,3.4,3.3,144927,48355572.0,2.95,-2.06,-0.07,1.1,4378350104.639999
2025-06-16,3.31,3.33,3.35,3.3,73937,24576924.0,1.51,0.3,0.01,0.56,4391537906.16
2025-06-17,3.33,3.38,3.42,3.32,112881,37966633.0,3.0,1.5,0.05,0.86,4457476913.76
2025-06-18,3.36,3.35,3.39,3.32,84735,28428001.0,2.07,-0.89,-0.03,0.64,4417913509.2
2025-06-19,3.39,3.32,3.4,3.32,111997,37556155.0,2.39,-0.9,-0.03,0.85,4378350104.639999
2025-06-20,3.31,3.28,3.34,3.28,103189,34194436.0,1.81,-1.2,-0.04,0.78,4325598898.559999
2025-06-23,3.27,3.22,3.28,3.19,142928,46077046.0,2.74,-1.83,-0.06,1.08,4246472089.44
2025-06-24,3.23,3.29,3.3,3.22,110894,36263746.0,2.48,2.17,0.07,0.84,4338786700.08
2025-06-25,3.31,3.28,3.31,3.26,102765,33706487.0,1.52,-0.3,-0.01,0.78,4325598898.559999
2025-06-26,3.27,3.27,3.31,3.26,114156,37457392.0,1.52,-0.3,-0.01,0.87,4312411097.04
2025-06-27,3.26,3.27,3.29,3.26,99657,32604008.0,0.92,0.0,0.0,0.76,4312411097.04
2025-06-30,3.28,3.36,3.36,3.28,113883,37963848.0,2.45,2.75,0.09,0.86,4431101310.72
2025-07-01,3.35,3.38,3.38,3.33,116770,39204902.0,1.49,0.6,0.02,0.89,4457476913.76
2025-07-02,3.38,3.39,3.44,3.36,150731,51249410.0,2.37,0.3,0.01,1.14,4470664715.28
2025-07-03,3.38,3.42,3.43,3.37,129777,44178328.0,1.77,0.88,0.03,0.98,4510228119.84
2025-07-04,3.41,3.35,3.44,3.34,132226,44675485.0,2.92,-2.05,-0.07,1.0,4417913509.2
2025-07-07,3.34,3.38,3.39,3.33,67807,22820610.0,1.79,0.9,0.03,0.51,4457476913.76
2025-07-08,3.38,3.4,3.4,3.36,87023,29437653.0,1.18,0.59,0.02,0.66,4483852516.8
2025-07-09,3.39,3.36,3.4,3.36,82807,27979995.0,1.18,-1.18,-0.04,0.63,4431101310.72
2025-07-10,3.37,3.37,3.38,3.35,80835,27212824.0,0.89,0.3,0.01,0.61,4444289112.24
2025-07-11,3.39,3.35,3.4,3.33,102504,34414658.0,2.08,-0.59,-0.02,0.78,4417913509.2
2025-07-14,3.34,3.29,3.35,3.28,115980,38406782.0,2.09,-1.79,-0.06,0.88,4338786700.08
2025-07-15,3.28,3.32,3.35,3.28,103747,34468712.0,2.13,0.91,0.03,0.79,4378350104.639999
2025-07-16,3.33,3.31,3.36,3.3,87761,29213305.0,1.81,-0.3,-0.01,0.67,4365162303.12
2025-07-17,3.32,3.32,3.34,3.31,76130,25279644.0,0.91,0.3,0.01,0.58,4378350104.639999
2025-07-18,3.32,3.28,3.33,3.27,103245,33948043.0,1.81,-1.2,-0.04,0.78,4325598898.559999
2025-07-21,3.28,3.31,3.33,3.28,116973,38735728.0,1.52,0.91,0.03,0.89,4365162303.12
2025-07-22,3.32,3.28,3.33,3.27,157244,51793977.0,1.81,-0.91,-0.03,1.19,4325598898.559999
2025-07-23,3.28,3.27,3.3,3.26,124110,40695605.0,1.22,-0.3,-0.01,0.94,4312411097.04
2025-07-24,3.27,3.29,3.3,3.27,104588,34396556.0,0.92,0.61,0.02,0.79,4338786700.08
2025-07-25,3.29,3.29,3.31,3.27,109771,36125706.0,1.22,0.0,0.0,0.83,4338786700.08
2025-07-28,3.29,3.23,3.3,3.22,153339,49841439.0,2.43,-1.82,-0.06,1.16,4259659890.96
2025-07-29,3.24,3.19,3.24,3.18,131225,41986722.0,1.86,-1.24,-0.04,1.0,4206908684.88
2025-07-30,3.2,3.15,3.21,3.13,129068,40904926.0,2.51,-1.25,-0.04,0.98,4154157478.7999997
2025-07-31,3.13,3.15,3.17,3.12,120020,37781469.0,1.59,0.0,0.0,0.91,4154157478.7999997
2025-08-01,3.15,3.16,3.17,3.14,76801,24256768.0,0.95,0.32,0.01,0.58,4167345280.32
2025-08-04,3.16,3.2,3.2,3.13,102182,32401840.0,2.22,1.27,0.04,0.77,4220096486.4
2025-08-05,3.19,3.21,3.21,3.19,66633,21338698.0,0.63,0.31,0.01,0.51,4233284287.92
2025-08-06,3.21,3.19,3.22,3.18,103369,33042001.0,1.25,-0.62,-0.02,0.78,4206908684.88
2025-08-07,3.19,3.2,3.22,3.19,126241,40440243.0,0.94,0.31,0.01,0.96,4220096486.4
2025-08-08,3.2,3.19,3.2,3.17,108624,34589962.0,0.94,-0.31,-0.01,0.82,4206908684.88
