交易日期,开盘价,收盘价,最高价,最低价,成交量,成交额,振幅,涨跌幅,涨跌额,换手率,流通市值
1996-06-06,10.18,11.44,11.97,10.18,230994,256397000.0,27.62,76.54,4.96,77.0,59158297941.6
1996-06-07,11.3,10.57,11.38,10.52,72998,79150000.0,7.52,-7.6,-0.87,24.33,54659371437.3
1996-06-10,10.5,9.48,10.55,9.19,51430,49123000.0,12.87,-10.31,-1.09,17.14,49022785357.200005
1996-06-11,9.39,9.38,9.78,9.07,25649,24278000.0,7.49,-1.05,-0.1,8.55,48505667368.200005
1996-06-12,9.5,9.15,9.56,9.07,22471,20791000.0,5.22,-2.45,-0.23,7.49,47316295993.5
1996-06-13,9.27,9.32,9.47,9.18,14749,13751000.0,3.17,1.86,0.17,4.92,48195396574.8
1996-06-14,9.34,9.06,9.35,9.02,21449,19630000.0,3.54,-2.79,-0.26,7.15,46850889803.4
1996-06-17,9.06,9.05,9.32,9.01,12805,11693000.0,3.42,-0.11,-0.01,4.27,46799178004.5
1996-06-18,9.3,9.07,9.3,8.82,15078,13563000.0,5.3,0.22,0.02,5.03,46902601602.3
1996-06-19,9.1,8.89,9.11,8.72,15148,13465000.0,4.3,-1.98,-0.18,5.05,45971789222.100006
1996-06-20,8.89,9.06,9.25,8.89,11608,10522000.0,4.05,1.91,0.17,3.87,46850889803.4
1996-06-21,9.08,9.05,9.2,9.0,6288,5705578.0,2.21,-0.11,-0.01,2.1,46799178004.5
1996-06-24,9.14,9.35,9.47,9.11,12460,11594000.0,3.98,3.31,0.3,4.15,48350531971.5
1996-06-25,9.0,9.07,9.18,8.92,9039,8196000.0,2.78,-2.99,-0.28,3.01,46902601602.3
1996-06-26,9.14,9.05,9.14,8.97,8663,7814000.0,1.87,-0.22,-0.02,2.89,46799178004.5
1996-06-27,9.1,9.42,9.5,9.02,23322,21748000.0,5.3,4.09,0.37,7.77,48712514563.8
1996-06-28,9.47,9.47,9.85,9.35,30118,29144000.0,5.31,0.53,0.05,10.04,48971073558.3
1996-07-01,9.43,9.17,9.44,9.0,12821,11761000.0,4.65,-3.17,-0.3,4.27,47419719591.3
1996-07-02,9.11,9.1,9.14,9.0,6597,5974000.0,1.53,-0.76,-0.07,2.2,47057736999.0
1996-07-03,9.1,9.11,9.22,8.92,9909,8980000.0,3.3,0.11,0.01,3.3,47109448797.899994
1996-07-04,9.25,9.13,9.25,8.97,10798,9773000.0,3.07,0.22,0.02,3.6,47212872395.700005
1996-07-05,9.07,8.94,9.13,8.81,8460,7633000.0,3.5,-2.08,-0.19,2.82,46230348216.6
1996-07-08,8.9,8.72,8.9,8.55,15761,13810000.0,3.91,-2.46,-0.22,5.25,45092688640.8
1996-07-09,8.69,8.44,8.69,8.3,11805,9944000.0,4.47,-3.21,-0.28,3.94,43644758271.6
1996-07-10,8.39,8.68,8.68,8.27,12238,10387000.0,4.86,2.84,0.24,4.08,44885841445.2
1996-07-11,8.68,8.38,8.68,8.35,5424,4597000.0,3.8,-3.46,-0.3,1.81,43334487478.200005
1996-07-12,8.38,8.3,8.39,8.25,4907,4077000.0,1.67,-0.95,-0.08,1.64,42920793087.0
1996-07-15,8.25,8.11,8.25,8.02,6533,5291000.0,2.77,-2.29,-0.19,2.18,41938268907.899994
1996-07-16,8.19,8.46,8.5,8.11,4863,4022000.0,4.81,4.32,0.35,1.62,43748181869.4
1996-07-17,8.5,8.51,8.6,8.31,9984,8483000.0,3.43,0.59,0.05,3.33,44006740863.9
1996-07-18,8.5,8.5,8.69,8.47,4600,3937000.0,2.59,-0.12,-0.01,1.53,43955029065.0
1996-07-19,8.5,9.19,9.19,8.47,23182,20768000.0,8.47,8.12,0.69,7.73,47523143189.1
1996-07-22,9.5,9.27,9.97,9.1,25116,23850000.0,9.47,0.87,0.08,8.37,47936837580.299995
1996-07-23,9.3,8.85,9.3,8.85,10063,9094000.0,4.85,-4.53,-0.42,3.35,45764942026.5
1996-07-24,9.0,9.27,9.31,9.0,13264,12215000.0,3.5,4.75,0.42,4.42,47936837580.299995
1996-07-25,9.27,9.55,9.61,9.21,27669,26136000.0,4.31,3.02,0.28,9.22,49384767949.5
1996-07-26,9.55,9.1,9.64,9.0,11900,11085000.0,6.7,-4.71,-0.45,3.97,47057736999.0
1996-07-29,9.14,9.81,9.88,9.1,36043,34769000.0,8.57,7.8,0.71,12.01,50729274720.9
1996-07-30,9.96,9.68,10.26,9.68,29896,29732000.0,5.91,-1.33,-0.13,9.97,50057021335.2
1996-07-31,9.77,9.6,9.78,9.43,13984,13444000.0,3.62,-0.83,-0.08,4.66,49643326944.0
1996-08-01,9.35,9.72,9.89,9.35,15159,14704000.0,5.63,1.25,0.12,5.05,50263868530.8
1996-08-02,9.85,9.94,9.94,9.55,19903,19552000.0,4.01,2.26,0.22,6.63,51401528106.6
1996-08-05,9.94,9.85,10.0,9.75,9192,9080000.0,2.52,-0.91,-0.09,3.06,50936121916.5
1996-08-06,9.89,9.89,9.94,9.75,8450,8312000.0,1.93,0.41,0.04,2.82,51142969112.100006
1996-08-07,9.75,9.81,9.97,9.73,11459,11307000.0,2.43,-0.81,-0.08,3.82,50729274720.9
1996-08-08,9.92,9.89,9.92,9.76,6647,6535000.0,1.63,0.82,0.08,2.22,51142969112.100006
1996-08-09,9.78,9.89,9.92,9.6,8771,8611000.0,3.24,0.0,0.0,2.92,51142969112.100006
1996-08-12,10.01,9.94,10.18,9.85,7961,7938000.0,3.34,0.51,0.05,2.65,51401528106.6
1996-08-13,9.92,9.85,9.94,9.6,3525,3466000.0,3.42,-0.91,-0.09,1.18,50936121916.5
1996-08-14,9.86,9.85,9.89,9.69,4020,3948000.0,2.03,0.0,0.0,1.34,50936121916.5
1996-08-15,9.92,9.93,10.11,9.8,6770,6732000.0,3.15,0.81,0.08,2.26,51349816307.7
1996-08-16,9.94,9.92,9.97,9.5,5536,5389000.0,4.73,-0.1,-0.01,1.85,51298104508.8
1996-08-19,9.89,9.69,9.89,9.6,3277,3197000.0,2.92,-2.32,-0.23,1.09,50108733134.1
1996-08-20,9.69,9.61,9.72,9.4,4478,4287000.0,3.3,-0.83,-0.08,1.49,49695038742.899994
1996-08-21,9.61,9.77,9.89,9.51,6664,6510000.0,3.95,1.66,0.16,2.22,50522427525.299995
1996-08-22,9.85,10.2,10.55,9.85,31698,32802000.0,7.16,4.4,0.43,10.57,52746034878.0
1996-08-23,10.19,10.65,10.85,10.0,31833,33069000.0,8.33,4.41,0.45,10.61,55073065828.5
1996-08-26,10.8,10.5,11.15,10.3,28756,31262000.0,7.98,-1.41,-0.15,9.59,54297388845.0
1996-08-27,10.88,10.61,11.0,10.48,12275,13145000.0,4.95,1.05,0.11,4.09,54866218632.899994
1996-08-28,10.67,10.69,10.96,10.6,12528,13494000.0,3.39,0.75,0.08,4.18,55279913024.1
1996-08-29,10.73,11.3,11.35,10.73,23624,26140000.0,5.8,5.71,0.61,7.87,58434332757.0
1996-08-30,11.28,11.6,11.93,11.1,30809,35530000.0,7.35,2.65,0.3,10.27,59985686724.0
1996-09-02,11.63,11.53,11.73,11.4,11322,13058000.0,2.84,-0.6,-0.07,3.77,59623704131.7
1996-09-03,11.57,11.28,11.68,11.28,15335,17528000.0,3.47,-2.17,-0.25,5.11,58330909159.2
1996-09-04,11.44,12.06,12.06,11.3,28676,33540000.0,6.74,6.91,0.78,9.56,62364429473.4
1996-09-05,12.1,11.8,12.25,11.64,18238,21860000.0,5.06,-2.16,-0.26,6.08,61019922702.0
1996-09-06,11.89,11.64,11.96,11.27,8465,9812000.0,5.85,-1.36,-0.16,2.82,60192533919.600006
1996-09-09,11.3,11.46,11.56,11.19,5875,6661000.0,3.18,-1.55,-0.18,1.96,59261721539.4
1996-09-10,11.19,10.75,11.19,10.5,6009,6517000.0,6.02,-6.2,-0.71,2.0,55590183817.5
1996-09-11,10.8,10.77,10.8,10.47,4663,4978000.0,3.07,0.19,0.02,1.55,55693607415.299995
1996-09-12,10.72,10.14,10.81,10.06,4295,4482000.0,6.96,-5.85,-0.63,1.43,52435764084.600006
1996-09-13,10.1,10.64,10.64,9.94,3737,3835000.0,6.9,4.93,0.5,1.25,55021354029.600006
1996-09-16,10.57,10.44,10.75,10.3,2425,2525000.0,4.23,-1.88,-0.2,0.81,53987118051.6
1996-09-17,10.52,10.61,10.75,10.52,2494,2653000.0,2.2,1.63,0.17,0.83,54866218632.899994
1996-09-18,10.8,10.18,10.85,10.18,2053,2142000.0,6.31,-4.05,-0.43,0.68,52642611280.2
1996-09-19,10.1,10.5,10.5,10.0,2955,2984000.0,4.91,3.14,0.32,0.99,54297388845.0
1996-09-20,10.38,10.82,10.82,10.3,4689,4986000.0,4.95,3.05,0.32,1.56,55952166409.8
1996-09-23,11.0,11.67,11.68,10.97,14949,16958000.0,6.56,7.86,0.85,4.98,60347669316.3
1996-09-24,11.69,12.1,12.35,11.69,34425,41569000.0,5.66,3.68,0.43,11.48,62571276669.0
1996-09-25,12.18,11.97,12.57,11.8,21009,25680000.0,6.36,-1.07,-0.13,7.0,61899023283.3
1996-09-26,12.0,12.34,12.77,12.0,21684,26922000.0,6.43,3.09,0.37,7.23,63812359842.6
1996-10-03,12.55,11.64,12.55,11.5,13648,16129000.0,8.51,-5.67,-0.7,4.55,60192533919.600006
1996-10-04,11.88,11.96,12.15,11.64,7467,8869000.0,4.38,2.75,0.32,2.49,61847311484.4
1996-10-07,11.85,11.77,12.18,11.47,7165,8402000.0,5.94,-1.59,-0.19,2.39,60864787305.299995
1996-10-08,11.69,11.78,11.93,11.69,5434,6432000.0,2.04,0.08,0.01,1.81,60916499104.2
1996-10-09,11.8,12.5,12.72,11.69,26278,32520000.0,8.74,6.11,0.72,8.76,64639748625.0
1996-10-10,12.75,15.0,15.0,12.69,80797,110857000.0,18.48,20.0,2.5,26.93,77567698350.0
1996-10-11,14.97,15.81,16.5,14.1,52605,81255000.0,16.0,5.4,0.81,17.54,81756354060.90001
1996-10-14,12.88,14.1,14.1,12.22,52492,70014000.0,11.89,-10.82,-1.71,14.58,72913636449.0
1996-10-15,13.8,12.21,13.97,12.21,24391,33196000.0,12.48,-13.4,-1.89,6.78,63140106456.9
1996-10-16,13.77,13.42,13.98,13.0,21419,28682000.0,8.03,9.91,1.21,5.95,69397234123.8
1996-10-17,13.19,13.3,13.39,12.98,7693,10120000.0,3.06,-0.89,-0.12,2.14,68776692537.0
1996-10-18,13.3,13.01,13.61,12.85,11751,15434000.0,5.71,-2.18,-0.29,3.26,67277050368.9
1996-10-21,13.11,12.93,13.18,12.5,5271,6780000.0,5.23,-0.61,-0.08,1.46,66863355977.7
1996-10-22,12.8,12.3,13.0,12.1,5712,7164000.0,6.96,-4.87,-0.63,1.59,63605512647.0
1996-10-23,12.39,13.59,13.6,12.3,36214,47830000.0,10.57,10.49,1.29,10.06,70276334705.1
1996-10-24,13.71,13.85,14.1,13.57,67879,93489000.0,3.9,1.91,0.26,18.86,71620841476.5
1996-10-25,13.85,13.39,14.0,13.19,37914,51596000.0,5.85,-3.32,-0.46,10.53,69242098727.1
1996-10-28,13.39,12.69,13.39,12.5,21471,27954000.0,6.65,-5.23,-0.7,5.96,65622272804.1
1996-10-29,12.6,12.36,13.5,12.3,37928,48574000.0,9.46,-2.6,-0.33,10.54,63915783440.399994
1996-10-30,12.5,12.0,12.52,11.85,13718,16651000.0,5.42,-2.91,-0.36,3.81,62054158680.0
1996-10-31,12.0,12.5,12.5,11.86,13838,16933000.0,5.33,4.17,0.5,3.84,64639748625.0
1996-11-01,12.19,11.85,12.39,11.5,6043,7233000.0,7.12,-5.2,-0.65,1.68,61278481696.5
1996-11-04,11.98,11.14,11.98,11.14,23687,27444000.0,7.09,-5.99,-0.71,6.58,57606943974.600006
1996-11-05,11.14,11.1,11.46,10.85,14347,15906000.0,5.48,-0.36,-0.04,3.99,57400096779.0
1996-11-06,11.19,10.81,11.36,10.6,8800,9607000.0,6.85,-2.61,-0.29,2.44,55900454610.9
1996-11-07,11.01,11.0,11.25,10.85,6896,7637000.0,3.7,1.76,0.19,1.92,56882978790.0
1996-11-08,11.05,11.0,11.19,10.94,4249,4716000.0,2.27,0.0,0.0,1.18,56882978790.0
1996-11-11,11.1,11.01,11.19,10.8,4601,5063000.0,3.55,0.09,0.01,1.28,56934690588.9
1996-11-12,11.14,11.5,11.59,11.0,16354,18489000.0,5.36,4.45,0.49,4.54,59468568735.0
1996-11-13,11.55,11.17,11.56,10.85,14644,16229000.0,6.17,-2.87,-0.33,4.07,57762079371.3
1996-11-14,11.14,10.97,11.14,10.8,15944,17401000.0,3.04,-1.79,-0.2,4.43,56727843393.3
1996-11-15,11.0,10.77,11.0,10.77,9540,10346000.0,2.1,-1.82,-0.2,2.65,55693607415.299995
1996-11-18,10.89,11.48,11.5,10.68,16061,18038000.0,7.61,6.59,0.71,4.46,59365145137.200005
1996-11-19,11.57,11.47,11.96,11.35,18620,21875000.0,5.31,-0.09,-0.01,5.17,59313433338.3
1996-11-20,11.47,11.35,11.6,11.25,12450,14153000.0,3.05,-1.05,-0.12,3.46,58692891751.5
1996-11-21,11.5,10.75,11.64,10.75,9945,11156000.0,7.84,-5.29,-0.6,2.76,55590183817.5
1996-11-22,10.69,10.64,10.76,10.09,4586,4798000.0,6.23,-1.02,-0.11,1.27,55021354029.600006
1996-11-25,10.57,11.03,11.11,10.56,5540,6055000.0,5.17,3.67,0.39,1.54,57038114186.7
1996-11-26,11.1,11.0,11.23,10.8,6561,7239000.0,3.9,-0.27,-0.03,1.82,56882978790.0
1996-11-27,11.0,12.11,12.35,11.0,52364,63030000.0,12.27,10.09,1.11,14.55,62622988467.899994
1996-11-28,12.17,12.18,12.46,11.85,33209,40486000.0,5.04,0.58,0.07,9.22,62984971060.2
1996-11-29,12.35,12.58,12.65,12.05,29029,35810000.0,4.93,3.28,0.4,8.06,65053443016.2
1996-12-02,12.88,13.19,13.38,12.64,34967,45942000.0,5.88,4.85,0.61,9.71,68207862749.1
1996-12-03,13.5,12.82,13.6,12.8,33140,43876000.0,6.07,-2.81,-0.37,9.21,66294526189.8
1996-12-04,12.69,13.47,13.5,12.51,18465,23984000.0,7.72,5.07,0.65,5.13,69655793118.3
1996-12-05,13.71,13.81,14.22,13.68,29593,41241000.0,4.01,2.52,0.34,8.22,71413994280.90001
1996-12-06,13.72,13.89,14.3,13.72,16643,23209000.0,4.2,0.58,0.08,4.62,71827688672.1
1996-12-09,14.0,14.23,14.46,13.8,29961,42479000.0,4.75,2.45,0.34,8.32,73585889834.7
1996-12-10,14.3,14.0,14.3,13.48,20591,28483000.0,5.76,-1.62,-0.23,5.72,72396518460.0
1996-12-11,14.05,14.65,14.8,14.01,38486,55757000.0,5.64,4.64,0.65,10.69,75757785388.5
1996-12-12,14.8,13.38,14.8,13.01,24875,34737000.0,12.22,-8.67,-1.27,6.91,69190386928.2
1996-12-13,13.1,12.06,13.6,12.02,32592,40984000.0,11.81,-9.87,-1.32,9.05,62364429473.4
1996-12-16,10.85,10.85,10.85,10.85,2366,2569000.0,0.0,-10.03,-1.21,0.66,56107301806.5
1996-12-17,9.77,9.77,10.69,9.77,19423,19116000.0,8.48,-9.95,-1.08,5.4,50522427525.299995
1996-12-18,9.55,10.46,10.57,8.78,60004,57703000.0,18.32,7.06,0.69,16.67,54090541649.4
1996-12-19,10.25,9.4,10.25,9.4,45998,44621000.0,8.13,-10.13,-1.06,12.78,48609090966.0
1996-12-20,9.0,9.39,9.5,8.68,19023,17360000.0,8.72,-0.11,-0.01,5.28,48557379167.100006
1996-12-23,9.6,9.89,9.97,9.46,22531,22034000.0,5.43,5.32,0.5,6.26,51142969112.100006
1996-12-24,9.92,9.34,10.05,9.27,16284,15775000.0,7.89,-5.56,-0.55,4.52,48298820172.6
1996-12-25,9.39,9.77,9.89,9.31,11167,10731000.0,6.21,4.6,0.43,3.1,50522427525.299995
1996-12-26,9.89,10.19,10.19,9.78,19927,19930000.0,4.2,4.3,0.42,5.54,52694323079.1
1996-12-27,10.1,10.11,10.28,9.8,14646,14773000.0,4.71,-0.79,-0.08,4.07,52280628687.899994
1996-12-30,10.27,10.81,10.89,10.26,38080,40289000.0,6.23,6.92,0.7,10.58,55900454610.9
1996-12-31,10.85,10.35,10.88,10.35,21140,22276000.0,4.9,-4.26,-0.46,5.87,53521711861.5
1997-01-02,10.5,10.5,10.5,10.18,8474,8793000.0,3.09,1.45,0.15,2.35,54297388845.0
1997-01-03,10.6,10.1,10.6,10.04,11009,11406000.0,5.33,-3.81,-0.4,3.06,52228916889.0
1997-01-06,9.9,9.76,9.98,9.7,6789,6670000.0,2.77,-3.37,-0.34,1.89,50470715726.4
1997-01-07,9.7,9.98,10.18,9.45,4671,4600000.0,7.48,2.25,0.22,1.3,51608375302.200005
1997-01-08,9.95,9.9,10.01,9.8,2997,2963000.0,2.1,-0.8,-0.08,0.83,51194680911.0
1997-01-09,9.95,10.1,10.15,9.95,3243,3260000.0,2.02,2.02,0.2,0.9,52228916889.0
1997-01-10,10.02,10.33,10.33,10.0,5447,5540000.0,3.27,2.28,0.23,1.51,53418288263.7
1997-01-13,10.45,10.44,10.75,10.35,8565,9045000.0,3.87,1.06,0.11,2.38,53987118051.6
1997-01-14,10.44,10.05,10.44,10.0,6128,6192000.0,4.21,-3.74,-0.39,1.7,51970357894.5
1997-01-15,9.98,10.08,10.15,9.98,3355,3385000.0,1.69,0.3,0.03,0.93,52125493291.2
1997-01-16,10.1,10.25,10.25,10.05,3056,3095000.0,1.98,1.69,0.17,0.85,53004593872.5
1997-01-17,10.15,10.2,10.3,10.14,2949,3011000.0,1.56,-0.49,-0.05,0.82,52746034878.0
1997-01-20,10.25,10.25,10.35,10.18,3951,4049000.0,1.67,0.49,0.05,1.1,53004593872.5
1997-01-21,10.25,10.18,10.34,10.1,4739,4856000.0,2.34,-0.68,-0.07,1.32,52642611280.2
1997-01-22,10.2,10.57,10.65,10.18,11013,11559000.0,4.62,3.83,0.39,3.06,54659371437.3
1997-01-23,10.54,10.6,10.78,10.54,13253,14110000.0,2.27,0.28,0.03,3.68,54814506834.0
1997-01-24,10.65,10.6,10.67,10.29,5865,6147000.0,3.58,0.0,0.0,1.63,54814506834.0
1997-01-27,10.8,11.02,11.2,10.75,19349,21343000.0,4.25,3.96,0.42,5.37,56986402387.799995
1997-01-28,11.08,11.06,11.15,10.83,10580,11649000.0,2.9,0.36,0.04,2.94,57193249583.4
1997-01-29,11.06,10.98,11.06,10.91,11969,13148000.0,1.36,-0.72,-0.08,3.32,56779555192.200005
1997-01-30,10.98,10.9,10.98,10.8,7030,7658000.0,1.64,-0.73,-0.08,1.95,56365860801.0
1997-01-31,10.9,10.98,11.05,10.86,9091,9979000.0,1.74,0.73,0.08,2.53,56779555192.200005
1997-02-17,11.1,11.17,11.34,10.78,7157,7939000.0,5.1,1.73,0.19,1.99,57762079371.3
1997-02-18,11.11,10.05,11.15,10.05,17778,18582000.0,9.85,-10.03,-1.12,4.94,51970357894.5
1997-02-19,9.81,10.55,10.69,9.81,12499,12974000.0,8.76,4.98,0.5,3.47,54555947839.5
1997-02-20,9.5,10.26,10.4,9.5,14437,14633000.0,8.53,-2.75,-0.29,4.01,53056305671.4
1997-02-21,10.3,10.88,10.94,10.3,13976,14920000.0,6.24,6.04,0.62,3.88,56262437203.200005
1997-02-24,11.0,10.88,11.15,10.7,13725,14966000.0,4.14,0.0,0.0,3.81,56262437203.200005
1997-02-25,11.0,11.2,11.45,10.92,30619,34370000.0,4.87,2.94,0.32,8.51,57917214768.0
1997-02-26,11.4,11.3,11.44,11.15,10382,11675000.0,2.59,0.89,0.1,2.88,58434332757.0
1997-02-27,11.35,11.12,11.4,11.01,11022,12375000.0,3.45,-1.59,-0.18,3.06,57503520376.799995
1997-02-28,11.08,11.26,11.28,10.85,11505,12724000.0,3.87,1.26,0.14,3.2,58227485561.4
1997-03-03,11.3,11.7,11.7,11.26,24858,28567000.0,3.91,3.91,0.44,6.91,60502804713.0
1997-03-04,11.7,12.16,12.3,11.51,45748,54848000.0,6.75,3.93,0.46,12.71,62881547462.4
1997-03-05,12.18,11.85,12.23,11.8,24630,29466000.0,3.54,-2.55,-0.31,6.84,61278481696.5
1997-03-06,11.75,12.37,12.5,11.7,25359,30928000.0,6.75,4.39,0.52,7.04,63967495239.299995
1997-03-07,12.42,12.21,12.5,12.13,18339,22589000.0,2.99,-1.29,-0.16,5.09,63140106456.9
1997-03-10,12.3,12.58,12.78,12.21,29687,37039000.0,4.67,3.03,0.37,8.25,65053443016.2
1997-03-11,12.73,13.1,13.47,12.71,40532,53121000.0,6.04,4.13,0.52,11.26,67742456559.0
1997-03-12,13.2,13.18,13.27,12.96,26090,34135000.0,2.37,0.61,0.08,7.25,68156150950.2
1997-03-13,13.37,13.89,14.0,12.98,70079,93938000.0,7.74,5.39,0.71,19.47,71827688672.1
1997-03-14,13.85,13.75,13.85,13.3,27895,38007000.0,3.96,-1.01,-0.14,7.75,71103723487.5
1997-03-17,14.3,14.88,14.88,14.02,44127,63236000.0,6.25,8.22,1.13,12.26,76947156763.2
1997-03-18,14.98,14.8,15.09,14.45,36242,53529000.0,4.3,-0.54,-0.08,10.07,76533462372.0
1997-03-19,14.8,14.02,14.9,13.9,78856,111516000.0,6.76,-5.27,-0.78,21.9,72499942057.8
1997-03-20,14.11,13.95,14.42,13.9,31987,45257000.0,3.71,-0.5,-0.07,8.89,72137959465.5
1997-03-21,13.9,14.42,14.48,13.6,20512,28902000.0,6.31,3.37,0.47,5.7,74568414013.8
1997-03-24,14.61,14.6,15.0,14.5,37075,54704000.0,3.47,1.25,0.18,10.3,75499226394.0
1997-03-25,14.6,14.25,14.65,14.08,21016,30141000.0,3.9,-2.4,-0.35,5.84,73689313432.5
1997-03-26,14.28,14.32,14.4,14.1,13808,19659000.0,2.11,0.49,0.07,3.84,74051296024.8
1997-03-27,14.4,14.18,14.47,14.1,13590,19440000.0,2.58,-0.98,-0.14,3.78,73327330840.2
1997-03-28,14.18,13.9,14.25,13.8,16881,23589000.0,3.17,-1.97,-0.28,4.69,71879400471.0
1997-03-31,14.0,14.35,14.6,13.93,13909,19930000.0,4.82,3.24,0.45,3.86,74206431421.5
1997-04-01,14.5,14.36,14.54,14.25,9741,14007000.0,2.02,0.07,0.01,2.71,74258143220.4
1997-04-02,14.44,14.23,14.49,14.1,7286,10366000.0,2.72,-0.91,-0.13,2.02,73585889834.7
1997-04-03,14.23,14.22,14.38,14.1,8279,11774000.0,1.97,-0.07,-0.01,2.3,73534178035.8
1997-04-04,14.3,14.75,14.95,14.27,32717,48128000.0,4.78,3.73,0.53,9.09,76274903377.5
1997-04-07,14.75,14.39,14.78,14.34,20645,29999000.0,2.98,-2.44,-0.36,5.73,74413278617.1
1997-04-08,14.45,14.07,14.48,14.05,12533,17828000.0,2.99,-2.22,-0.32,3.48,72758501052.3
1997-04-09,14.22,15.08,15.15,14.11,36505,54031000.0,7.39,7.18,1.01,10.14,77981392741.2
1997-04-10,15.2,14.9,15.88,14.78,43789,67541000.0,7.29,-1.19,-0.18,12.16,77050580361.0
1997-04-11,14.98,14.68,15.08,14.3,24660,35892000.0,5.23,-1.48,-0.22,6.85,75912920785.2
1997-04-14,14.88,14.7,15.0,14.66,25582,37857000.0,2.32,0.14,0.02,7.11,76016344383.0
1997-04-15,14.8,15.26,15.36,14.8,37499,56851000.0,3.81,3.81,0.56,10.42,78912205121.4
1997-04-16,15.51,15.46,15.66,15.12,30610,46961000.0,3.54,1.31,0.2,8.5,79946441099.40001
1997-04-17,15.48,15.79,16.18,15.41,36475,57851000.0,4.98,2.13,0.33,10.13,81652930463.09999
1997-04-18,15.8,15.68,15.9,15.4,19072,29799000.0,3.17,-0.7,-0.11,5.3,81084100675.2
1997-04-21,15.94,15.7,16.15,15.55,19954,31556000.0,3.83,0.13,0.02,5.54,81187524273.0
1997-04-22,14.15,14.2,14.97,14.13,31944,45848000.0,5.35,-9.55,-1.5,8.87,73430754438.0
1997-04-23,14.2,14.26,14.45,14.01,23077,32761000.0,3.1,0.42,0.06,6.41,73741025231.4
1997-04-24,14.18,13.62,14.18,13.51,17518,24229000.0,4.7,-4.49,-0.64,4.87,70431470101.8
1997-04-25,13.65,13.4,13.89,13.18,18865,25392000.0,5.21,-1.62,-0.22,5.24,69293810526.0
1997-04-28,13.4,13.0,13.7,12.85,13494,17969000.0,6.34,-2.99,-0.4,3.75,67225338570.0
1997-04-29,13.0,13.49,13.49,13.0,8589,11349000.0,3.77,3.77,0.49,2.39,69759216716.1
1997-04-30,13.68,13.45,13.75,13.26,9766,13097000.0,3.63,-0.3,-0.04,2.71,69552369520.5
1997-05-05,13.45,13.64,14.0,13.45,13530,18594000.0,4.09,1.41,0.19,3.76,70534893699.6
1997-05-06,13.72,13.82,13.99,13.7,14996,20724000.0,2.13,1.32,0.18,4.17,71465706079.8
1997-05-07,13.97,14.1,14.67,13.85,15791,22442000.0,5.93,2.03,0.28,4.39,72913636449.0
1997-05-08,14.1,12.9,14.32,12.89,10819,15021000.0,10.14,-8.51,-1.2,3.01,66708220581.0
1997-05-09,13.16,14.19,14.19,13.16,14246,19576000.0,7.98,10.0,1.29,3.96,73379042639.09999
1997-05-12,14.48,14.17,14.65,14.1,18641,26832000.0,3.88,-0.14,-0.02,5.18,73275619041.3
1997-05-13,14.2,13.68,14.22,13.5,11182,15388000.0,5.08,-3.46,-0.49,3.11,70741740895.2
1997-05-14,13.6,13.28,13.6,13.1,8496,11325000.0,3.65,-2.92,-0.4,2.36,68673268939.2
1997-05-15,13.18,13.49,13.66,13.15,3900,5242000.0,3.84,1.58,0.21,1.08,69759216716.1
1997-05-16,13.21,12.5,13.31,12.18,10708,13812000.0,8.38,-7.34,-0.99,2.97,64639748625.0
1997-05-19,12.6,13.05,13.11,12.48,4225,5351000.0,5.04,4.4,0.55,1.17,67483897564.5
1997-05-20,13.2,13.07,13.38,13.0,4126,5406000.0,2.91,0.15,0.02,1.15,67587321162.3
1997-05-21,13.14,12.55,13.15,12.45,4610,5840000.0,5.36,-3.98,-0.52,1.28,64898307619.5
1997-05-22,11.81,11.3,12.17,11.3,8586,10068000.0,6.93,-9.96,-1.25,2.39,58434332757.0
1997-05-23,11.5,11.6,11.77,11.3,3600,4152000.0,4.16,2.65,0.3,1.0,59985686724.0
1997-05-26,11.72,11.3,11.9,11.2,2237,2561000.0,6.03,-2.59,-0.3,0.62,58434332757.0
1997-05-27,11.61,11.75,12.0,11.3,9192,10795000.0,6.19,3.98,0.45,2.55,60761363707.5
1997-05-28,11.78,11.82,12.06,11.65,7075,8371000.0,3.49,0.6,0.07,1.97,61123346299.8
1997-05-29,11.98,11.7,12.0,11.7,2542,3010000.0,2.54,-1.02,-0.12,0.71,60502804713.0
1997-06-02,12.32,12.2,12.4,12.06,3489,4265000.0,2.91,4.27,0.5,0.97,63088394658.0
1997-06-03,12.21,12.17,12.35,11.8,4530,5500000.0,4.51,-0.25,-0.03,1.26,62933259261.3
1997-06-04,12.21,12.28,12.52,12.17,5308,6520000.0,2.88,0.9,0.11,1.47,63502089049.2
1997-06-05,12.21,12.12,12.25,12.08,4733,5753000.0,1.38,-1.3,-0.16,1.31,62674700266.799995
1997-06-06,11.11,11.3,11.6,11.11,6452,7367000.0,4.04,-6.77,-0.82,1.79,58434332757.0
1997-06-09,11.35,11.58,11.65,11.3,8074,9301000.0,3.1,2.48,0.28,2.24,59882263126.2
1997-06-10,11.45,11.72,12.3,11.45,10581,12651000.0,7.34,1.21,0.14,2.94,60606228310.8
1997-06-11,11.88,11.95,12.09,11.5,10014,11870000.0,5.03,1.96,0.23,2.78,61795599685.5
1997-06-12,11.98,11.54,12.03,11.4,4798,5608000.0,5.27,-3.43,-0.41,1.33,59675415930.6
1997-06-13,10.79,11.66,11.67,10.71,5120,5846000.0,8.32,1.04,0.12,1.42,60295957517.4
1997-06-16,11.8,11.78,11.95,11.61,6256,7371000.0,2.92,1.03,0.12,1.74,60916499104.2
1997-06-17,11.77,11.97,12.22,11.77,6504,7822000.0,3.82,1.61,0.19,1.81,61899023283.3
1997-06-18,12.0,11.6,12.1,11.6,2735,3243000.0,4.18,-3.09,-0.37,0.76,59985686724.0
1997-06-19,11.64,11.8,11.88,11.6,2469,2900000.0,2.41,1.72,0.2,0.69,61019922702.0
1997-06-20,11.8,12.18,12.3,11.8,7341,8857000.0,4.24,3.22,0.38,2.04,62984971060.2
1997-06-23,12.3,12.18,12.5,12.0,7740,9528000.0,4.11,0.0,0.0,2.15,62984971060.2
1997-06-24,12.19,12.8,12.94,12.18,13756,17467000.0,6.24,5.09,0.62,3.82,66191102592.0
1997-06-25,12.77,12.6,12.89,12.51,6840,8655000.0,2.97,-1.56,-0.2,1.9,65156866614.0
1997-06-26,12.5,12.43,12.79,12.31,3333,4154000.0,3.81,-1.35,-0.17,0.93,64277766032.7
1997-06-27,12.45,11.9,12.55,11.81,4560,5518000.0,5.95,-4.26,-0.53,1.27,61537040691.0
1997-07-02,11.82,11.49,11.9,10.96,3972,4489000.0,7.9,-3.45,-0.41,1.1,59416856936.1
1997-07-03,11.4,11.2,11.4,10.96,2698,2990000.0,3.83,-2.52,-0.29,0.75,57917214768.0
1997-07-04,11.11,11.28,11.58,11.0,2506,2815000.0,5.18,0.71,0.08,0.7,58330909159.2
1997-07-07,11.28,11.04,11.58,10.8,2493,2742000.0,6.91,-2.13,-0.24,0.69,57089825985.6
1997-07-08,10.9,11.0,11.1,10.25,2934,3153000.0,7.7,-0.36,-0.04,0.82,56882978790.0
1997-07-09,11.05,10.97,11.1,10.59,1359,1464000.0,4.64,-0.27,-0.03,0.38,56727843393.3
1997-07-10,10.95,10.78,10.95,10.61,1521,1633000.0,3.1,-1.73,-0.19,0.42,55745319214.2
1997-07-11,10.63,11.08,11.1,10.63,3382,3681000.0,4.36,2.78,0.3,0.94,57296673181.2
1997-07-14,11.1,11.25,11.35,10.89,3958,4375000.0,4.15,1.53,0.17,1.1,58175773762.5
1997-07-15,11.3,11.8,11.94,11.11,6391,7438000.0,7.38,4.89,0.55,1.78,61019922702.0
1997-07-16,11.89,12.15,12.6,11.89,12822,15826000.0,6.02,2.97,0.35,3.56,62829835663.5
1997-07-17,12.25,12.4,12.5,11.89,9011,11063000.0,5.02,2.06,0.25,2.5,64122630636.0
1997-07-18,12.49,12.75,12.77,12.2,8919,11213000.0,4.6,2.82,0.35,2.48,65932543597.5
1997-07-21,12.8,12.89,13.15,12.6,14207,18251000.0,4.31,1.1,0.14,3.95,66656508782.100006
1997-07-22,12.71,13.08,13.15,12.65,8006,10306000.0,3.88,1.47,0.19,2.22,67639032961.2
1997-07-23,13.15,12.88,13.55,12.88,10119,13432000.0,5.12,-1.53,-0.2,2.81,66604796983.200005
1997-07-24,12.86,12.99,13.05,12.65,8296,10748000.0,3.11,0.85,0.11,2.3,67173626771.1
1997-07-25,12.91,12.98,13.3,12.91,7073,9276000.0,3.0,-0.08,-0.01,1.96,67121914972.200005
1997-07-28,12.9,12.52,12.93,12.44,7506,9497000.0,3.78,-3.54,-0.46,2.09,64743172222.799995
1997-07-29,12.4,12.51,12.71,12.4,6134,7680000.0,2.48,-0.08,-0.01,1.7,64691460423.9
1997-07-30,12.51,12.7,12.79,12.51,2207,2801000.0,2.24,1.52,0.19,0.61,65673984603.0
1997-07-31,12.78,13.05,13.2,12.75,7200,9396000.0,3.54,2.76,0.35,2.0,67483897564.5
1997-08-01,13.1,13.0,13.15,12.75,4124,5357000.0,3.07,-0.38,-0.05,1.15,67225338570.0
1997-08-04,13.02,13.15,13.25,12.87,3670,4798000.0,2.92,1.15,0.15,1.02,68001015553.5
1997-08-05,13.18,13.08,13.2,12.98,2816,3680000.0,1.67,-0.53,-0.07,0.78,67639032961.2
1997-08-06,13.2,12.8,13.2,12.68,2640,3436000.0,3.98,-2.14,-0.28,0.73,66191102592.0
1997-08-07,12.82,13.15,13.18,12.61,3041,3923000.0,4.45,2.73,0.35,0.84,68001015553.5
1997-08-08,13.18,12.88,13.24,12.76,5496,7166000.0,3.65,-2.05,-0.27,1.53,66604796983.200005
1997-08-11,13.0,13.35,13.55,12.9,12616,16880000.0,5.05,3.65,0.47,3.5,69035251531.5
1997-08-12,13.1,12.82,13.47,12.8,3971,5175000.0,5.02,-3.97,-0.53,1.1,66294526189.8
1997-08-13,12.8,12.66,13.15,12.62,3786,4853000.0,4.13,-1.25,-0.16,1.05,65467137407.4
1997-08-14,12.7,13.18,13.18,12.7,5266,6845000.0,3.79,4.11,0.52,1.46,68156150950.2
1997-08-15,13.18,13.28,13.45,12.96,8991,11954000.0,3.72,0.76,0.1,2.5,68673268939.2
1997-08-18,13.28,13.72,13.8,13.2,12591,16982000.0,4.52,3.31,0.44,3.5,70948588090.8
1997-08-19,13.69,13.7,13.85,13.4,8214,11255000.0,3.28,-0.15,-0.02,2.28,70845164493.0
1997-08-20,14.0,13.77,14.35,13.38,13283,18199000.0,7.08,0.51,0.07,3.69,71207147085.3
1997-08-21,13.77,13.78,14.19,13.7,40706,57072000.0,3.56,0.07,0.01,11.31,71258858884.2
1997-08-22,13.81,13.74,13.95,13.5,15010,20566000.0,3.27,-0.29,-0.04,4.17,71052011688.6
1997-08-25,13.88,13.69,13.9,13.55,16690,22911000.0,2.55,-0.36,-0.05,4.64,70793452694.09999
1997-08-26,13.71,13.96,14.17,13.62,34053,47461000.0,4.02,1.97,0.27,9.46,72189671264.40001
1997-08-27,13.0,12.98,13.45,12.7,15343,19806000.0,5.37,-7.02,-0.98,3.41,67121914972.200005
1997-08-28,13.08,12.79,13.1,12.75,5852,7515000.0,2.7,-1.46,-0.19,1.3,66139390793.1
1997-08-29,12.81,12.84,13.0,12.51,10208,13131000.0,3.83,0.39,0.05,2.27,66397949787.6
1997-09-01,12.98,12.69,12.98,12.65,9164,11733000.0,2.57,-1.17,-0.15,2.04,65622272804.1
1997-09-02,12.69,12.82,12.88,12.55,7779,9932000.0,2.6,1.02,0.13,1.73,66294526189.8
1997-09-03,12.85,13.15,13.19,12.7,14228,18515000.0,3.82,2.57,0.33,3.16,68001015553.5
1997-09-04,13.2,13.13,13.3,13.08,7987,10499000.0,1.67,-0.15,-0.02,1.77,67897591955.700005
1997-09-05,13.1,12.98,13.16,12.9,6132,8006000.0,1.98,-1.14,-0.15,1.36,67121914972.200005
1997-09-08,12.9,12.75,12.98,12.7,6248,7972000.0,2.16,-1.77,-0.23,1.39,65932543597.5
1997-09-09,12.75,12.59,12.94,12.55,6482,8251000.0,3.06,-1.25,-0.16,1.44,65105154815.1
1997-09-10,12.6,12.8,12.88,12.45,6111,7704000.0,3.42,1.67,0.21,1.36,66191102592.0
1997-09-11,12.85,12.64,12.85,12.48,6577,8337000.0,2.89,-1.25,-0.16,1.46,65363713809.600006
1997-09-12,12.5,12.18,12.8,12.18,4712,5836000.0,4.91,-3.64,-0.46,1.05,62984971060.2
1997-09-15,12.3,11.9,12.3,11.78,3563,4279000.0,4.27,-2.3,-0.28,0.79,61537040691.0
1997-09-16,12.0,11.9,12.15,11.82,1872,2227000.0,2.77,0.0,0.0,0.42,61537040691.0
1997-09-17,11.82,11.76,11.96,11.7,1924,2269000.0,2.18,-1.18,-0.14,0.43,60813075506.4
1997-09-18,11.76,11.95,11.95,11.76,1828,2172000.0,1.62,1.62,0.19,0.41,61795599685.5
1997-09-19,11.89,11.91,12.0,11.78,3228,3837000.0,1.84,-0.33,-0.04,0.72,61588752489.9
1997-09-22,12.03,11.18,12.04,11.01,3161,3642000.0,8.65,-6.13,-0.73,0.7,57813791170.2
1997-09-23,11.1,10.3,11.1,10.3,4558,4922000.0,7.16,-7.87,-0.88,1.01,53263152867.0
1997-09-24,10.62,10.88,10.96,10.52,5069,5461000.0,4.27,5.63,0.58,1.13,56262437203.200005
1997-09-25,11.0,10.81,11.18,10.8,3671,4013000.0,3.49,-0.64,-0.07,0.82,55900454610.9
1997-09-26,11.0,11.26,11.38,10.78,5110,5704000.0,5.55,4.16,0.45,1.14,58227485561.4
1997-09-29,11.25,10.95,11.25,10.89,2514,2768000.0,3.2,-2.75,-0.31,0.56,56624419795.5
1997-09-30,10.95,11.07,11.18,10.95,1799,1993000.0,2.1,1.1,0.12,0.4,57244961382.3
1997-10-06,11.18,11.25,11.3,10.97,1283,1431000.0,2.98,1.63,0.18,0.29,58175773762.5
1997-10-07,11.25,11.4,11.4,11.0,1722,1932000.0,3.56,1.33,0.15,0.38,58951450746.0
1997-10-08,11.45,11.64,11.74,11.45,2644,3075000.0,2.54,2.11,0.24,0.59,60192533919.600006
1997-10-09,11.58,11.35,11.64,11.35,1430,1641000.0,2.49,-2.49,-0.29,0.32,58692891751.5
1997-10-10,11.2,11.58,11.65,11.13,4234,4859000.0,4.58,2.03,0.23,0.94,59882263126.2
1997-10-13,11.6,11.5,11.68,11.4,2837,3274000.0,2.42,-0.69,-0.08,0.63,59468568735.0
1997-10-14,11.48,11.55,11.55,11.23,1907,2171000.0,2.78,0.43,0.05,0.42,59727127729.5
1997-10-15,11.5,11.6,11.71,11.45,2244,2599000.0,2.25,0.43,0.05,0.5,59985686724.0
1997-10-16,11.62,11.95,11.95,11.62,4724,5552000.0,2.84,3.02,0.35,1.05,61795599685.5
1997-10-17,11.95,12.01,12.12,11.85,7657,9203000.0,2.26,0.5,0.06,1.7,62105870478.9
1997-10-20,12.08,11.98,12.12,11.82,7225,8623000.0,2.5,-0.25,-0.03,1.61,61950735082.200005
1997-10-21,11.95,11.88,12.12,11.75,5601,6664000.0,3.09,-0.83,-0.1,1.24,61433617093.200005
1997-10-22,11.95,11.6,11.95,11.6,9395,11069000.0,2.95,-2.36,-0.28,2.09,59985686724.0
1997-10-23,11.71,11.5,11.71,11.4,8326,9602000.0,2.67,-0.86,-0.1,1.85,59468568735.0
1997-10-24,11.5,11.89,11.9,11.32,7949,9259000.0,5.04,3.39,0.39,1.77,61485328892.100006
1997-10-27,11.98,12.28,12.38,11.88,12401,15061000.0,4.21,3.28,0.39,2.76,63502089049.2
1997-10-28,12.26,11.6,12.4,11.57,4317,5146000.0,6.76,-5.54,-0.68,0.96,59985686724.0
1997-10-29,11.48,11.8,11.86,11.41,4958,5780000.0,3.88,1.72,0.2,1.1,61019922702.0
1997-10-30,11.83,11.55,11.9,11.52,4749,5516000.0,3.22,-2.12,-0.25,1.06,59727127729.5
1997-10-31,11.5,11.98,11.98,11.4,5491,6402000.0,5.02,3.72,0.43,1.22,61950735082.200005
1997-11-03,11.9,12.08,12.18,11.7,6674,8030000.0,4.01,0.83,0.1,1.48,62467853071.2
1997-11-04,12.07,12.02,12.1,11.95,3311,3977000.0,1.24,-0.5,-0.06,0.74,62157582277.799995
1997-11-05,12.0,11.8,12.08,11.7,1082,1287781.0,3.16,-1.83,-0.22,0.24,61019922702.0
1997-11-06,11.9,11.81,12.15,11.7,4011,4774000.0,3.81,0.08,0.01,0.89,61071634500.9
1997-11-07,11.8,11.77,11.89,11.59,4256,4975000.0,2.54,-0.34,-0.04,0.95,60864787305.299995
1997-11-10,11.75,11.83,11.92,11.63,4618,5447000.0,2.46,0.51,0.06,1.03,61175058098.7
1997-11-11,11.75,11.57,11.78,11.5,2728,3162000.0,2.37,-2.2,-0.26,0.61,59830551327.3
1997-11-12,11.61,11.4,11.7,11.4,2872,3301000.0,2.59,-1.47,-0.17,0.64,58951450746.0
1997-11-13,11.4,11.5,11.54,11.22,2730,3099000.0,2.81,0.88,0.1,0.61,59468568735.0
1997-11-14,11.4,11.62,11.88,11.35,5000,5821000.0,4.61,1.04,0.12,1.11,60089110321.799995
1997-11-17,11.79,11.8,12.0,11.57,6849,8106000.0,3.7,1.55,0.18,1.52,61019922702.0
1997-11-18,11.8,11.61,11.95,11.6,1788,2091000.0,2.97,-1.61,-0.19,0.4,60037398522.899994
1997-11-19,11.55,11.51,11.66,11.4,1417,1637000.0,2.24,-0.86,-0.1,0.31,59520280533.9
1997-11-20,11.56,11.4,11.56,11.35,1918,2192000.0,1.82,-0.96,-0.11,0.43,58951450746.0
1997-11-21,11.4,11.21,11.41,11.19,2797,3150000.0,1.93,-1.67,-0.19,0.62,57968926566.9
1997-11-24,11.05,10.85,11.2,10.81,2613,2875000.0,3.48,-3.21,-0.36,0.58,56107301806.5
1997-11-25,11.2,11.0,11.38,10.85,3008,3286000.0,4.88,1.38,0.15,0.67,56882978790.0
1997-11-26,11.0,10.96,11.0,10.8,2373,2587000.0,1.82,-0.36,-0.04,0.53,56676131594.4
1997-11-27,10.98,10.65,10.98,10.61,2886,3094000.0,3.38,-2.83,-0.31,0.64,55073065828.5
1997-11-28,10.6,11.16,11.19,10.6,1605,1747000.0,5.54,4.79,0.51,0.36,57710367572.4
1997-12-01,10.91,11.0,11.05,10.82,1382,1515000.0,2.06,-1.43,-0.16,0.31,56882978790.0
1997-12-02,11.0,11.0,11.08,10.9,1048,1151000.0,1.64,0.0,0.0,0.23,56882978790.0
1997-12-03,10.98,11.05,11.22,10.68,2408,2662000.0,4.91,0.45,0.05,0.54,57141537784.5
1997-12-04,11.0,11.3,11.38,11.0,2890,3233000.0,3.44,2.26,0.25,0.64,58434332757.0
1997-12-05,11.3,11.08,11.4,11.08,2606,2911000.0,2.83,-1.95,-0.22,0.58,57296673181.2
1997-12-08,11.0,11.11,11.18,11.0,1576,1748000.0,1.62,0.27,0.03,0.35,57451808577.899994
1997-12-09,11.15,11.32,11.39,11.15,2532,2862000.0,2.16,1.89,0.21,0.56,58537756354.8
1997-12-10,11.39,11.32,11.45,11.3,2143,2433000.0,1.33,0.0,0.0,0.48,58537756354.8
1997-12-11,11.32,11.33,11.36,11.1,1594,1791000.0,2.3,0.09,0.01,0.35,58589468153.7
1997-12-12,11.33,11.4,11.68,11.28,4663,5336000.0,3.53,0.62,0.07,1.04,58951450746.0
1997-12-15,11.53,11.73,11.77,11.47,4400,5125000.0,2.63,2.89,0.33,0.98,60657940109.700005
1997-12-16,11.78,12.03,12.12,11.59,11418,13728000.0,4.52,2.56,0.3,2.54,62209294076.7
1997-12-17,11.87,11.8,12.09,11.8,10132,12084000.0,2.41,-1.91,-0.23,2.25,61019922702.0
1997-12-18,11.78,12.16,12.25,11.78,7692,9280000.0,3.98,3.05,0.36,1.71,62881547462.4
1997-12-19,12.21,12.35,12.56,12.21,10914,13521000.0,2.88,1.56,0.19,2.43,63864071641.5
1997-12-22,12.49,12.8,12.83,12.35,13384,16934000.0,3.89,3.64,0.45,2.97,66191102592.0
1997-12-23,12.8,12.67,12.8,12.5,8571,10821000.0,2.34,-1.02,-0.13,1.9,65518849206.3
1997-12-24,12.8,12.77,12.89,12.62,7560,9666000.0,2.13,0.79,0.1,1.68,66035967195.299995
1997-12-25,12.71,12.61,12.85,12.5,9277,11797000.0,2.74,-1.25,-0.16,2.06,65208578412.899994
1997-12-26,12.7,12.92,13.15,12.42,12372,15875000.0,5.79,2.46,0.31,2.75,66811644178.8
1997-12-29,13.0,12.71,13.08,12.7,6474,8370000.0,2.94,-1.63,-0.21,1.44,65725696401.9
1997-12-30,12.61,12.62,12.75,12.56,6139,7749000.0,1.49,-0.71,-0.09,1.36,65260290211.799995
1997-12-31,12.8,12.82,13.04,12.75,6552,8471000.0,2.3,1.58,0.2,1.46,66294526189.8
1998-01-05,12.88,13.2,13.32,12.82,12867,16921000.0,3.9,2.96,0.38,2.86,68259574548.0
1998-01-06,13.2,12.9,13.2,12.79,9155,11863000.0,3.11,-2.27,-0.3,2.03,66708220581.0
1998-01-07,12.89,13.0,13.08,12.74,8558,11014000.0,2.64,0.78,0.1,1.9,67225338570.0
1998-01-08,13.0,12.78,13.01,12.74,4083,5239000.0,2.08,-1.69,-0.22,0.91,66087678994.2
1998-01-09,12.7,12.89,12.9,12.63,7241,9222000.0,2.11,0.86,0.11,1.61,66656508782.100006
1998-01-12,12.71,12.68,12.9,12.64,8364,10660000.0,2.02,-1.63,-0.21,1.86,65570561005.2
1998-01-13,12.52,11.89,12.52,11.41,9696,11594000.0,8.75,-6.23,-0.79,2.15,61485328892.100006
1998-01-14,12.09,12.15,12.3,11.9,4534,5502000.0,3.36,2.19,0.26,1.01,62829835663.5
1998-01-15,12.48,12.29,12.48,12.0,3682,4480000.0,3.95,1.15,0.14,0.82,63553800848.1
1998-01-16,12.2,12.1,12.29,12.05,2183,2652000.0,1.95,-1.55,-0.19,0.49,62571276669.0
1998-01-19,12.11,12.22,12.28,12.05,2414,2941000.0,1.9,0.99,0.12,0.54,63191818255.8
1998-01-20,12.1,12.05,12.21,12.0,2037,2457000.0,1.72,-1.39,-0.17,0.45,62312717674.5
1998-01-21,12.1,12.25,12.25,12.1,1256,1531000.0,1.24,1.66,0.2,0.28,63346953652.5
1998-01-22,12.1,12.3,12.35,12.09,1386,1697000.0,2.12,0.41,0.05,0.31,63605512647.0
1998-01-23,12.63,12.4,12.63,12.25,1666,2068000.0,3.09,0.81,0.1,0.37,64122630636.0
1998-02-09,13.2,12.95,13.2,12.62,4833,6220000.0,4.68,4.44,0.55,1.07,66966779575.5
1998-02-10,12.9,12.72,12.9,12.68,2310,2949000.0,1.7,-1.78,-0.23,0.51,65777408200.8
1998-02-11,12.7,12.79,12.9,12.65,3142,4003000.0,1.97,0.55,0.07,0.7,66139390793.1
1998-02-12,12.79,12.65,12.87,12.6,2493,3176000.0,2.11,-1.09,-0.14,0.55,65415425608.5
1998-02-13,12.66,12.75,12.85,12.53,3016,3820000.0,2.53,0.79,0.1,0.67,65932543597.5
1998-02-16,12.72,12.4,12.72,12.38,3514,4395000.0,2.67,-2.75,-0.35,0.78,64122630636.0
1998-02-17,12.4,12.27,12.4,12.18,3475,4263000.0,1.77,-1.05,-0.13,0.77,63450377250.299995
1998-02-18,12.28,12.3,12.45,12.25,2444,3011000.0,1.63,0.24,0.03,0.54,63605512647.0
1998-02-19,12.35,12.37,12.48,12.32,1575,1949000.0,1.3,0.57,0.07,0.35,63967495239.299995
1998-02-20,12.3,12.2,12.42,12.17,3053,3739000.0,2.02,-1.37,-0.17,0.68,63088394658.0
1998-02-23,12.18,12.1,12.18,11.98,3707,4474000.0,1.64,-0.82,-0.1,0.82,62571276669.0
1998-02-24,12.1,12.18,12.2,12.08,1589,1929000.0,0.99,0.66,0.08,0.35,62984971060.2
1998-02-25,12.16,12.0,12.17,11.88,1504,1814000.0,2.38,-1.48,-0.18,0.33,62054158680.0
1998-02-26,12.0,12.09,12.3,11.89,1058,1271000.0,3.42,0.75,0.09,0.24,62519564870.1
1998-02-27,12.05,12.0,12.16,11.94,1852,2233000.0,1.82,-0.74,-0.09,0.41,62054158680.0
1998-03-02,11.68,11.8,12.0,11.51,2917,3410000.0,4.08,-1.67,-0.2,0.65,61019922702.0
1998-03-03,11.75,12.05,12.3,11.75,1320,1571000.0,4.66,2.12,0.25,0.29,62312717674.5
1998-03-04,12.05,12.1,12.37,11.9,1685,2033000.0,3.9,0.41,0.05,0.37,62571276669.0
1998-03-05,12.19,11.9,12.2,11.9,582,698000.0,2.48,-1.65,-0.2,0.13,61537040691.0
1998-03-06,11.97,12.0,12.05,11.8,1396,1666000.0,2.1,0.84,0.1,0.31,62054158680.0
1998-03-09,12.0,11.95,12.13,11.8,861,1025000.0,2.75,-0.42,-0.05,0.19,61795599685.5
1998-03-10,11.95,11.82,12.0,11.7,773,914000.0,2.51,-1.09,-0.13,0.17,61123346299.8
1998-03-11,11.95,11.68,11.95,11.58,1295,1515000.0,3.13,-1.18,-0.14,0.29,60399381115.2
1998-03-12,11.7,11.5,11.8,11.35,1585,1821000.0,3.85,-1.54,-0.18,0.35,59468568735.0
1998-03-13,11.5,11.58,11.7,11.4,995,1145096.0,2.61,0.7,0.08,0.22,59882263126.2
1998-03-16,11.52,11.58,11.82,11.4,928,1066000.0,3.63,0.0,0.0,0.21,59882263126.2
1998-03-17,11.58,11.8,11.88,11.48,1620,1897000.0,3.45,1.9,0.22,0.36,61019922702.0
1998-03-18,11.8,11.76,11.97,11.68,1353,1596000.0,2.46,-0.34,-0.04,0.3,60813075506.4
1998-03-19,11.7,11.6,11.8,11.45,1074,1250000.0,2.98,-1.36,-0.16,0.24,59985686724.0
1998-03-20,11.6,11.46,11.65,11.38,1703,1953000.0,2.33,-1.21,-0.14,0.38,59261721539.4
1998-03-23,11.31,11.3,11.4,11.15,1754,1970000.0,2.18,-1.4,-0.16,0.39,58434332757.0
1998-03-24,11.2,11.85,11.85,11.09,5117,5878000.0,6.73,4.87,0.55,1.14,61278481696.5
1998-03-25,11.88,11.7,11.9,11.68,3273,3864000.0,1.86,-1.27,-0.15,0.73,60502804713.0
1998-03-26,11.7,12.19,12.24,11.7,9795,11884000.0,4.62,4.19,0.49,2.18,63036682859.1
1998-03-27,12.5,12.34,12.5,12.18,8500,10457000.0,2.63,1.23,0.15,1.89,63812359842.6
1998-03-30,12.58,12.55,12.6,12.36,12531,15579000.0,1.94,1.7,0.21,2.78,64898307619.5
1998-03-31,12.67,12.7,12.99,12.6,11661,14963000.0,3.11,1.2,0.15,2.59,65673984603.0
1998-04-01,12.79,12.72,12.79,12.41,6976,8756000.0,2.99,0.16,0.02,1.55,65777408200.8
1998-04-02,12.75,12.7,12.84,12.51,8621,10971000.0,2.59,-0.16,-0.02,1.92,65673984603.0
1998-04-03,12.7,12.67,12.78,12.55,6035,7615000.0,1.81,-0.24,-0.03,1.34,65518849206.3
1998-04-06,12.66,12.88,12.99,12.63,11998,15390000.0,2.84,1.66,0.21,2.67,66604796983.200005
1998-04-07,12.88,12.86,12.97,12.7,7638,9795000.0,2.1,-0.16,-0.02,1.7,66501373385.399994
1998-04-08,12.86,12.88,12.94,12.75,8429,10817000.0,1.48,0.16,0.02,1.87,66604796983.200005
1998-04-09,12.91,13.2,13.49,12.83,20347,26747000.0,5.12,2.48,0.32,4.52,68259574548.0
1998-04-10,13.25,13.35,13.36,13.03,10997,14573000.0,2.5,1.14,0.15,2.44,69035251531.5
1998-04-13,13.51,13.8,13.95,13.51,19871,27429000.0,3.3,3.37,0.45,4.42,71362282482.0
1998-04-14,13.8,13.55,13.8,13.38,10054,13625000.0,3.04,-1.81,-0.25,2.23,70069487509.5
1998-04-15,13.5,14.0,14.14,13.5,22002,30595000.0,4.72,3.32,0.45,4.89,72396518460.0
1998-04-16,14.0,13.9,14.13,13.84,12435,17384000.0,2.07,-0.71,-0.1,2.76,71879400471.0
1998-04-17,13.81,13.78,13.82,13.49,13880,18893000.0,2.37,-0.86,-0.12,3.08,71258858884.2
1998-04-20,13.6,13.42,13.73,13.32,7813,10550000.0,2.98,-2.61,-0.36,1.74,69397234123.8
1998-04-21,13.6,13.77,13.77,13.48,9621,13143000.0,2.16,2.61,0.35,2.14,71207147085.3
1998-04-22,13.8,13.83,13.84,13.6,9408,12914000.0,1.74,0.44,0.06,2.09,71517417878.7
1998-04-23,13.86,13.98,14.1,13.74,10040,13982000.0,2.6,1.08,0.15,2.23,72293094862.2
1998-04-24,14.02,13.85,14.09,13.7,7925,11045000.0,2.79,-0.93,-0.13,1.76,71620841476.5
1998-04-27,13.85,13.9,13.99,13.57,5409,7428000.0,3.03,0.36,0.05,1.2,71879400471.0
1998-04-28,14.0,14.35,14.46,13.92,21678,30960000.0,3.88,3.24,0.45,4.82,74206431421.5
1998-04-30,14.65,14.48,14.65,14.23,13298,19242000.0,2.93,0.91,0.13,2.96,74878684807.2
1998-05-04,14.54,14.48,14.6,14.4,10027,14526000.0,1.38,0.0,0.0,2.23,74878684807.2
1998-05-05,14.48,14.3,14.58,14.28,7399,10652000.0,2.07,-1.24,-0.18,1.64,73947872427.0
1998-05-06,14.3,14.57,14.59,14.0,13252,18909000.0,4.13,1.89,0.27,2.94,75344090997.3
1998-05-07,14.52,14.53,15.1,14.4,43828,64903000.0,4.8,-0.27,-0.04,9.74,75137243801.7
1998-05-08,14.48,15.08,15.08,14.4,70341,104510000.0,4.68,3.79,0.55,15.63,77981392741.2
1998-05-11,10.06,10.25,10.32,9.8,85461,86519000.0,3.45,-32.03,-4.83,12.66,53004593872.5
1998-05-12,10.3,10.93,11.1,10.26,64154,69551000.0,8.2,6.63,0.68,9.5,56520996197.7
1998-05-13,11.05,11.89,12.02,11.05,73948,86732000.0,8.87,8.78,0.96,10.96,61485328892.100006
1998-05-14,12.03,11.98,12.2,11.6,36745,43717000.0,5.05,0.76,0.09,5.44,61950735082.200005
1998-05-15,12.0,12.17,12.4,11.95,41400,50405000.0,3.76,1.59,0.19,6.13,62933259261.3
1998-05-18,12.19,13.0,13.02,11.57,60080,75091000.0,11.91,6.82,0.83,8.9,67225338570.0
1998-05-19,12.95,13.9,14.08,12.81,40286,54976000.0,9.77,6.92,0.9,5.97,71879400471.0
1998-05-20,14.2,13.73,14.8,13.53,55859,78210000.0,9.14,-1.22,-0.17,8.28,71000299889.7
1998-05-21,13.85,14.1,14.4,13.73,29499,41204000.0,4.88,2.69,0.37,4.37,72913636449.0
1998-05-22,14.37,14.0,14.5,13.88,23195,32809000.0,4.4,-0.71,-0.1,3.44,72396518460.0
1998-05-25,14.3,13.67,14.3,13.63,22148,30517000.0,4.79,-2.36,-0.33,3.28,70690029096.3
1998-05-26,13.8,13.48,13.8,13.1,24961,33818000.0,5.12,-1.39,-0.19,3.7,69707504917.2
1998-05-27,13.5,14.0,14.14,13.5,16877,23569000.0,4.75,3.86,0.52,2.5,72396518460.0
1998-05-28,14.25,14.02,14.5,13.94,15996,22637000.0,4.0,0.14,0.02,2.37,72499942057.8
1998-05-29,14.15,13.71,14.18,13.7,14703,20454000.0,3.42,-2.21,-0.31,2.18,70896876291.90001
1998-06-01,14.0,14.4,14.5,13.9,25952,36896000.0,4.38,5.03,0.69,3.84,74464990416.0
1998-06-02,14.6,14.26,14.68,14.1,13738,19599000.0,4.03,-0.97,-0.14,2.04,73741025231.4
1998-06-03,14.46,14.44,14.79,14.3,18684,27183000.0,3.44,1.26,0.18,2.77,74671837611.59999
1998-06-04,14.5,15.07,15.3,14.41,24434,36761000.0,6.16,4.36,0.63,3.62,77929680942.3
1998-06-05,15.25,14.82,15.28,14.6,14986,22329000.0,4.51,-1.66,-0.25,2.22,76636885969.8
1998-06-08,15.0,15.68,15.7,15.0,15790,24405000.0,4.72,5.8,0.86,2.34,81084100675.2
1998-06-09,15.85,15.56,16.1,15.22,13016,20511000.0,5.61,-0.77,-0.12,1.93,80463559088.40001
1998-06-10,15.5,15.22,15.8,15.16,6291,9679000.0,4.11,-2.19,-0.34,0.93,78705357925.8
1998-06-11,15.4,15.33,15.7,15.11,7663,11801000.0,3.88,0.72,0.11,1.14,79274187713.7
1998-06-12,15.7,15.73,16.0,15.58,9122,14419000.0,2.74,2.61,0.4,1.35,81342659669.7
1998-06-15,15.99,15.55,15.99,15.32,4955,7739000.0,4.26,-1.14,-0.18,0.73,80411847289.5
1998-06-16,15.31,15.4,15.44,14.9,8095,12255000.0,3.47,-0.96,-0.15,1.2,79636170306.0
1998-06-17,15.43,15.18,15.75,15.0,11492,17465000.0,4.87,-1.43,-0.22,1.7,78498510730.2
1998-06-18,15.3,16.1,16.48,15.0,14519,22470000.0,9.75,6.06,0.92,2.15,83255996229.0
1998-06-19,16.15,16.32,16.48,15.88,24269,39399000.0,3.73,1.37,0.22,3.6,84393655804.8
1998-06-22,16.35,16.35,16.98,16.23,30431,50094000.0,4.6,0.18,0.03,4.51,84548791201.5
1998-06-23,16.75,16.61,17.04,16.3,29651,49428000.0,4.53,1.59,0.26,4.39,85893297972.9
1998-06-24,17.2,16.78,17.2,16.54,16488,27579000.0,3.97,1.02,0.17,2.44,86772398554.20001
1998-06-25,16.88,17.38,17.39,16.88,23517,40452000.0,3.04,3.58,0.6,3.48,89875106488.2
1998-06-26,17.45,17.38,17.6,16.99,15348,26558000.0,3.51,0.0,0.0,2.27,89875106488.2
1998-06-29,17.5,17.38,17.6,17.06,17078,29617000.0,3.11,0.0,0.0,2.53,89875106488.2
1998-06-30,17.25,16.88,17.25,16.49,11757,19764000.0,4.37,-2.88,-0.5,1.74,87289516543.2
1998-07-01,17.05,16.3,17.1,16.06,16383,26875000.0,6.16,-3.44,-0.58,2.43,84290232207.0
1998-07-02,16.2,16.48,16.5,15.55,11436,18327000.0,5.83,1.1,0.18,1.69,85221044587.2
1998-07-03,16.42,16.38,16.6,16.2,3732,6103000.0,2.43,-0.61,-0.1,0.55,84703926598.2
1998-07-06,16.45,15.89,16.55,15.83,4424,7108000.0,4.4,-2.99,-0.49,0.66,82170048452.1
1998-07-07,15.95,15.8,16.0,15.68,4112,6486000.0,2.01,-0.57,-0.09,0.61,81704642262.0
1998-07-08,15.85,16.0,16.1,15.85,3520,5625000.0,1.58,1.27,0.2,0.52,82738878240.0
1998-07-09,16.02,16.0,16.3,15.85,5265,8451000.0,2.81,0.0,0.0,0.78,82738878240.0
1998-07-10,15.96,15.97,16.05,15.65,6766,10777000.0,2.5,-0.19,-0.03,1.0,82583742843.3
1998-07-13,15.8,15.88,16.05,15.6,5031,7981000.0,2.82,-0.56,-0.09,0.75,82118336653.2
1998-07-14,15.9,15.69,15.93,15.6,5536,8718000.0,2.08,-1.2,-0.19,0.82,81135812474.09999
1998-07-15,15.68,15.2,15.7,15.1,14948,22812000.0,3.82,-3.12,-0.49,2.21,78601934328.0
1998-07-16,15.15,16.15,16.27,15.02,11636,18126000.0,8.22,6.25,0.95,1.72,83514555223.5
1998-07-17,16.07,16.2,16.69,16.07,18127,29699000.0,3.84,0.31,0.05,2.69,83773114218.0
1998-07-20,16.2,15.8,16.25,15.61,9168,14527000.0,3.95,-2.47,-0.4,1.36,81704642262.0
1998-07-21,15.8,15.9,16.0,15.62,5161,8176000.0,2.41,0.63,0.1,0.76,82221760251.0
1998-07-22,15.85,15.71,16.28,15.63,4254,6739000.0,4.09,-1.19,-0.19,0.63,81239236071.90001
1998-07-23,15.77,16.0,16.0,15.3,7308,11343000.0,4.46,1.85,0.29,1.08,82738878240.0
1998-07-24,15.98,15.79,16.15,15.6,6866,10830000.0,3.44,-1.31,-0.21,1.02,81652930463.09999
1998-07-27,15.75,15.78,16.0,15.59,8474,13362000.0,2.6,-0.06,-0.01,1.26,81601218664.2
1998-07-28,15.77,15.79,15.93,15.25,10614,16466000.0,4.31,0.06,0.01,1.57,81652930463.09999
1998-07-29,15.85,15.7,15.85,15.48,8554,13421000.0,2.34,-0.57,-0.09,1.27,81187524273.0
1998-07-30,15.65,15.6,15.76,15.2,17303,26662000.0,3.57,-0.64,-0.1,2.56,80670406284.0
1998-07-31,15.6,16.2,16.2,15.56,25185,40164000.0,4.1,3.85,0.6,3.73,83773114218.0
1998-08-03,16.3,16.05,16.45,15.7,7413,11785000.0,4.63,-0.93,-0.15,1.1,82997437234.5
1998-08-04,16.0,15.75,16.0,15.7,2857,4508000.0,1.87,-1.87,-0.3,0.42,81446083267.5
1998-08-05,15.8,15.7,15.85,15.56,6002,9415000.0,1.84,-0.32,-0.05,0.89,81187524273.0
1998-08-06,15.88,15.98,16.4,15.7,14612,23279000.0,4.46,1.78,0.28,2.16,82635454642.2
1998-08-07,15.97,15.85,15.97,15.4,4110,6433000.0,3.57,-0.81,-0.13,0.61,81963201256.5
1998-08-10,15.6,15.34,15.7,15.1,7320,11138000.0,3.79,-3.22,-0.51,1.08,79325899512.6
1998-08-11,15.25,15.7,15.7,14.8,21145,32093000.0,5.87,2.35,0.36,3.13,81187524273.0
1998-08-12,15.5,15.38,15.5,14.96,3616,5474462.0,3.44,-2.04,-0.32,0.54,79532746708.2
1998-08-13,15.35,15.36,15.4,15.01,7259,11020000.0,2.54,-0.13,-0.02,1.08,79429323110.4
1998-08-14,15.34,15.1,15.45,14.8,5102,7654000.0,4.23,-1.69,-0.26,0.76,78084816339.0
1998-08-17,15.05,14.0,15.05,13.59,8562,12093000.0,9.67,-7.28,-1.1,1.27,72396518460.0
1998-08-18,13.85,13.88,14.2,13.52,3372,4664000.0,4.86,-0.86,-0.12,0.5,71775976873.2
1998-08-19,13.84,14.3,14.55,13.65,16853,23852000.0,6.48,3.03,0.42,2.5,73947872427.0
1998-08-20,14.3,14.18,14.42,14.01,6060,8562000.0,2.87,-0.84,-0.12,0.9,73327330840.2
1998-08-21,14.15,14.23,14.3,13.8,7262,10244000.0,3.53,0.35,0.05,1.08,73585889834.7
1998-08-24,14.25,14.36,14.79,14.1,7927,11317000.0,4.85,0.91,0.13,1.17,74258143220.4
1998-08-25,15.2,14.97,15.2,14.5,16752,24841000.0,4.87,4.25,0.61,2.48,77412562953.3
1998-08-26,14.99,14.78,15.39,14.6,4277,6303581.0,5.28,-1.27,-0.19,0.63,76430038774.2
1998-08-27,14.72,15.04,15.05,14.6,10158,15092000.0,3.04,1.76,0.26,1.5,77774545545.59999
1998-08-28,15.0,14.58,15.25,14.4,4906,7207000.0,5.65,-3.06,-0.46,0.73,75395802796.2
1998-08-31,14.48,14.48,14.49,13.2,7296,10101000.0,8.85,-0.69,-0.1,1.08,74878684807.2
1998-09-01,14.38,14.0,14.38,13.75,3626,5049000.0,4.35,-3.31,-0.48,0.54,72396518460.0
1998-09-02,13.95,13.95,14.3,13.7,1423,1975000.0,4.29,-0.36,-0.05,0.21,72137959465.5
1998-09-03,13.9,13.8,14.17,13.78,2455,3416000.0,2.8,-1.08,-0.15,0.36,71362282482.0
1998-09-04,13.8,13.99,14.14,13.7,5530,7649000.0,3.19,1.38,0.19,0.82,72344806661.1
1998-09-07,14.03,13.96,14.25,13.76,3226,4477000.0,3.5,-0.21,-0.03,0.48,72189671264.40001
1998-09-08,13.9,13.75,14.0,13.65,3247,4464000.0,2.51,-1.5,-0.21,0.48,71103723487.5
1998-09-09,13.7,14.15,14.15,13.31,12052,16505000.0,6.11,2.91,0.4,1.79,73172195443.5
1998-09-10,14.27,14.99,15.09,13.92,23501,33915000.0,8.27,5.94,0.84,3.48,77515986551.1
1998-09-11,14.95,14.79,15.08,14.6,13105,19396000.0,3.2,-1.33,-0.2,1.94,76481750573.09999
1998-09-14,14.68,14.61,14.8,14.22,8015,11597000.0,3.92,-1.22,-0.18,1.19,75550938192.9
1998-09-15,14.61,15.0,15.1,14.5,21191,31489000.0,4.11,2.67,0.39,3.14,77567698350.0
1998-09-16,15.01,15.5,15.64,15.01,36348,55607000.0,4.2,3.33,0.5,5.38,80153288295.0
1998-09-17,15.49,14.96,15.6,14.7,14875,22461000.0,5.81,-3.48,-0.54,2.2,77360851154.40001
1998-09-18,14.6,14.35,14.8,14.08,11843,16982000.0,4.81,-4.08,-0.61,1.75,74206431421.5
1998-09-21,14.29,14.35,14.5,14.05,7223,10254000.0,3.14,0.0,0.0,1.07,74206431421.5
1998-09-22,14.3,14.28,14.4,14.0,5303,7498000.0,2.79,-0.49,-0.07,0.79,73844448829.2
1998-09-23,14.25,14.0,14.39,13.8,5306,7445000.0,4.13,-1.96,-0.28,0.79,72396518460.0
1998-09-24,13.97,13.95,14.2,13.68,3334,4621000.0,3.71,-0.36,-0.05,0.49,72137959465.5
1998-09-25,13.93,14.06,14.2,13.78,2861,3989000.0,3.01,0.79,0.11,0.42,72706789253.40001
1998-09-28,13.98,14.26,14.35,13.85,3359,4743000.0,3.56,1.42,0.2,0.5,73741025231.4
1998-09-29,14.26,14.08,14.4,13.92,5877,8268000.0,3.37,-1.26,-0.18,0.87,72810212851.2
1998-09-30,14.1,14.2,14.2,13.85,4870,6795000.0,2.49,0.85,0.12,0.72,73430754438.0
1998-10-05,14.21,14.24,14.3,13.96,2462,3464000.0,2.39,0.28,0.04,0.36,73637601633.6
1998-10-06,14.2,13.98,14.2,13.78,2363,3285000.0,2.95,-1.83,-0.26,0.35,72293094862.2
1998-10-07,13.97,13.74,13.98,13.64,4173,5747000.0,2.43,-1.72,-0.24,0.62,71052011688.6
1998-10-08,13.85,14.07,14.1,13.8,6924,9644000.0,2.18,2.4,0.33,1.03,72758501052.3
1998-10-09,14.1,14.0,14.15,13.9,3780,5281000.0,1.78,-0.5,-0.07,0.56,72396518460.0
1998-10-12,14.02,13.78,14.1,13.7,3978,5496000.0,2.86,-1.57,-0.22,0.59,71258858884.2
1998-10-13,13.79,13.8,13.88,13.7,2983,4109000.0,1.31,0.15,0.02,0.44,71362282482.0
1998-10-14,13.8,13.6,14.04,13.47,4266,5795000.0,4.13,-1.45,-0.2,0.63,70328046504.0
1998-10-15,13.65,13.64,13.74,13.35,4400,5947000.0,2.87,0.29,0.04,0.65,70534893699.6
1998-10-16,13.65,13.42,13.79,13.35,6472,8701000.0,3.23,-1.61,-0.22,0.96,69397234123.8
1998-10-19,13.43,13.28,13.61,13.18,8074,10714000.0,3.2,-1.04,-0.14,1.2,68673268939.2
1998-10-20,13.3,13.1,13.44,12.96,4512,5918000.0,3.61,-1.36,-0.18,0.67,67742456559.0
1998-10-21,13.1,12.85,13.1,12.65,4106,5253000.0,3.44,-1.91,-0.25,0.61,66449661586.5
1998-10-22,12.8,12.8,12.8,12.5,3391,4300000.0,2.33,-0.39,-0.05,0.5,66191102592.0
1998-10-23,12.82,13.37,13.39,12.73,8636,11339000.0,5.16,4.45,0.57,1.28,69138675129.3
1998-10-26,13.32,13.7,13.85,13.3,9710,13192000.0,4.11,2.47,0.33,1.44,70845164493.0
1998-10-27,13.7,13.62,13.87,13.5,3385,4602000.0,2.7,-0.58,-0.08,0.5,70431470101.8
1998-10-28,13.69,13.39,13.69,13.19,3052,4085000.0,3.67,-1.69,-0.23,0.45,69242098727.1
1998-10-29,13.3,13.15,13.47,13.0,2740,3596000.0,3.51,-1.79,-0.24,0.41,68001015553.5
1998-10-30,13.13,13.22,13.3,13.1,1943,2561000.0,1.52,0.53,0.07,0.29,68362998145.8
1998-11-02,13.17,13.04,13.39,12.87,2586,3355000.0,3.93,-1.36,-0.18,0.38,67432185765.6
1998-11-03,12.99,13.5,13.5,12.86,7597,9903000.0,4.91,3.53,0.46,1.13,69810928515.0
1998-11-04,13.47,13.29,13.57,13.22,1882,2500000.0,2.59,-1.56,-0.21,0.28,68724980738.09999
1998-11-05,13.29,13.19,13.33,13.0,3506,4594000.0,2.48,-0.75,-0.1,0.52,68207862749.1
1998-11-06,13.2,13.72,13.79,13.2,16496,22346000.0,4.47,4.02,0.53,2.44,70948588090.8
1998-11-09,13.75,14.08,14.14,13.6,19879,27711000.0,3.94,2.62,0.36,2.95,72810212851.2
1998-11-10,14.09,14.05,14.15,13.8,6485,9037000.0,2.49,-0.21,-0.03,0.96,72655077454.5
1998-11-11,14.0,13.94,14.0,13.76,5967,8263000.0,1.71,-0.78,-0.11,0.88,72086247666.59999
1998-11-12,13.95,13.8,14.0,13.65,4249,5868000.0,2.51,-1.0,-0.14,0.63,71362282482.0
1998-11-13,13.79,13.8,13.85,13.6,4058,5551000.0,1.81,0.0,0.0,0.6,71362282482.0
1998-11-16,13.8,13.94,13.95,13.62,3524,4867000.0,2.39,1.01,0.14,0.52,72086247666.59999
1998-11-17,14.1,13.84,14.1,13.7,2521,3495000.0,2.87,-0.72,-0.1,0.37,71569129677.6
1998-11-18,13.84,13.69,13.9,13.55,2218,3038000.0,2.53,-1.08,-0.15,0.33,70793452694.09999
1998-11-19,13.63,13.4,13.7,13.3,6594,8831000.0,2.92,-2.12,-0.29,0.98,69293810526.0
1998-11-20,13.4,13.39,13.48,13.2,3568,4741000.0,2.09,-0.07,-0.01,0.53,69242098727.1
1998-11-23,13.35,13.43,13.48,13.32,2737,3659000.0,1.19,0.3,0.04,0.41,69448945922.7
1998-11-24,13.39,13.3,13.44,13.18,4268,5664000.0,1.94,-0.97,-0.13,0.63,68776692537.0
1998-11-25,13.29,13.3,13.4,13.08,2577,3404000.0,2.41,0.0,0.0,0.38,68776692537.0
1998-11-26,13.28,13.17,13.29,13.0,2542,3335000.0,2.18,-0.98,-0.13,0.38,68104439151.3
1998-11-27,13.15,13.13,13.28,13.02,2978,3901000.0,1.97,-0.3,-0.04,0.44,67897591955.700005
1998-11-30,13.12,13.4,13.48,13.12,2594,3440000.0,2.74,2.06,0.27,0.38,69293810526.0
1998-12-01,13.42,13.26,13.43,13.1,1937,2558000.0,2.46,-1.04,-0.14,0.29,68569845341.4
1998-12-02,13.23,13.56,13.56,13.17,6128,8248000.0,2.94,2.26,0.3,0.91,70121199308.40001
1998-12-03,13.52,13.86,13.89,13.5,11368,15606000.0,2.88,2.21,0.3,1.68,71672553275.4
1998-12-04,13.87,13.8,13.92,13.55,4747,6490000.0,2.67,-0.43,-0.06,0.7,71362282482.0
1998-12-07,13.92,13.78,13.96,13.7,7448,10277000.0,1.88,-0.14,-0.02,1.1,71258858884.2
1998-12-08,13.76,13.59,13.8,13.48,3428,4652000.0,2.32,-1.38,-0.19,0.51,70276334705.1
1998-12-09,13.58,13.59,13.68,13.5,1637,2219000.0,1.32,0.0,0.0,0.24,70276334705.1
1998-12-10,13.59,13.6,13.74,13.5,1351,1840000.0,1.77,0.07,0.01,0.2,70328046504.0
1998-12-11,13.59,13.66,13.67,13.51,1806,2458000.0,1.18,0.44,0.06,0.27,70638317297.4
1998-12-14,13.7,13.4,13.8,13.28,1462,1988000.0,3.81,-1.9,-0.26,0.22,69293810526.0
1998-12-15,13.4,13.26,13.4,13.0,2783,3654000.0,2.99,-1.04,-0.14,0.41,68569845341.4
1998-12-16,13.22,13.24,13.39,13.05,2303,3047000.0,2.56,-0.15,-0.02,0.34,68466421743.6
1998-12-17,13.19,13.0,13.36,12.89,1359,1766000.0,3.55,-1.81,-0.24,0.2,67225338570.0
1998-12-18,13.0,13.05,13.2,12.88,1535,2001000.0,2.46,0.38,0.05,0.23,67483897564.5
1998-12-21,12.99,12.98,13.14,12.91,484,627000.0,1.76,-0.54,-0.07,0.07,67121914972.200005
1998-12-22,12.98,13.13,13.15,12.91,6344,8272000.0,1.85,1.16,0.15,0.94,67897591955.700005
1998-12-23,13.17,13.0,13.25,12.85,4537,5892000.0,3.05,-0.99,-0.13,0.67,67225338570.0
1998-12-24,12.99,12.99,13.14,12.7,2845,3664000.0,3.38,-0.08,-0.01,0.42,67173626771.1
1998-12-25,12.98,12.93,12.99,12.68,2604,3324000.0,2.39,-0.46,-0.06,0.39,66863355977.7
1998-12-28,12.91,13.19,13.29,12.88,17839,23245000.0,3.17,2.01,0.26,2.64,68207862749.1
1998-12-29,13.19,12.95,13.19,12.8,1346,1740000.0,2.96,-1.82,-0.24,0.2,66966779575.5
1998-12-30,12.93,12.94,13.0,12.59,16018,20422000.0,3.17,-0.08,-0.01,2.37,66915067776.6
1998-12-31,12.95,12.94,13.0,12.75,5160,6658000.0,1.93,0.0,0.0,0.76,66915067776.6
1999-01-04,12.94,12.67,12.94,12.6,527,670000.0,2.63,-2.09,-0.27,0.08,65518849206.3
1999-01-05,12.72,12.54,12.72,12.5,1605,2016000.0,1.74,-1.03,-0.13,0.24,64846595820.6
1999-01-06,12.54,12.55,12.65,12.38,2947,3679000.0,2.15,0.08,0.01,0.44,64898307619.5
1999-01-07,12.55,12.54,12.64,12.4,1759,2190000.0,1.91,-0.08,-0.01,0.26,64846595820.6
1999-01-08,12.48,12.83,12.93,12.46,3458,4391000.0,3.75,2.31,0.29,0.51,66346237988.7
1999-01-11,12.85,12.6,12.95,12.47,3454,4335000.0,3.74,-1.79,-0.23,0.51,65156866614.0
1999-01-12,12.62,12.47,12.69,12.35,2752,3417000.0,2.7,-1.03,-0.13,0.41,64484613228.3
1999-01-13,12.47,12.0,12.47,11.98,4042,4898000.0,3.93,-3.77,-0.47,0.6,62054158680.0
1999-01-14,12.0,11.8,12.2,11.6,3767,4429000.0,5.0,-1.67,-0.2,0.56,61019922702.0
1999-01-15,11.79,11.8,11.9,11.73,1421,1677000.0,1.44,0.0,0.0,0.21,61019922702.0
1999-01-18,11.8,12.2,12.2,11.8,2475,2962000.0,3.39,3.39,0.4,0.37,63088394658.0
1999-01-19,12.17,12.21,12.28,12.08,6413,7812000.0,1.64,0.08,0.01,0.95,63140106456.9
1999-01-20,12.2,12.45,12.52,12.2,7163,8886000.0,2.62,1.97,0.24,1.06,64381189630.5
1999-01-21,12.43,12.72,12.75,12.43,9348,11755000.0,2.57,2.17,0.27,1.38,65777408200.8
1999-01-22,12.72,12.66,12.82,12.56,5963,7550000.0,2.04,-0.47,-0.06,0.88,65467137407.4
1999-01-25,12.63,12.52,12.69,12.4,4151,5212000.0,2.29,-1.11,-0.14,0.61,64743172222.799995
1999-01-26,12.52,12.43,12.65,12.0,4260,5313000.0,5.19,-0.72,-0.09,0.63,64277766032.7
1999-01-27,12.39,12.4,12.5,12.22,2551,3158000.0,2.25,-0.24,-0.03,0.38,64122630636.0
1999-01-28,12.4,12.43,12.68,12.3,3692,4637000.0,3.06,0.24,0.03,0.55,64277766032.7
1999-01-29,12.43,12.23,12.69,12.01,1710,2087000.0,5.47,-1.61,-0.2,0.25,63243530054.700005
1999-02-01,12.23,12.08,12.34,11.9,2604,3141000.0,3.6,-1.23,-0.15,0.39,62467853071.2
1999-02-02,12.08,11.92,12.08,11.8,1552,1841000.0,2.32,-1.32,-0.16,0.23,61640464288.8
1999-02-03,11.91,11.89,12.0,11.8,441,524000.0,1.68,-0.25,-0.03,0.07,61485328892.100006
1999-02-04,11.89,11.9,12.3,11.86,710,847000.0,3.7,0.08,0.01,0.11,61537040691.0
1999-02-05,11.91,11.67,12.0,11.45,1678,1951000.0,4.62,-1.93,-0.23,0.25,60347669316.3
1999-02-08,11.65,11.26,11.65,11.08,1614,1826000.0,4.88,-3.51,-0.41,0.24,58227485561.4
1999-02-09,11.17,11.5,11.69,11.15,1607,1823000.0,4.8,2.13,0.24,0.24,59468568735.0
1999-03-01,11.47,11.5,11.63,11.3,362,415000.0,2.87,0.0,0.0,0.05,59468568735.0
1999-03-02,11.46,11.4,11.53,11.35,228,261000.0,1.57,-0.87,-0.1,0.03,58951450746.0
1999-03-03,11.42,11.59,11.67,11.36,871,1002000.0,2.72,1.67,0.19,0.13,59933974925.1
1999-03-04,11.65,11.89,11.9,11.65,2139,2519000.0,2.16,2.59,0.3,0.32,61485328892.100006
1999-03-05,11.85,11.85,12.15,11.65,1431,1696000.0,4.21,-0.34,-0.04,0.21,61278481696.5
1999-03-08,11.83,11.68,11.92,11.48,1598,1847000.0,3.71,-1.43,-0.17,0.24,60399381115.2
1999-03-09,11.66,11.48,11.75,11.37,1800,2064000.0,3.25,-1.71,-0.2,0.27,59365145137.200005
1999-03-10,11.52,12.06,12.06,11.5,14175,16777000.0,4.88,5.05,0.58,2.1,62364429473.4
1999-03-11,12.06,12.25,12.5,12.04,13831,16991000.0,3.81,1.58,0.19,2.05,63346953652.5
1999-03-12,12.27,12.12,12.35,12.04,4560,5525000.0,2.53,-1.06,-0.13,0.68,62674700266.799995
1999-03-15,12.12,12.27,12.45,12.12,7222,8849000.0,2.72,1.24,0.15,1.07,63450377250.299995
1999-03-16,12.29,12.22,12.4,12.1,2861,3474000.0,2.44,-0.41,-0.05,0.42,63191818255.8
1999-03-17,12.25,12.18,12.45,12.1,4203,5152000.0,2.86,-0.33,-0.04,0.62,62984971060.2
1999-03-18,12.15,12.15,12.18,11.8,5610,6704000.0,3.12,-0.25,-0.03,0.83,62829835663.5
1999-03-19,12.0,12.15,12.25,11.9,5261,6350000.0,2.88,0.0,0.0,0.78,62829835663.5
1999-03-22,12.22,12.0,12.22,11.9,2977,3570000.0,2.63,-1.23,-0.15,0.44,62054158680.0
1999-03-23,11.98,11.86,12.08,11.75,3571,4250000.0,2.75,-1.17,-0.14,0.53,61330193495.399994
1999-03-24,11.8,11.75,11.95,11.68,3317,3897000.0,2.28,-0.93,-0.11,0.49,60761363707.5
1999-03-25,11.78,11.45,11.78,11.26,10774,12326000.0,4.43,-2.55,-0.3,1.6,59210009740.5
1999-03-26,11.45,11.5,11.57,11.26,5634,6395000.0,2.71,0.44,0.05,0.83,59468568735.0
1999-03-29,11.46,11.65,11.75,11.33,22464,25968000.0,3.65,1.3,0.15,3.33,60244245718.5
1999-03-30,11.45,11.19,11.67,11.1,17181,19549000.0,4.89,-3.95,-0.46,2.55,57865502969.1
1999-03-31,11.19,10.96,11.19,10.85,5170,5690000.0,3.04,-2.06,-0.23,0.77,56676131594.4
1999-04-01,10.95,11.18,11.35,10.95,4217,4698000.0,3.65,2.01,0.22,0.62,57813791170.2
1999-04-02,11.2,11.0,11.33,10.88,6367,7006000.0,4.03,-1.61,-0.18,0.94,56882978790.0
1999-04-05,11.05,11.21,11.34,10.72,8567,9325000.0,5.64,1.91,0.21,1.27,57968926566.9
1999-04-06,11.2,11.2,11.29,11.01,4005,4468000.0,2.5,-0.09,-0.01,0.59,57917214768.0
1999-04-07,11.18,11.01,11.2,10.88,4555,5016000.0,2.86,-1.7,-0.19,0.67,56934690588.9
1999-04-08,11.0,11.06,11.27,10.91,5513,6102000.0,3.27,0.45,0.05,0.82,57193249583.4
1999-04-09,11.06,11.45,11.62,10.97,15049,17127000.0,5.88,3.53,0.39,2.23,59210009740.5
1999-04-12,11.47,11.58,11.79,11.47,14464,16794000.0,2.79,1.14,0.13,2.14,59882263126.2
1999-04-13,11.58,11.47,11.61,11.2,4755,5420000.0,3.54,-0.95,-0.11,0.7,59313433338.3
1999-04-14,11.45,11.26,11.47,11.15,3383,3803000.0,2.79,-1.83,-0.21,0.5,58227485561.4
1999-04-15,11.26,11.13,11.3,11.0,3948,4379000.0,2.66,-1.15,-0.13,0.58,57555232175.700005
1999-04-16,11.08,11.3,11.34,10.98,4826,5346000.0,3.23,1.53,0.17,0.71,58434332757.0
1999-04-19,11.21,11.14,11.3,11.01,1636,1821000.0,2.57,-1.42,-0.16,0.24,57606943974.600006
1999-04-20,11.14,11.15,11.3,10.95,2865,3166000.0,3.14,0.09,0.01,0.42,57658655773.5
1999-04-21,11.19,11.09,11.19,10.96,2360,2599000.0,2.06,-0.54,-0.06,0.35,57348384980.1
1999-04-22,11.05,11.03,11.09,10.93,5517,6069000.0,1.44,-0.54,-0.06,0.82,57038114186.7
1999-04-23,11.06,11.01,11.15,10.98,2855,3141000.0,1.54,-0.18,-0.02,0.42,56934690588.9
1999-04-26,11.01,11.14,11.3,11.01,5496,6125000.0,2.63,1.18,0.13,0.81,57606943974.600006
1999-04-27,11.11,11.16,11.45,11.0,6524,7337000.0,4.04,0.18,0.02,0.97,57710367572.4
1999-04-28,11.2,11.46,11.62,11.2,8130,9339000.0,3.76,2.69,0.3,1.2,59261721539.4
1999-04-29,11.56,11.93,12.1,11.56,23045,27416000.0,4.71,4.1,0.47,3.41,61692176087.7
1999-04-30,11.98,12.04,12.28,11.83,19281,23240000.0,3.77,0.92,0.11,2.86,62261005875.6
1999-05-04,12.04,12.01,12.2,11.88,8234,9922000.0,2.66,-0.25,-0.03,1.22,62105870478.9
1999-05-06,12.08,12.05,12.1,11.79,5550,6640000.0,2.58,0.33,0.04,0.82,62312717674.5
1999-05-07,12.02,12.08,12.19,11.89,6835,8214000.0,2.49,0.25,0.03,1.01,62467853071.2
1999-05-10,11.82,11.74,12.0,11.57,7837,9222000.0,3.56,-2.81,-0.34,1.16,60709651908.6
1999-05-11,11.61,11.86,11.99,11.61,5910,6936000.0,3.24,1.02,0.12,0.88,61330193495.399994
1999-05-12,11.88,12.33,12.45,11.88,12055,14825000.0,4.81,3.96,0.47,1.79,63760648043.7
1999-05-13,12.35,12.3,12.4,12.2,5610,6890000.0,1.62,-0.24,-0.03,0.83,63605512647.0
1999-05-14,12.3,11.99,12.48,11.8,7566,9219000.0,5.53,-2.52,-0.31,1.12,62002446881.1
1999-05-17,11.8,12.48,12.49,11.8,11023,13494000.0,5.75,4.09,0.49,1.63,64536325027.200005
1999-05-18,12.7,12.45,12.8,12.34,11851,14902000.0,3.69,-0.24,-0.03,1.76,64381189630.5
1999-05-19,12.45,13.5,13.5,12.38,52166,68080000.0,9.0,8.43,1.05,7.73,69810928515.0
1999-05-20,13.5,13.59,13.8,13.17,48915,66152000.0,4.67,0.67,0.09,7.25,70276334705.1
1999-05-21,13.6,14.29,14.5,13.35,77204,108550000.0,8.46,5.15,0.7,11.44,73896160628.09999
1999-05-24,14.5,15.72,15.72,14.35,123764,190184000.0,9.59,10.01,1.43,18.34,81290947870.8
1999-05-25,15.85,15.15,16.1,14.8,77362,120080000.0,8.27,-3.63,-0.57,11.46,78343375333.5
1999-05-26,15.1,15.2,15.45,14.76,46854,70798000.0,4.55,0.33,0.05,6.94,78601934328.0
1999-05-27,15.4,15.8,16.2,15.28,66262,104170000.0,6.05,3.95,0.6,9.82,81704642262.0
1999-05-28,15.8,16.35,16.82,15.2,98585,158732000.0,10.25,3.48,0.55,14.61,84548791201.5
1999-05-31,16.48,16.15,16.7,15.31,52555,83867000.0,8.5,-1.22,-0.2,7.79,83514555223.5
1999-06-01,16.09,15.7,16.15,15.48,31714,49978000.0,4.15,-2.79,-0.45,4.7,81187524273.0
1999-06-02,15.6,15.1,16.19,14.91,44814,69687000.0,8.15,-3.82,-0.6,6.64,78084816339.0
1999-06-03,14.98,15.29,15.55,14.6,37311,56014000.0,6.29,1.26,0.19,5.53,79067340518.09999
1999-06-04,15.3,15.05,15.6,14.98,18013,27465000.0,4.05,-1.57,-0.24,2.67,77826257344.5
1999-06-07,15.0,15.0,15.7,14.8,37213,57245000.0,5.98,-0.33,-0.05,5.51,77567698350.0
1999-06-08,15.2,16.5,16.5,15.2,142009,229941000.0,8.67,10.0,1.5,16.61,85324468185.0
1999-06-09,17.32,16.6,17.5,16.5,112118,189257000.0,6.06,0.61,0.1,13.11,85841586174.0
1999-06-10,16.6,16.29,16.98,15.98,49843,82172000.0,6.02,-1.87,-0.31,5.83,84238520408.09999
1999-06-11,16.29,17.92,17.92,16.29,102207,179598000.0,10.01,10.01,1.63,11.95,92667543628.8
1999-06-14,18.11,18.1,18.5,17.81,48353,87411000.0,3.85,1.0,0.18,5.66,93598356009.0
1999-06-15,18.21,17.3,19.0,16.31,63322,114544000.0,14.86,-4.42,-0.8,7.41,89461412097.0
1999-06-16,17.5,19.03,19.03,17.31,100613,187530000.0,9.94,10.0,1.73,11.77,98407553306.70001
1999-06-17,19.2,19.9,20.1,18.45,57103,108791000.0,8.67,4.57,0.87,6.68,102906479811.0
1999-06-18,19.8,19.05,19.8,18.68,27659,52633000.0,5.63,-4.27,-0.85,3.23,98510976904.5
1999-06-21,19.05,18.45,19.05,18.0,26973,49699000.0,5.51,-3.15,-0.6,3.15,95408268970.5
1999-06-22,18.39,18.39,18.78,17.95,29778,54530000.0,4.5,-0.33,-0.06,3.48,95097998177.1
1999-06-23,18.51,19.53,19.78,18.11,56679,106631000.0,9.08,6.2,1.14,6.63,100993143251.70001
1999-06-24,19.5,19.0,20.2,18.7,76288,148191000.0,7.68,-2.71,-0.53,8.92,98252417910.0
1999-06-25,19.0,18.0,19.43,17.7,58299,108042000.0,9.11,-5.26,-1.0,6.82,93081238020.0
1999-06-28,18.0,19.1,19.8,17.58,67724,128486000.0,12.33,6.11,1.1,7.92,98769535899.0
1999-06-29,19.5,18.5,19.53,17.88,53954,99167000.0,8.64,-3.14,-0.6,6.31,95666827965.0
1999-06-30,18.4,17.2,18.4,16.65,53502,91744000.0,9.46,-7.03,-1.3,6.26,88944294108.0
1999-07-01,16.95,15.6,16.95,15.48,35959,56966000.0,8.55,-9.3,-1.6,4.21,80670406284.0
1999-07-02,15.7,15.9,16.38,15.2,13188,20785000.0,7.56,1.92,0.3,1.54,82221760251.0
1999-07-05,15.89,14.7,15.9,14.5,14734,22072000.0,8.81,-7.55,-1.2,1.72,76016344383.0
1999-07-06,14.5,14.98,15.5,14.36,8549,12837000.0,7.76,1.9,0.28,1.0,77464274752.2
1999-07-07,15.02,15.75,15.75,15.02,14932,22944000.0,4.87,5.14,0.77,1.75,81446083267.5
1999-07-08,15.8,15.7,15.8,15.0,6133,9430446.0,5.08,-0.32,-0.05,0.72,81187524273.0
1999-07-09,15.5,15.6,15.6,15.11,7442,11417000.0,3.12,-0.64,-0.1,0.87,80670406284.0
1999-07-12,15.5,15.27,15.5,15.0,7303,11078690.0,3.21,-2.12,-0.33,0.85,78963916920.3
1999-07-13,14.97,15.0,15.35,14.6,4794,7173000.0,4.91,-1.77,-0.27,0.56,77567698350.0
1999-07-14,14.97,15.2,15.2,14.89,6328,9541000.0,2.07,1.33,0.2,0.74,78601934328.0
1999-07-15,15.2,15.79,15.85,15.0,19098,29750000.0,5.59,3.88,0.59,2.23,81652930463.09999
1999-07-16,15.77,14.79,15.97,14.65,18764,28082000.0,8.36,-6.33,-1.0,2.19,76481750573.09999
1999-07-19,14.7,14.79,15.45,14.5,13943,21037000.0,6.42,0.0,0.0,1.63,76481750573.09999
1999-07-20,14.81,15.77,15.8,14.58,23601,36179000.0,8.25,6.63,0.98,2.76,81549506865.3
1999-07-21,15.95,17.0,17.35,15.86,55122,90809000.0,9.45,7.8,1.23,6.45,87910058130.0
1999-07-22,16.96,15.99,16.96,15.85,24453,39816000.0,6.53,-5.94,-1.01,2.86,82687166441.1
1999-07-23,15.9,16.3,16.75,15.88,13377,21799000.0,5.44,1.94,0.31,1.56,84290232207.0
1999-07-26,16.38,16.24,16.8,15.9,5970,9637000.0,5.52,-0.37,-0.06,0.7,83979961413.59999
1999-07-27,16.2,15.76,16.2,15.6,7145,11259000.0,3.69,-2.96,-0.48,0.84,81497795066.4
1999-07-28,15.8,16.05,16.1,15.76,5421,8665000.0,2.16,1.84,0.29,0.63,82997437234.5
1999-07-29,16.05,15.75,16.38,15.45,8202,12806000.0,5.79,-1.87,-0.3,0.96,81446083267.5
1999-07-30,15.75,15.69,15.9,15.31,7038,10855647.0,3.75,-0.38,-0.06,0.82,81135812474.09999
1999-08-02,15.65,15.65,15.8,15.45,4193,6533000.0,2.23,-0.25,-0.04,0.49,80928965278.5
1999-08-03,15.7,15.8,15.95,15.59,5229,8226000.0,2.3,0.96,0.15,0.61,81704642262.0
1999-08-04,15.75,16.96,17.0,15.61,39857,66615000.0,8.8,7.34,1.16,4.66,87703210934.40001
1999-08-05,16.9,17.05,17.33,16.45,26693,45235000.0,5.19,0.53,0.09,3.12,88168617124.5
1999-08-06,17.1,17.05,17.39,16.4,13931,23482000.0,5.81,0.0,0.0,1.63,88168617124.5
1999-08-09,17.1,16.83,17.19,16.6,9259,15541000.0,3.46,-1.29,-0.22,1.08,87030957548.7
1999-08-10,16.79,16.5,16.85,16.3,7189,11866000.0,3.27,-1.96,-0.33,0.84,85324468185.0
1999-08-11,16.38,16.27,16.5,16.09,4853,7896000.0,2.48,-1.39,-0.23,0.57,84135096810.3
1999-08-12,16.22,16.24,16.47,16.14,3977,6461000.0,2.03,-0.18,-0.03,0.47,83979961413.59999
1999-08-13,16.3,16.35,16.52,16.18,4067,6654000.0,2.09,0.68,0.11,0.48,84548791201.5
1999-08-16,16.5,16.2,16.5,15.88,5456,8779000.0,3.79,-0.92,-0.15,0.64,83773114218.0
1999-08-17,16.17,15.8,16.5,15.55,10728,17073000.0,5.86,-2.47,-0.4,1.25,81704642262.0
1999-08-18,15.78,15.92,15.92,15.45,4479,6970000.0,2.97,0.76,0.12,0.52,82325183848.8
1999-08-19,15.78,16.17,16.5,15.78,9141,14798000.0,4.52,1.57,0.25,1.07,83617978821.3
1999-08-20,16.25,16.3,16.55,16.17,8020,13111000.0,2.35,0.8,0.13,0.94,84290232207.0
1999-08-23,16.3,16.79,16.9,16.3,7624,12771000.0,3.68,3.01,0.49,0.89,86824110353.09999
1999-08-24,16.79,16.66,16.96,16.5,6165,10300000.0,2.74,-0.77,-0.13,0.72,86151856967.4
1999-08-25,16.7,16.94,17.25,16.6,17987,30529000.0,3.9,1.68,0.28,2.1,87599787336.6
1999-08-26,16.23,17.03,17.1,16.23,7294,12356000.0,5.14,0.53,0.09,0.85,88065193526.70001
1999-08-27,17.05,16.89,17.17,16.78,6587,11159000.0,2.29,-0.82,-0.14,0.77,87341228342.1
1999-08-30,16.89,16.65,17.1,16.22,8118,13399000.0,5.21,-1.42,-0.24,0.95,86100145168.5
1999-08-31,16.75,16.6,16.78,16.05,5640,9263000.0,4.38,-0.3,-0.05,0.66,85841586174.0
1999-09-01,16.58,16.52,16.8,16.3,4701,7744000.0,3.01,-0.48,-0.08,0.55,85427891782.8
1999-09-02,16.5,16.9,16.97,16.2,6220,10328000.0,4.66,2.3,0.38,0.73,87392940141.0
1999-09-03,17.0,16.7,17.0,16.45,5564,9295000.0,3.25,-1.18,-0.2,0.65,86358704163.0
1999-09-06,16.69,16.53,16.69,16.35,3129,5157000.0,2.04,-1.02,-0.17,0.37,85479603581.70001
1999-09-07,16.47,16.5,16.77,16.3,1918,3158000.0,2.84,-0.18,-0.03,0.22,85324468185.0
1999-09-08,16.47,16.47,16.66,16.23,2736,4489000.0,2.61,-0.18,-0.03,0.32,85169332788.29999
1999-09-09,16.52,18.04,18.11,16.52,46479,81221000.0,9.65,9.53,1.57,5.44,93288085215.59999
1999-09-10,18.06,17.6,18.19,17.35,20191,35793000.0,4.66,-2.44,-0.44,2.36,91012766064.0
1999-09-13,17.5,17.62,18.0,17.49,8739,15384000.0,2.9,0.11,0.02,1.02,91116189661.8
1999-09-14,17.63,17.42,17.77,17.1,10018,17409000.0,3.8,-1.14,-0.2,1.17,90081953683.8
1999-09-15,17.4,16.97,17.5,16.8,9163,15695000.0,4.02,-2.58,-0.45,1.07,87754922733.29999
1999-09-16,16.97,16.8,17.05,16.63,5417,9085000.0,2.47,-1.0,-0.17,0.63,86875822152.0
1999-09-17,16.78,16.98,17.5,16.58,6428,10769000.0,5.48,1.07,0.18,0.75,87806634532.2
1999-09-20,16.95,16.85,16.95,16.56,3599,5998000.0,2.3,-0.77,-0.13,0.42,87134381146.5
1999-09-21,16.7,16.79,16.79,16.55,2829,4703000.0,1.42,-0.36,-0.06,0.33,86824110353.09999
1999-09-22,16.77,16.79,17.2,16.68,1840,3087000.0,3.1,0.0,0.0,0.22,86824110353.09999
1999-09-23,16.8,16.91,16.98,16.5,2873,4791807.0,2.86,0.71,0.12,0.34,87444651939.9
1999-09-24,16.9,16.95,17.29,16.7,2210,3732000.0,3.49,0.24,0.04,0.26,87651499135.5
1999-09-27,17.01,16.8,17.2,16.56,3285,5479000.0,3.78,-0.88,-0.15,0.38,86875822152.0
1999-09-28,16.78,16.5,16.99,16.4,2746,4551000.0,3.51,-1.79,-0.3,0.32,85324468185.0
1999-09-29,16.6,16.62,16.95,16.35,2516,4149000.0,3.64,0.73,0.12,0.29,85945009771.8
1999-09-30,16.73,16.6,16.73,16.42,1835,3039000.0,1.87,-0.12,-0.02,0.21,85841586174.0
1999-10-08,16.57,16.25,16.57,15.92,2187,3522000.0,3.92,-2.11,-0.35,0.26,84031673212.5
1999-10-11,16.16,16.0,16.16,15.8,1044,1664000.0,2.22,-1.54,-0.25,0.12,82738878240.0
1999-10-12,16.03,16.18,16.48,15.82,1887,3036000.0,4.13,1.13,0.18,0.22,83669690620.2
1999-10-13,16.1,15.97,16.25,15.68,1444,2287000.0,3.52,-1.3,-0.21,0.17,82583742843.3
1999-10-14,15.9,15.8,16.1,15.65,1167,1847000.0,2.82,-1.06,-0.17,0.14,81704642262.0
1999-10-15,16.0,16.1,16.1,15.7,3132,4986000.0,2.53,1.9,0.3,0.37,83255996229.0
1999-10-18,16.1,15.68,16.24,15.46,1383,2164000.0,4.84,-2.61,-0.42,0.16,81084100675.2
1999-10-19,15.5,15.05,15.5,14.88,2688,4058000.0,3.95,-4.02,-0.63,0.31,77826257344.5
1999-10-20,15.0,15.28,15.28,14.46,4532,6707000.0,5.45,1.53,0.23,0.53,79015628719.2
1999-10-21,15.08,14.92,15.44,14.59,3565,5244000.0,5.56,-2.36,-0.36,0.42,77154003958.8
1999-10-22,14.84,15.7,15.85,14.75,8736,13451000.0,7.37,5.23,0.78,1.02,81187524273.0
1999-10-25,15.6,15.25,15.6,15.06,3061,4642000.0,3.44,-2.87,-0.45,0.36,78860493322.5
1999-10-26,15.23,15.17,15.8,14.85,7600,11609000.0,6.23,-0.52,-0.08,0.89,78446798931.3
1999-10-27,15.36,15.78,15.85,15.2,18059,28162000.0,4.28,4.02,0.61,2.11,81601218664.2
1999-10-28,15.77,15.5,15.8,15.2,3920,6054000.0,3.8,-1.77,-0.28,0.46,80153288295.0
1999-10-29,15.42,15.28,15.65,14.98,2804,4252000.0,4.32,-1.42,-0.22,0.33,79015628719.2
1999-11-01,15.2,15.05,15.45,14.95,2628,3956000.0,3.27,-1.51,-0.23,0.31,77826257344.5
1999-11-02,15.0,14.97,15.1,14.45,6660,9745000.0,4.32,-0.53,-0.08,0.78,77412562953.3
1999-11-03,14.9,14.62,14.9,14.48,4795,6985000.0,2.81,-2.34,-0.35,0.56,75602649991.8
1999-11-04,14.58,14.27,14.58,14.1,4769,6799000.0,3.28,-2.39,-0.35,0.56,73792737030.3
1999-11-05,14.16,14.15,14.3,14.05,3169,4490000.0,1.75,-0.84,-0.12,0.37,73172195443.5
1999-11-08,14.1,13.79,14.2,13.58,8200,11291000.0,4.38,-2.54,-0.36,0.96,71310570683.09999
1999-11-09,13.75,13.5,14.01,13.4,8216,11137000.0,4.42,-2.1,-0.29,0.96,69810928515.0
1999-11-10,13.44,13.26,13.6,12.98,6899,9048000.0,4.59,-1.78,-0.24,0.81,68569845341.4
1999-11-11,13.25,13.79,13.79,13.11,3663,4875000.0,5.13,4.0,0.53,0.43,71310570683.09999
1999-11-12,13.7,13.59,13.7,13.4,1669,2266000.0,2.18,-1.45,-0.2,0.2,70276334705.1
1999-11-15,13.57,13.88,14.26,13.28,4461,6134000.0,7.21,2.13,0.29,0.52,71775976873.2
1999-11-16,13.98,13.98,14.3,13.79,4854,6798000.0,3.67,0.72,0.1,0.57,72293094862.2
1999-11-17,13.9,14.04,14.08,13.68,4045,5622000.0,2.86,0.43,0.06,0.47,72603365655.59999
1999-11-18,14.1,14.19,14.46,13.81,5465,7756000.0,4.63,1.07,0.15,0.64,73379042639.09999
1999-11-19,14.78,14.19,14.78,14.1,3020,4327000.0,4.79,0.0,0.0,0.35,73379042639.09999
1999-11-22,14.15,13.8,14.29,13.65,3537,4903000.0,4.51,-2.75,-0.39,0.41,71362282482.0
1999-11-23,13.78,13.79,13.9,13.5,1687,2312000.0,2.9,-0.07,-0.01,0.2,71310570683.09999
1999-11-24,13.75,13.5,13.75,13.3,4147,5566000.0,3.26,-2.1,-0.29,0.49,69810928515.0
1999-11-25,13.47,13.28,13.65,13.15,3628,4793000.0,3.7,-1.63,-0.22,0.42,68673268939.2
1999-11-26,13.28,13.28,13.29,13.24,2445,3242000.0,0.38,0.0,0.0,0.29,68673268939.2
1999-11-29,13.28,13.15,13.29,13.01,3081,4037000.0,2.11,-0.98,-0.13,0.36,68001015553.5
1999-11-30,13.15,13.13,13.15,13.01,2791,3649000.0,1.06,-0.15,-0.02,0.33,67897591955.700005
1999-12-01,13.13,13.31,13.31,13.01,9193,12073000.0,2.28,1.37,0.18,1.08,68828404335.90001
1999-12-02,13.3,13.13,13.31,13.02,3580,4697000.0,2.18,-1.35,-0.18,0.42,67897591955.700005
1999-12-03,13.1,13.13,13.13,13.02,2788,3642000.0,0.84,0.0,0.0,0.33,67897591955.700005
1999-12-06,13.1,12.77,13.1,12.58,5021,6446000.0,3.96,-2.74,-0.36,0.59,66035967195.299995
1999-12-07,12.7,12.78,12.88,12.6,5397,6862000.0,2.19,0.08,0.01,0.63,66087678994.2
1999-12-08,12.71,13.06,13.46,12.71,28787,37720000.0,5.87,2.19,0.28,3.37,67535609363.4
1999-12-09,13.08,12.8,13.19,12.73,4742,6075000.0,3.52,-1.99,-0.26,0.55,66191102592.0
1999-12-10,12.82,12.98,13.02,12.67,12648,16233000.0,2.73,1.41,0.18,1.48,67121914972.200005
1999-12-13,13.0,12.87,13.18,12.83,6776,8800000.0,2.7,-0.85,-0.11,0.79,66553085184.299995
1999-12-14,13.05,12.77,13.05,12.68,3557,4535000.0,2.87,-0.78,-0.1,0.42,66035967195.299995
1999-12-15,12.8,13.3,13.75,12.64,21034,27814000.0,8.69,4.15,0.53,2.46,68776692537.0
1999-12-16,13.3,12.99,13.3,12.9,8031,10518000.0,3.01,-2.33,-0.31,0.94,67173626771.1
1999-12-17,13.05,12.95,13.13,12.8,4333,5593000.0,2.54,-0.31,-0.04,0.51,66966779575.5
1999-12-21,12.9,12.73,13.06,12.59,4714,5995000.0,3.63,-1.7,-0.22,0.55,65829119999.700005
1999-12-22,12.73,12.4,12.88,12.25,7396,9171000.0,4.95,-2.59,-0.33,0.87,64122630636.0
1999-12-23,12.38,12.15,12.38,11.92,6016,7245000.0,3.71,-2.02,-0.25,0.7,62829835663.5
1999-12-24,12.06,12.1,12.27,11.9,8895,10650000.0,3.05,-0.41,-0.05,1.04,62571276669.0
1999-12-27,12.06,12.12,12.24,11.91,6671,8042000.0,2.73,0.17,0.02,0.78,62674700266.799995
1999-12-28,12.09,12.13,12.29,11.97,7342,8888000.0,2.64,0.08,0.01,0.86,62726412065.700005
1999-12-29,12.1,12.18,12.3,11.99,4800,5807000.0,2.56,0.41,0.05,0.56,62984971060.2
1999-12-30,12.25,12.5,12.67,12.19,18519,23058000.0,3.94,2.63,0.32,2.17,64639748625.0
2000-01-04,12.5,13.31,13.5,12.32,36535,47886000.0,9.44,6.48,0.81,4.27,68828404335.90001
2000-01-05,13.25,13.11,13.68,13.0,30020,40225000.0,5.11,-1.5,-0.2,3.51,67794168357.899994
2000-01-06,13.03,14.0,14.08,13.01,44979,61295000.0,8.16,6.79,0.89,5.26,72396518460.0
2000-01-07,14.18,14.55,14.95,14.0,66098,95462000.0,6.79,3.93,0.55,7.73,75240667399.5
2000-01-10,14.65,14.38,14.69,14.06,33108,47505000.0,4.33,-1.17,-0.17,3.87,74361566818.2
2000-01-11,14.4,13.63,14.4,13.4,26603,36807000.0,6.95,-5.22,-0.75,3.11,70483181900.7
2000-01-12,13.5,13.1,13.68,12.9,18903,24931000.0,5.72,-3.89,-0.53,2.21,67742456559.0
2000-01-13,13.09,12.99,13.17,12.8,6646,8625000.0,2.82,-0.84,-0.11,0.78,67173626771.1
2000-01-14,12.97,12.68,13.3,12.51,5976,7631000.0,6.08,-2.39,-0.31,0.7,65570561005.2
2000-01-17,12.6,13.0,13.07,12.48,8324,10580000.0,4.65,2.52,0.32,0.97,67225338570.0
2000-01-18,13.0,12.8,13.15,12.6,6723,8600000.0,4.23,-1.54,-0.2,0.79,66191102592.0
2000-01-19,12.8,12.85,12.99,12.65,6508,8341000.0,2.66,0.39,0.05,0.76,66449661586.5
2000-01-20,12.79,13.27,13.3,12.7,16783,21967000.0,4.67,3.27,0.42,1.96,68621557140.299995
2000-01-21,13.3,13.3,13.59,12.96,21031,28011000.0,4.75,0.23,0.03,2.46,68776692537.0
2000-01-24,13.29,13.18,13.49,12.9,21015,27668000.0,4.44,-0.9,-0.12,2.46,68156150950.2
2000-01-25,13.25,13.4,13.7,13.18,19944,26809000.0,3.95,1.67,0.22,2.33,69293810526.0
2000-01-26,13.4,13.3,13.64,13.1,12438,16529000.0,4.03,-0.75,-0.1,1.45,68776692537.0
2000-01-27,13.31,13.93,13.96,13.0,44927,61161000.0,7.22,4.74,0.63,5.25,72034535867.7
2000-01-28,14.0,14.47,14.75,13.68,63163,90125000.0,7.68,3.88,0.54,7.39,74826973008.3
2000-02-14,15.01,15.92,15.92,14.75,62379,97161000.0,8.09,10.02,1.45,7.3,82325183848.8
2000-02-15,16.28,15.72,17.47,15.5,80466,132120000.0,12.37,-1.26,-0.2,9.41,81290947870.8
2000-02-16,15.68,15.94,16.4,15.2,55519,87764000.0,7.63,1.4,0.22,6.49,82428607446.59999
2000-02-17,16.4,14.35,17.19,14.35,75223,117840000.0,17.82,-9.97,-1.59,8.8,74206431421.5
2000-02-18,14.04,14.7,14.7,13.3,31903,45313000.0,9.76,2.44,0.35,3.73,76016344383.0
2000-02-21,15.0,15.5,16.15,14.78,69544,108005000.0,9.32,5.44,0.8,8.13,80153288295.0
2000-02-22,15.55,14.51,15.6,14.45,29571,44341000.0,7.42,-6.39,-0.99,3.46,75033820203.9
2000-02-23,14.42,14.28,14.7,14.1,19199,27607000.0,4.14,-1.59,-0.23,2.25,73844448829.2
2000-02-24,14.29,14.8,14.8,14.29,15214,22156000.0,3.57,3.64,0.52,1.78,76533462372.0
2000-02-25,14.9,14.9,15.35,14.65,26763,40215000.0,4.73,0.68,0.1,3.13,77050580361.0
2000-02-28,15.0,15.5,15.65,14.88,37590,57823000.0,5.17,4.03,0.6,4.4,80153288295.0
2000-03-01,15.2,14.65,15.28,14.49,25941,38401000.0,5.1,-5.48,-0.85,3.03,75757785388.5
2000-03-02,14.8,14.98,15.22,14.7,23666,35228000.0,3.55,2.25,0.33,2.77,77464274752.2
2000-03-03,15.3,15.55,16.14,15.28,57199,90002000.0,5.74,3.81,0.57,6.69,80411847289.5
2000-03-06,16.0,14.86,16.25,14.8,49691,77999000.0,9.32,-4.44,-0.69,5.81,76843733165.4
2000-03-07,14.65,14.88,15.1,14.45,16075,23658000.0,4.37,0.13,0.02,1.88,76947156763.2
2000-03-08,15.25,15.5,15.55,14.8,21154,32279000.0,5.04,4.17,0.62,2.47,80153288295.0
2000-03-09,16.01,16.36,17.03,16.01,140325,233257000.0,6.58,5.55,0.86,16.41,84600503000.4
2000-03-10,16.0,15.68,16.46,15.5,54427,86284000.0,5.87,-4.16,-0.68,6.37,81084100675.2
2000-03-13,15.98,16.09,16.35,15.55,30254,48465000.0,5.1,2.61,0.41,3.54,83204284430.1
2000-03-14,15.6,15.22,15.69,14.8,56034,84845000.0,5.53,-5.41,-0.87,6.55,78705357925.8
2000-03-15,15.2,14.62,15.2,14.58,34435,50933000.0,4.07,-3.94,-0.6,4.03,75602649991.8
2000-03-16,14.65,13.69,14.65,13.69,27654,38726000.0,6.57,-6.36,-0.93,3.23,70793452694.09999
2000-03-17,13.65,14.08,14.23,13.65,18548,25978000.0,4.24,2.85,0.39,2.17,72810212851.2
2000-03-20,14.0,14.28,14.33,13.65,19051,26606000.0,4.83,1.42,0.2,2.23,73844448829.2
2000-03-21,14.26,14.05,14.27,13.84,15691,21969000.0,3.01,-1.61,-0.23,1.84,72655077454.5
2000-03-22,14.1,14.56,14.8,14.1,20944,30345000.0,4.98,3.63,0.51,2.45,75292379198.40001
2000-03-23,14.58,14.48,14.69,14.15,12011,17215000.0,3.71,-0.55,-0.08,1.4,74878684807.2
2000-03-24,14.65,14.16,14.85,14.15,18019,25933000.0,4.83,-2.21,-0.32,2.11,73223907242.4
2000-03-27,14.08,14.36,14.36,13.8,21910,30753000.0,3.95,1.41,0.2,2.56,74258143220.4
2000-03-28,14.4,14.29,14.5,14.08,17328,24775000.0,2.92,-0.49,-0.07,2.03,73896160628.09999
2000-03-29,14.3,14.69,14.72,14.3,17757,25858000.0,2.94,2.8,0.4,2.08,75964632584.09999
2000-03-30,14.75,14.78,14.84,14.57,11655,17082000.0,1.84,0.61,0.09,1.36,76430038774.2
2000-03-31,14.65,14.51,14.74,14.25,12969,18788000.0,3.32,-1.83,-0.27,1.52,75033820203.9
2000-04-03,14.57,14.78,15.0,14.45,15573,23050000.0,3.79,1.86,0.27,1.82,76430038774.2
2000-04-04,14.75,14.18,14.78,14.0,9392,13387000.0,5.28,-4.06,-0.6,1.1,73327330840.2
2000-04-05,14.1,14.1,14.25,13.87,14705,20652000.0,2.68,-0.56,-0.08,1.72,72913636449.0
2000-04-06,14.18,14.42,14.45,14.15,8288,11841000.0,2.13,2.27,0.32,0.97,74568414013.8
2000-04-07,14.43,14.41,14.54,14.18,9382,13417000.0,2.5,-0.07,-0.01,1.1,74516702214.9
2000-04-10,14.45,14.28,14.46,14.11,9500,13510000.0,2.43,-0.9,-0.13,1.11,73844448829.2
2000-04-11,14.22,14.53,14.56,14.09,12423,17713000.0,3.29,1.75,0.25,1.45,75137243801.7
2000-04-12,14.53,14.21,14.56,14.1,7352,10524000.0,3.17,-2.2,-0.32,0.86,73482466236.90001
2000-04-13,14.38,14.44,14.53,14.22,8555,12335000.0,2.18,1.62,0.23,1.0,74671837611.59999
2000-04-14,14.44,14.9,14.98,14.44,27675,41022000.0,3.74,3.19,0.46,3.24,77050580361.0
2000-04-17,14.92,14.72,15.0,14.46,15547,22793000.0,3.62,-1.21,-0.18,1.82,76119767980.8
2000-04-18,14.68,14.85,14.9,14.46,10325,15194000.0,2.99,0.88,0.13,1.21,76792021366.5
2000-04-19,14.88,15.13,15.49,14.85,27960,42561000.0,4.31,1.89,0.28,3.27,78239951735.7
2000-04-20,15.1,15.1,15.24,15.0,13575,20462000.0,1.59,-0.2,-0.03,1.59,78084816339.0
2000-04-21,15.1,14.69,15.3,14.57,8639,12815000.0,4.83,-2.72,-0.41,1.01,75964632584.09999
2000-04-24,14.68,14.45,14.72,14.3,10172,14690000.0,2.86,-1.63,-0.24,1.19,74723549410.5
2000-04-25,14.5,14.58,14.7,14.36,5638,8171000.0,2.35,0.9,0.13,0.66,75395802796.2
2000-04-26,14.6,14.34,14.61,14.3,4229,6070000.0,2.13,-1.65,-0.24,0.49,74154719622.6
2000-04-27,14.37,14.18,14.58,14.18,5333,7655000.0,2.79,-1.12,-0.16,0.62,73327330840.2
2000-04-28,14.18,14.48,14.55,14.1,4914,7030000.0,3.17,2.12,0.3,0.57,74878684807.2
2000-05-08,14.4,14.19,14.5,14.1,5891,8371000.0,2.76,-2.0,-0.29,0.69,73379042639.09999
2000-05-09,14.18,13.95,14.28,13.91,6129,8612000.0,2.61,-1.69,-0.24,0.72,72137959465.5
2000-05-10,13.97,13.5,13.97,13.5,6674,9127000.0,3.37,-3.23,-0.45,0.78,69810928515.0
2000-05-11,13.5,13.49,13.77,13.43,4693,6342000.0,2.52,-0.07,-0.01,0.55,69759216716.1
2000-05-12,13.7,13.34,13.85,13.3,4915,6597000.0,4.08,-1.11,-0.15,0.57,68983539732.6
2000-05-15,13.5,13.19,13.5,13.1,3058,4024000.0,3.0,-1.12,-0.15,0.36,68207862749.1
2000-05-16,13.15,13.34,13.49,13.15,2215,2950000.0,2.58,1.14,0.15,0.26,68983539732.6
2000-05-17,13.39,13.36,13.55,13.36,2845,3822000.0,1.42,0.15,0.02,0.33,69086963330.4
2000-05-18,13.4,13.5,13.52,13.15,4115,5496000.0,2.77,1.05,0.14,0.48,69810928515.0
2000-05-19,13.58,13.65,13.7,13.5,6123,8327000.0,1.48,1.11,0.15,0.72,70586605498.5
2000-05-22,13.8,14.02,14.15,13.7,10964,15280000.0,3.3,2.71,0.37,1.28,72499942057.8
2000-05-23,14.2,13.89,14.2,13.78,6640,9230000.0,3.0,-0.93,-0.13,0.78,71827688672.1
2000-05-24,13.92,14.13,14.3,13.8,9796,13767000.0,3.6,1.73,0.24,1.15,73068771845.7
2000-05-25,14.3,14.65,14.69,14.3,17401,25263000.0,2.76,3.68,0.52,2.04,75757785388.5
2000-05-26,14.78,14.43,14.85,14.38,9530,13840000.0,3.21,-1.5,-0.22,1.11,74620125812.7
2000-05-29,14.5,14.38,14.7,14.38,13204,19246000.0,2.22,-0.35,-0.05,1.54,74361566818.2
2000-05-30,14.5,14.43,14.82,14.31,14924,21856000.0,3.55,0.35,0.05,1.75,74620125812.7
2000-05-31,14.45,14.48,14.7,14.25,7478,10799000.0,3.12,0.35,0.05,0.87,74878684807.2
2000-06-01,14.55,14.37,14.64,14.3,5763,8317000.0,2.35,-0.76,-0.11,0.67,74309855019.3
2000-06-02,14.4,14.32,14.43,14.18,7733,11028000.0,1.74,-0.35,-0.05,0.9,74051296024.8
2000-06-05,14.38,14.35,14.6,14.19,9597,13772000.0,2.86,0.21,0.03,1.12,74206431421.5
2000-06-06,14.38,14.63,14.72,14.38,8778,12795000.0,2.37,1.95,0.28,1.03,75654361790.7
2000-06-07,14.7,14.67,14.94,14.55,13068,19253000.0,2.67,0.27,0.04,1.53,75861208986.3
2000-06-08,14.6,14.38,14.65,14.3,6163,8873000.0,2.39,-1.98,-0.29,0.72,74361566818.2
2000-06-09,14.36,14.2,14.47,14.18,7267,10380000.0,2.02,-1.25,-0.18,0.85,73430754438.0
2000-06-12,14.1,14.18,14.18,13.9,5295,7423000.0,1.97,-0.14,-0.02,0.62,73327330840.2
2000-06-13,14.3,14.17,14.3,14.02,7262,10273000.0,1.97,-0.07,-0.01,0.85,73275619041.3
2000-06-14,14.28,14.1,14.29,14.05,7856,11077000.0,1.69,-0.49,-0.07,0.92,72913636449.0
2000-06-15,14.08,14.28,14.3,14.01,8451,11896000.0,2.06,1.28,0.18,0.99,73844448829.2
2000-06-16,14.3,14.45,14.7,14.28,12373,17977000.0,2.94,1.19,0.17,1.45,74723549410.5
2000-06-19,14.4,14.6,14.86,14.38,14936,21963000.0,3.32,1.04,0.15,1.75,75499226394.0
2000-06-20,14.64,14.35,14.76,14.31,4587,6648000.0,3.08,-1.71,-0.25,0.54,74206431421.5
2000-06-21,14.39,14.3,14.45,14.19,7508,10722000.0,1.81,-0.35,-0.05,0.88,73947872427.0
2000-06-22,14.5,14.49,14.8,14.46,7295,10654000.0,2.38,1.33,0.19,0.85,74930396606.1
2000-06-23,14.5,14.7,14.7,14.36,6796,9907000.0,2.35,1.45,0.21,0.79,76016344383.0
2000-06-26,14.78,14.91,15.12,14.75,22896,34248000.0,2.52,1.43,0.21,2.68,77102292159.9
2000-06-27,15.0,14.82,15.0,14.78,7588,11241000.0,1.48,-0.6,-0.09,0.89,76636885969.8
2000-06-28,14.9,15.18,15.2,14.9,18888,28465000.0,2.02,2.43,0.36,2.21,78498510730.2
2000-06-29,15.28,15.06,15.3,14.9,11208,16860000.0,2.64,-0.79,-0.12,1.31,77877969143.40001
2000-06-30,15.15,14.7,15.19,14.7,7979,11866000.0,3.25,-2.39,-0.36,0.93,76016344383.0
2000-07-03,14.7,14.38,14.7,14.3,6116,8844000.0,2.72,-2.18,-0.32,0.72,74361566818.2
2000-07-04,14.28,14.4,14.44,14.25,5275,7547000.0,1.32,0.14,0.02,0.62,74464990416.0
2000-07-05,14.42,14.28,14.5,14.2,5440,7794000.0,2.08,-0.83,-0.12,0.64,73844448829.2
2000-07-06,14.2,14.23,14.31,14.18,6613,9397000.0,0.91,-0.35,-0.05,0.77,73585889834.7
2000-07-07,14.3,14.49,14.62,14.25,4977,7184000.0,2.6,1.83,0.26,0.58,74930396606.1
2000-07-10,14.52,14.4,14.53,14.2,9883,14176000.0,2.28,-0.62,-0.09,1.16,74464990416.0
2000-07-11,14.5,14.78,14.8,14.33,14461,21092000.0,3.26,2.64,0.38,1.69,76430038774.2
2000-07-12,14.85,14.73,14.88,14.64,6943,10246000.0,1.62,-0.34,-0.05,0.81,76171479779.7
2000-07-13,14.78,14.92,15.0,14.76,10417,15491483.0,1.63,1.29,0.19,1.22,77154003958.8
2000-07-14,15.0,14.72,15.05,14.65,8291,12242000.0,2.68,-1.34,-0.2,0.97,76119767980.8
2000-07-17,14.72,14.67,14.9,14.65,8711,12906000.0,1.7,-0.34,-0.05,1.02,75861208986.3
2000-07-18,14.65,14.8,14.85,14.65,4892,7205000.0,1.36,0.89,0.13,0.57,76533462372.0
2000-07-19,14.81,14.9,15.1,14.81,9402,14057000.0,1.96,0.68,0.1,1.1,77050580361.0
2000-07-20,14.98,14.67,14.98,14.6,4988,7344000.0,2.55,-1.54,-0.23,0.58,75861208986.3
2000-07-21,14.7,14.82,15.0,14.68,10347,15396000.0,2.18,1.02,0.15,1.21,76636885969.8
2000-07-24,14.95,15.25,15.26,14.82,25247,38231000.0,2.97,2.9,0.43,2.95,78860493322.5
2000-07-25,15.25,15.39,15.5,15.0,21059,32169000.0,3.28,0.92,0.14,2.46,79584458507.1
2000-07-26,15.45,15.38,15.5,15.28,14559,22440000.0,1.43,-0.06,-0.01,1.7,79532746708.2
2000-07-27,15.45,15.22,15.65,15.21,22113,34083000.0,2.86,-1.04,-0.16,2.59,78705357925.8
2000-07-28,15.2,15.18,15.23,15.03,12017,18158000.0,1.31,-0.26,-0.04,1.41,78498510730.2
2000-07-31,15.15,15.25,15.45,15.09,8854,13496000.0,2.37,0.46,0.07,1.04,78860493322.5
2000-08-01,15.27,15.04,15.3,15.01,7062,10658000.0,1.9,-1.38,-0.21,0.83,77774545545.59999
2000-08-02,15.04,15.11,15.22,15.04,7553,11418000.0,1.2,0.47,0.07,0.88,78136528137.9
2000-08-03,15.11,14.91,15.17,14.9,9595,14373000.0,1.79,-1.32,-0.2,1.12,77102292159.9
2000-08-04,14.95,14.78,15.0,14.68,9437,13999000.0,2.15,-0.87,-0.13,1.1,76430038774.2
2000-08-07,14.8,14.72,14.88,14.65,7439,10948000.0,1.56,-0.41,-0.06,0.87,76119767980.8
2000-08-08,14.8,14.88,14.95,14.68,10048,14862000.0,1.83,1.09,0.16,1.18,76947156763.2
2000-08-09,14.92,15.03,15.2,14.92,9143,13761000.0,1.88,1.01,0.15,1.07,77722833746.7
2000-08-10,15.06,14.95,15.15,14.84,8556,12766000.0,2.06,-0.53,-0.08,1.0,77309139355.5
2000-08-11,14.93,14.72,14.94,14.68,10334,15276000.0,1.74,-1.54,-0.23,1.21,76119767980.8
2000-08-14,14.8,14.77,14.94,14.68,7404,10932000.0,1.77,0.34,0.05,0.87,76378326975.3
2000-08-15,14.85,15.08,15.15,14.75,7905,11768000.0,2.71,2.1,0.31,0.92,77981392741.2
2000-08-16,15.15,14.93,15.19,14.89,7640,11432000.0,1.99,-0.99,-0.15,0.89,77205715757.7
2000-08-17,14.93,14.8,14.95,14.75,7440,11020000.0,1.34,-0.87,-0.13,0.87,76533462372.0
2000-08-18,14.81,14.76,14.89,14.7,7233,10679000.0,1.28,-0.27,-0.04,0.85,76326615176.4
2000-08-21,14.76,14.95,15.0,14.76,7450,11104000.0,1.63,1.29,0.19,0.87,77309139355.5
2000-08-22,14.95,14.75,15.17,14.73,9004,13522000.0,2.94,-1.34,-0.2,1.05,76274903377.5
2000-08-23,14.7,14.48,14.7,14.1,13406,19333000.0,4.07,-1.83,-0.27,1.57,74878684807.2
2000-08-24,14.4,14.43,14.6,14.3,9566,13800000.0,2.07,-0.35,-0.05,1.12,74620125812.7
2000-08-25,14.45,14.52,14.62,14.42,6141,8900000.0,1.39,0.62,0.09,0.72,75085532002.8
2000-08-28,14.58,14.73,14.78,14.58,5849,8589000.0,1.38,1.45,0.21,0.68,76171479779.7
2000-08-29,14.78,14.64,14.78,14.58,5410,7913000.0,1.36,-0.61,-0.09,0.63,75706073589.6
2000-08-30,14.6,14.46,14.75,14.4,6140,8915000.0,2.39,-1.23,-0.18,0.72,74775261209.40001
2000-08-31,14.42,14.04,14.42,13.99,12432,17573000.0,2.97,-2.9,-0.42,1.45,72603365655.59999
2000-09-01,14.0,13.85,14.06,13.84,10800,15055000.0,1.57,-1.35,-0.19,1.26,71620841476.5
2000-09-04,13.85,14.02,14.03,13.85,4099,5704000.0,1.3,1.23,0.17,0.48,72499942057.8
2000-09-05,14.02,13.58,14.08,13.56,4450,6130000.0,3.71,-3.14,-0.44,0.52,70224622906.2
2000-09-06,13.51,13.35,13.68,13.34,4003,5390000.0,2.5,-1.69,-0.23,0.47,69035251531.5
2000-09-07,13.5,13.43,13.7,13.3,5989,8043000.0,3.0,0.6,0.08,0.7,69448945922.7
2000-09-08,13.45,13.41,13.5,13.35,3830,5141000.0,1.12,-0.15,-0.02,0.45,69345522324.9
2000-09-11,13.5,13.74,13.75,13.4,2792,3786000.0,2.61,2.46,0.33,0.33,71052011688.6
2000-09-12,13.72,13.7,13.85,13.7,2833,3897000.0,1.09,-0.29,-0.04,0.33,70845164493.0
2000-09-13,13.72,13.74,13.81,13.62,2657,3642000.0,1.39,0.29,0.04,0.31,71052011688.6
2000-09-14,13.75,13.55,13.75,13.53,2460,3345000.0,1.6,-1.38,-0.19,0.29,70069487509.5
2000-09-15,13.55,13.52,13.57,13.43,1970,2656000.0,1.03,-0.22,-0.03,0.23,69914352112.8
2000-09-18,13.6,13.52,13.7,13.5,2069,2808000.0,1.48,0.0,0.0,0.24,69914352112.8
2000-09-19,13.48,13.09,13.48,13.05,3369,4445000.0,3.18,-3.18,-0.43,0.39,67690744760.1
2000-09-20,13.1,13.35,13.48,13.08,2491,3288000.0,3.06,1.99,0.26,0.29,69035251531.5
2000-09-21,13.42,13.14,13.42,13.13,1671,2213000.0,2.17,-1.57,-0.21,0.2,67949303754.600006
2000-09-22,13.15,13.2,13.28,13.06,2388,3134000.0,1.67,0.46,0.06,0.28,68259574548.0
2000-09-25,13.18,13.1,13.39,13.1,1528,2022000.0,2.2,-0.76,-0.1,0.18,67742456559.0
2000-09-26,13.14,13.2,13.24,13.14,1121,1478000.0,0.76,0.76,0.1,0.13,68259574548.0
2000-09-27,13.47,13.32,13.47,13.2,1852,2456000.0,2.05,0.91,0.12,0.22,68880116134.8
2000-09-28,13.32,13.14,13.35,13.12,1405,1855000.0,1.73,-1.35,-0.18,0.16,67949303754.600006
2000-09-29,13.28,13.2,13.3,13.13,1565,2069000.0,1.29,0.46,0.06,0.18,68259574548.0
2000-10-09,13.3,13.4,13.4,13.16,2781,3678000.0,1.82,1.52,0.2,0.33,69293810526.0
2000-10-10,13.45,13.5,13.56,13.3,2263,3045000.0,1.94,0.75,0.1,0.26,69810928515.0
2000-10-11,13.5,13.31,13.5,13.3,2362,3157000.0,1.48,-1.41,-0.19,0.28,68828404335.90001
2000-10-12,13.3,13.13,13.37,13.1,3974,5238000.0,2.03,-1.35,-0.18,0.46,67897591955.700005
2000-10-13,13.07,13.57,13.65,13.07,6725,8998000.0,4.42,3.35,0.44,0.79,70172911107.3
2000-10-16,13.57,13.41,13.8,13.36,5744,7826000.0,3.24,-1.18,-0.16,0.67,69345522324.9
2000-10-17,13.41,13.41,13.57,13.3,2161,2887000.0,2.01,0.0,0.0,0.25,69345522324.9
2000-10-18,13.5,13.7,13.74,13.4,5599,7573000.0,2.54,2.16,0.29,0.65,70845164493.0
2000-10-19,13.8,13.66,13.8,13.6,3952,5416000.0,1.46,-0.29,-0.04,0.46,70638317297.4
2000-10-20,13.66,13.94,14.0,13.63,7500,10376000.0,2.71,2.05,0.28,0.88,72086247666.59999
2000-10-23,14.08,13.93,14.09,13.85,5935,8273000.0,1.72,-0.07,-0.01,0.69,72034535867.7
2000-10-24,13.92,13.7,13.92,13.68,4453,6129000.0,1.72,-1.65,-0.23,0.52,70845164493.0
2000-10-25,13.71,13.74,13.8,13.64,7061,9691000.0,1.17,0.29,0.04,0.83,71052011688.6
2000-10-26,13.75,13.7,13.88,13.7,3299,4543000.0,1.31,-0.29,-0.04,0.39,70845164493.0
2000-10-27,13.72,13.57,13.72,13.51,2754,3742000.0,1.53,-0.95,-0.13,0.32,70172911107.3
2000-10-30,13.6,13.53,13.76,13.45,3018,4080000.0,2.28,-0.29,-0.04,0.35,69966063911.7
2000-10-31,13.6,13.62,13.85,13.6,2786,3824000.0,1.85,0.67,0.09,0.33,70431470101.8
2000-11-01,13.63,13.6,13.69,13.56,2893,3936000.0,0.95,-0.15,-0.02,0.34,70328046504.0
2000-11-02,13.65,13.6,13.75,13.57,4188,5715000.0,1.32,0.0,0.0,0.49,70328046504.0
2000-11-03,13.58,13.6,13.7,13.58,3508,4776000.0,0.88,0.0,0.0,0.41,70328046504.0
2000-11-06,13.6,13.65,13.9,13.6,3884,5322000.0,2.21,0.37,0.05,0.45,70586605498.5
2000-11-07,13.75,13.66,13.8,13.6,3115,4258000.0,1.47,0.07,0.01,0.36,70638317297.4
2000-11-08,13.66,13.88,13.9,13.66,4729,6510000.0,1.76,1.61,0.22,0.55,71775976873.2
2000-11-09,13.9,13.98,14.08,13.85,9099,12699000.0,1.66,0.72,0.1,1.06,72293094862.2
2000-11-10,14.0,14.06,14.06,13.9,8042,11270000.0,1.14,0.57,0.08,0.94,72706789253.40001
2000-11-13,14.13,14.27,14.39,14.13,11019,15711000.0,1.85,1.49,0.21,1.29,73792737030.3
2000-11-14,14.26,14.27,14.28,14.05,6930,9801000.0,1.61,0.0,0.0,0.81,73792737030.3
2000-11-15,14.4,13.97,14.4,13.94,10967,15395000.0,3.22,-2.1,-0.3,1.28,72241383063.3
2000-11-16,13.98,14.0,14.1,13.85,14364,20028000.0,1.79,0.21,0.03,1.68,72396518460.0
2000-11-17,14.02,13.95,14.1,13.9,7592,10628000.0,1.43,-0.36,-0.05,0.89,72137959465.5
2000-11-20,13.96,14.01,14.02,13.84,9775,13588000.0,1.29,0.43,0.06,1.14,72448230258.9
2000-11-21,14.28,13.98,14.28,13.98,6933,9755000.0,2.14,-0.21,-0.03,0.81,72293094862.2
2000-11-22,14.1,14.58,14.58,14.02,21286,30648000.0,4.01,4.29,0.6,2.49,75395802796.2
2000-11-23,14.63,14.49,14.66,14.45,12472,18143000.0,1.44,-0.62,-0.09,1.46,74930396606.1
2000-11-24,14.6,14.08,14.6,14.0,11167,15973000.0,4.14,-2.83,-0.41,1.31,72810212851.2
2000-11-27,14.05,14.15,14.2,14.0,10443,14716000.0,1.42,0.5,0.07,1.22,73172195443.5
2000-11-28,14.19,14.2,14.35,14.18,11491,16351000.0,1.2,0.35,0.05,1.34,73430754438.0
2000-11-29,14.24,14.36,14.41,14.12,22423,31925000.0,2.04,1.13,0.16,2.62,74258143220.4
2000-11-30,13.48,13.42,13.66,13.4,8813,11903000.0,1.81,-6.55,-0.94,0.79,69397234123.8
2000-12-01,13.42,13.32,13.45,13.32,3911,5231000.0,0.97,-0.75,-0.1,0.35,68880116134.8
2000-12-04,13.38,13.56,13.58,13.34,5404,7257000.0,1.8,1.8,0.24,0.49,70121199308.40001
2000-12-05,13.55,13.47,13.55,13.43,2999,4047000.0,0.88,-0.66,-0.09,0.27,69655793118.3
2000-12-06,13.46,13.28,13.46,13.28,3606,4819000.0,1.34,-1.41,-0.19,0.32,68673268939.2
2000-12-07,13.21,13.25,13.31,13.15,2977,3936000.0,1.2,-0.23,-0.03,0.27,68518133542.5
2000-12-08,13.15,13.26,13.45,13.15,2745,3653000.0,2.26,0.08,0.01,0.25,68569845341.4
2000-12-11,13.4,13.15,13.4,13.08,3985,5268000.0,2.41,-0.83,-0.11,0.36,68001015553.5
2000-12-12,13.2,13.19,13.22,13.06,6154,8085000.0,1.22,0.3,0.04,0.55,68207862749.1
2000-12-13,13.18,13.17,13.35,13.15,7523,9940000.0,1.52,-0.15,-0.02,0.68,68104439151.3
2000-12-14,13.18,13.2,13.33,13.16,1972,2606000.0,1.29,0.23,0.03,0.18,68259574548.0
2000-12-15,13.18,13.1,13.2,13.08,2289,3004000.0,0.91,-0.76,-0.1,0.21,67742456559.0
2000-12-18,13.08,13.03,13.1,12.9,3269,4235000.0,1.53,-0.53,-0.07,0.29,67380473966.7
2000-12-19,13.03,13.06,13.1,12.91,2579,3353000.0,1.46,0.23,0.03,0.23,67535609363.4
2000-12-20,13.08,13.26,13.3,12.98,4784,6290000.0,2.45,1.53,0.2,0.43,68569845341.4
2000-12-22,13.3,13.28,13.48,13.23,3372,4499000.0,1.89,0.15,0.02,0.3,68673268939.2
2000-12-25,13.28,13.18,13.33,13.15,3232,4270000.0,1.36,-0.75,-0.1,0.29,68156150950.2
2000-12-26,13.2,13.4,13.42,13.18,3778,5040000.0,1.82,1.67,0.22,0.34,69293810526.0
2000-12-27,13.4,13.47,13.61,13.32,9042,12236000.0,2.16,0.52,0.07,0.81,69655793118.3
2000-12-28,13.43,13.36,13.51,13.3,3130,4197000.0,1.56,-0.82,-0.11,0.28,69086963330.4
2000-12-29,13.3,13.35,13.5,13.25,4912,6562000.0,1.87,-0.07,-0.01,0.44,69035251531.5
2001-01-02,13.39,13.53,13.55,13.3,7757,10404000.0,1.87,1.35,0.18,0.7,69966063911.7
2001-01-03,13.6,13.72,13.88,13.45,14913,20455000.0,3.18,1.4,0.19,1.34,70948588090.8
2001-01-04,13.78,13.61,13.8,13.6,10061,13789000.0,1.46,-0.8,-0.11,0.91,70379758302.9
2001-01-05,13.61,13.64,13.75,13.52,7818,10654000.0,1.69,0.22,0.03,0.7,70534893699.6
2001-01-08,13.64,13.82,13.9,13.6,14356,19748000.0,2.2,1.32,0.18,1.29,71465706079.8
2001-01-09,13.82,13.7,13.87,13.55,6932,9512000.0,2.32,-0.87,-0.12,0.62,70845164493.0
2001-01-10,13.71,13.79,13.8,13.58,8557,11743000.0,1.61,0.66,0.09,0.77,71310570683.09999
2001-01-11,13.72,13.9,13.98,13.72,18791,26125000.0,1.89,0.8,0.11,1.69,71879400471.0
2001-01-12,13.88,14.03,14.11,13.77,26699,37284000.0,2.45,0.94,0.13,2.1,72551653856.7
2001-01-15,14.03,13.53,14.05,13.45,15706,21567000.0,4.28,-3.56,-0.5,1.24,69966063911.7
2001-01-16,13.45,13.69,13.8,13.4,8700,11813000.0,2.96,1.18,0.16,0.68,70793452694.09999
2001-01-17,13.68,13.57,13.7,13.55,5799,7901000.0,1.1,-0.88,-0.12,0.46,70172911107.3
2001-01-18,13.58,13.49,13.8,13.46,7210,9806000.0,2.51,-0.59,-0.08,0.57,69759216716.1
2001-01-19,13.62,13.65,13.67,13.53,6044,8234000.0,1.04,1.19,0.16,0.48,70586605498.5
2001-02-05,13.65,13.2,13.75,13.15,6685,8918000.0,4.4,-3.3,-0.45,0.53,68259574548.0
2001-02-06,13.15,13.05,13.15,12.8,8681,11261000.0,2.65,-1.14,-0.15,0.68,67483897564.5
2001-02-07,13.15,12.94,13.15,12.9,3125,4049000.0,1.92,-0.84,-0.11,0.25,66915067776.6
2001-02-08,12.92,12.75,13.09,12.7,5045,6501000.0,3.01,-1.47,-0.19,0.4,65932543597.5
2001-02-09,12.76,13.0,13.0,12.76,2980,3851000.0,1.88,1.96,0.25,0.23,67225338570.0
2001-02-12,13.0,12.99,13.04,12.8,3214,4146000.0,1.85,-0.08,-0.01,0.25,67173626771.1
2001-02-13,13.0,13.02,13.15,12.98,3496,4572000.0,1.31,0.23,0.03,0.27,67328762167.799995
2001-02-14,13.06,13.01,13.06,12.91,2892,3756000.0,1.15,-0.08,-0.01,0.23,67277050368.9
2001-02-15,13.01,12.9,13.02,12.9,2102,2724000.0,0.92,-0.85,-0.11,0.17,66708220581.0
2001-02-16,12.85,12.77,12.9,12.6,4255,5424000.0,2.33,-1.01,-0.13,0.33,66035967195.299995
2001-02-19,12.8,12.83,12.94,12.77,2889,3714000.0,1.33,0.47,0.06,0.23,66346237988.7
2001-02-20,12.9,12.9,13.06,12.88,4164,5395000.0,1.4,0.55,0.07,0.33,66708220581.0
2001-02-21,12.9,12.78,12.9,12.63,5024,6388000.0,2.09,-0.93,-0.12,0.4,66087678994.2
2001-02-22,12.7,12.76,12.94,12.62,2915,3733000.0,2.5,-0.16,-0.02,0.23,65984255396.4
2001-02-23,12.8,13.08,13.1,12.8,10090,13091000.0,2.35,2.51,0.32,0.79,67639032961.2
2001-02-26,13.09,13.13,13.15,13.0,8350,10920000.0,1.15,0.38,0.05,0.66,67897591955.700005
2001-02-27,13.12,13.15,13.18,13.03,3823,5003000.0,1.14,0.15,0.02,0.3,68001015553.5
2001-02-28,13.12,13.05,13.15,13.04,3411,4462000.0,0.84,-0.76,-0.1,0.27,67483897564.5
2001-03-01,13.09,13.25,13.3,13.09,5369,7070000.0,1.61,1.53,0.2,0.42,68518133542.5
2001-03-02,13.4,13.45,13.45,13.22,8280,11032000.0,1.74,1.51,0.2,0.65,69552369520.5
2001-03-05,13.58,13.5,13.66,13.48,27994,37924000.0,1.34,0.37,0.05,2.2,69810928515.0
2001-03-06,13.5,13.49,13.55,13.4,6277,8462000.0,1.11,-0.07,-0.01,0.49,69759216716.1
2001-03-07,13.5,13.52,13.55,13.45,5145,6950000.0,0.74,0.22,0.03,0.4,69914352112.8
2001-03-08,13.5,13.39,13.5,13.36,5292,7093000.0,1.04,-0.96,-0.13,0.42,69242098727.1
2001-03-09,13.4,13.42,13.61,13.33,7752,10459000.0,2.09,0.22,0.03,0.61,69397234123.8
2001-03-12,13.45,13.4,13.6,13.37,5189,6997000.0,1.71,-0.15,-0.02,0.41,69293810526.0
2001-03-13,13.41,13.27,13.46,13.25,3917,5224000.0,1.57,-0.97,-0.13,0.31,68621557140.299995
2001-03-14,13.27,13.3,13.35,13.18,3519,4670000.0,1.28,0.23,0.03,0.28,68776692537.0
2001-03-15,13.32,13.38,13.41,13.29,5806,7743000.0,0.9,0.6,0.08,0.46,69190386928.2
2001-03-16,13.38,13.24,13.4,13.19,5091,6748000.0,1.57,-1.05,-0.14,0.4,68466421743.6
2001-03-19,13.22,13.28,13.28,13.12,5537,7295000.0,1.21,0.3,0.04,0.44,68673268939.2
2001-03-20,13.35,13.35,13.42,13.29,3824,5098000.0,0.98,0.53,0.07,0.3,69035251531.5
2001-03-21,13.35,13.48,13.49,13.35,6443,8652000.0,1.05,0.97,0.13,0.51,69707504917.2
2001-03-22,13.5,13.58,13.6,13.38,10309,13942000.0,1.63,0.74,0.1,0.81,70224622906.2
2001-03-23,13.6,13.45,13.6,13.45,9394,12695000.0,1.1,-0.96,-0.13,0.74,69552369520.5
2001-03-26,13.48,13.68,13.68,13.48,9224,12566000.0,1.49,1.71,0.23,0.73,70741740895.2
2001-03-27,13.68,13.67,13.71,13.6,7169,9797000.0,0.8,-0.07,-0.01,0.56,70690029096.3
2001-03-28,13.68,13.64,13.75,13.58,6350,8652000.0,1.24,-0.22,-0.03,0.5,70534893699.6
2001-03-29,13.68,13.52,13.68,13.45,6689,9049000.0,1.69,-0.88,-0.12,0.53,69914352112.8
2001-03-30,13.52,13.56,13.6,13.4,6046,8167000.0,1.48,0.3,0.04,0.48,70121199308.40001
2001-04-02,13.5,13.41,13.56,13.38,10325,13855000.0,1.33,-1.11,-0.15,0.81,69345522324.9
2001-04-03,13.42,13.44,13.5,13.38,7376,9898000.0,0.89,0.22,0.03,0.58,69500657721.59999
2001-04-04,13.45,13.19,13.48,13.13,7390,9862000.0,2.6,-1.86,-0.25,0.58,68207862749.1
2001-04-05,13.15,13.2,13.28,13.1,7733,10183000.0,1.36,0.08,0.01,0.61,68259574548.0
2001-04-06,13.2,13.02,13.35,13.0,14209,18610000.0,2.65,-1.36,-0.18,1.12,67328762167.799995
2001-04-09,13.1,13.05,13.15,13.0,8740,11424000.0,1.15,0.23,0.03,0.69,67483897564.5
2001-04-10,13.1,13.1,13.27,12.92,10524,13793000.0,2.68,0.38,0.05,0.83,67742456559.0
2001-04-11,13.1,13.28,13.3,13.08,13992,18415000.0,1.68,1.37,0.18,1.1,68673268939.2
2001-04-12,13.3,13.19,13.34,13.16,7980,10581000.0,1.36,-0.68,-0.09,0.63,68207862749.1
2001-04-13,13.29,13.15,13.29,13.0,12870,16854000.0,2.2,-0.3,-0.04,1.01,68001015553.5
2001-04-16,13.13,13.35,13.45,13.08,17000,22582000.0,2.81,1.52,0.2,1.34,69035251531.5
2001-04-17,13.36,13.6,13.61,13.29,25380,34223000.0,2.4,1.87,0.25,2.0,70328046504.0
2001-04-18,13.7,13.76,14.29,13.63,67952,94928000.0,4.85,1.18,0.16,5.34,71155435286.4
2001-04-19,13.8,13.88,14.0,13.3,30858,42381000.0,5.09,0.87,0.12,2.43,71775976873.2
2001-04-20,13.9,13.56,13.98,13.53,16120,22188000.0,3.24,-2.31,-0.32,1.27,70121199308.40001
2001-04-23,13.53,13.56,13.7,13.42,12085,16332000.0,2.06,0.0,0.0,0.95,70121199308.40001
2001-04-24,13.55,13.58,13.68,13.5,10296,13987000.0,1.33,0.15,0.02,0.81,70224622906.2
2001-04-25,13.57,13.28,13.62,13.15,10427,13941000.0,3.46,-2.21,-0.3,0.82,68673268939.2
2001-04-26,13.22,13.28,13.39,13.16,8465,11209000.0,1.73,0.0,0.0,0.67,68673268939.2
2001-04-27,13.23,13.29,13.35,13.2,5103,6774000.0,1.13,0.08,0.01,0.4,68724980738.09999
2001-04-30,13.31,13.47,13.68,12.6,7939,10692000.0,8.13,1.35,0.18,0.62,69655793118.3
2001-05-08,13.47,13.69,13.8,13.47,7197,9852522.0,2.45,1.63,0.22,0.57,70793452694.09999
2001-05-09,13.7,13.6,13.79,13.55,5117,6971000.0,1.75,-0.66,-0.09,0.4,70328046504.0
2001-05-10,13.6,13.65,13.79,13.55,8212,11253000.0,1.76,0.37,0.05,0.65,70586605498.5
2001-05-14,13.8,13.8,13.9,13.7,10949,15119000.0,1.47,1.1,0.15,0.86,71362282482.0
2001-05-15,13.9,13.75,13.9,13.7,10659,14687000.0,1.45,-0.36,-0.05,0.84,71103723487.5
2001-05-16,13.79,13.65,13.8,13.6,8336,11381000.0,1.45,-0.73,-0.1,0.66,70586605498.5
2001-05-17,13.65,13.56,13.7,13.55,7184,9785000.0,1.1,-0.66,-0.09,0.56,70121199308.40001
2001-05-18,13.56,13.7,13.76,13.56,6053,8267000.0,1.47,1.03,0.14,0.48,70845164493.0
2001-05-21,13.7,13.61,13.85,13.52,8580,11688000.0,2.41,-0.66,-0.09,0.67,70379758302.9
2001-05-22,13.75,14.02,14.2,13.7,48404,67996000.0,3.67,3.01,0.41,3.81,72499942057.8
2001-05-23,14.18,13.9,14.18,13.79,17289,24074000.0,2.78,-0.86,-0.12,1.36,71879400471.0
2001-05-24,14.0,13.94,14.1,13.86,13452,18796000.0,1.73,0.29,0.04,1.06,72086247666.59999
2001-05-25,13.94,13.9,14.03,13.81,7905,10990000.0,1.58,-0.29,-0.04,0.62,71879400471.0
2001-05-28,14.0,13.95,14.2,13.89,17912,25219000.0,2.23,0.36,0.05,1.41,72137959465.5
2001-05-29,13.95,13.92,14.08,13.83,7846,10944000.0,1.79,-0.22,-0.03,0.62,71982824068.8
2001-05-30,13.95,14.11,14.19,13.95,17303,24414000.0,1.72,1.36,0.19,1.36,72965348247.9
2001-05-31,14.13,14.25,14.35,14.0,22356,31728000.0,2.48,0.99,0.14,1.76,73689313432.5
2001-06-01,14.29,14.19,14.32,14.15,10448,14864000.0,1.19,-0.42,-0.06,0.82,73379042639.09999
2001-06-04,14.2,14.15,14.25,14.06,11344,16038000.0,1.34,-0.28,-0.04,0.89,73172195443.5
2001-06-05,14.15,14.0,14.2,13.95,11694,16438000.0,1.77,-1.06,-0.15,0.92,72396518460.0
2001-06-06,14.02,13.93,14.05,13.86,12544,17467000.0,1.36,-0.5,-0.07,0.99,72034535867.7
2001-06-07,13.95,13.93,14.02,13.83,8808,12246000.0,1.36,0.0,0.0,0.69,72034535867.7
2001-06-08,13.95,14.0,14.18,13.93,9819,13791000.0,1.79,0.5,0.07,0.77,72396518460.0
2001-06-11,14.05,13.87,14.05,13.83,8178,11368000.0,1.57,-0.93,-0.13,0.64,71724265074.3
2001-06-12,13.87,13.95,13.95,13.83,5544,7703000.0,0.87,0.58,0.08,0.44,72137959465.5
2001-06-13,13.95,14.05,14.05,13.9,9044,12635000.0,1.08,0.72,0.1,0.71,72655077454.5
2001-06-14,14.04,13.65,14.04,13.65,12128,16763000.0,2.78,-2.85,-0.4,0.95,70586605498.5
2001-06-15,13.65,13.63,13.74,13.58,10417,14229000.0,1.17,-0.15,-0.02,0.82,70483181900.7
2001-06-18,13.65,13.36,13.66,13.28,11535,15501000.0,2.79,-1.98,-0.27,0.91,69086963330.4
2001-06-19,13.36,13.4,13.53,13.31,5163,6924000.0,1.65,0.3,0.04,0.41,69293810526.0
2001-06-20,13.4,13.44,13.6,13.31,4646,6253000.0,2.16,0.3,0.04,0.37,69500657721.59999
2001-06-21,13.78,13.59,13.78,13.45,2501,3392000.0,2.46,1.12,0.15,0.2,70276334705.1
2001-06-22,13.6,13.6,13.69,13.55,3535,4804000.0,1.03,0.07,0.01,0.28,70328046504.0
2001-06-25,13.61,13.67,13.68,13.58,5678,7741000.0,0.74,0.51,0.07,0.45,70690029096.3
2001-06-26,13.71,13.77,13.82,13.61,5419,7445000.0,1.54,0.73,0.1,0.43,71207147085.3
2001-06-27,13.8,13.71,13.82,13.6,5592,7658000.0,1.6,-0.44,-0.06,0.44,70896876291.90001
2001-06-28,13.6,13.69,13.75,13.6,6374,8707000.0,1.09,-0.15,-0.02,0.5,70793452694.09999
2001-06-29,13.55,13.58,13.64,13.36,3438,4629000.0,2.05,-0.8,-0.11,0.27,70224622906.2
2001-07-02,13.58,13.71,13.77,13.46,6987,9548000.0,2.28,0.96,0.13,0.55,70896876291.90001
2001-07-03,13.7,13.78,13.81,13.66,7751,10651000.0,1.09,0.51,0.07,0.61,71258858884.2
2001-07-04,13.8,13.77,13.84,13.71,4492,6192000.0,0.94,-0.07,-0.01,0.35,71207147085.3
2001-07-05,13.75,13.6,13.77,13.48,10927,14808000.0,2.11,-1.23,-0.17,0.86,70328046504.0
2001-07-06,13.55,13.58,13.66,13.51,3021,4112000.0,1.1,-0.15,-0.02,0.24,70224622906.2
2001-07-09,13.56,13.78,13.78,13.45,4292,5850000.0,2.43,1.47,0.2,0.34,71258858884.2
2001-07-10,13.84,13.98,13.98,13.76,12331,17120000.0,1.6,1.45,0.2,0.97,72293094862.2
2001-07-11,14.04,13.96,14.04,13.75,6152,8534000.0,2.07,-0.14,-0.02,0.48,72189671264.40001
2001-07-12,13.91,14.14,14.24,13.76,16393,22967000.0,3.44,1.29,0.18,1.29,73120483644.6
2001-07-13,14.19,14.0,14.19,13.88,24973,35073030.0,2.19,-0.99,-0.14,1.96,72396518460.0
2001-07-16,14.06,14.08,14.1,13.78,9678,13483000.0,2.29,0.57,0.08,0.76,72810212851.2
2001-07-17,14.03,14.05,14.05,13.88,5604,7820000.0,1.21,-0.21,-0.03,0.44,72655077454.5
2001-07-18,14.0,14.09,14.16,13.95,8707,12256000.0,1.49,0.28,0.04,0.68,72861924650.1
2001-07-19,14.11,14.09,14.15,13.95,5001,7023000.0,1.42,0.0,0.0,0.39,72861924650.1
2001-07-20,14.1,14.34,14.46,14.07,42156,60235000.0,2.77,1.77,0.25,3.31,74154719622.6
2001-07-23,14.58,14.55,14.75,14.4,66299,96781000.0,2.44,1.46,0.21,5.21,75240667399.5
2001-07-24,14.49,14.89,15.08,14.4,91314,135205000.0,4.67,2.34,0.34,7.18,76998868562.1
2001-07-25,14.89,14.72,14.95,14.6,29796,44034000.0,2.35,-1.14,-0.17,2.34,76119767980.8
2001-07-26,14.7,14.42,14.8,14.2,24933,36088000.0,4.08,-2.04,-0.3,1.96,74568414013.8
2001-07-27,14.42,14.08,14.6,14.0,22036,31435000.0,4.16,-2.36,-0.34,1.73,72810212851.2
2001-07-30,14.0,13.21,14.0,13.21,20861,28638000.0,5.61,-6.18,-0.87,1.64,68311286346.9
2001-07-31,13.05,13.4,13.7,12.98,16631,22346000.0,5.45,1.44,0.19,1.31,69293810526.0
2001-08-01,13.51,13.84,13.89,13.5,15558,21323000.0,2.91,3.28,0.44,1.22,71569129677.6
2001-08-02,13.8,13.53,13.82,13.1,14398,19248000.0,5.2,-2.24,-0.31,1.13,69966063911.7
2001-08-03,13.6,13.91,13.92,13.5,14981,20732000.0,3.1,2.81,0.38,1.18,71931112269.9
2001-08-06,13.88,13.6,13.88,13.16,11707,15875000.0,5.18,-2.23,-0.31,0.92,70328046504.0
2001-08-07,13.55,13.89,14.05,13.42,12932,17855000.0,4.63,2.13,0.29,1.02,71827688672.1
2001-08-08,13.91,14.13,14.19,13.85,17235,24227000.0,2.45,1.73,0.24,1.36,73068771845.7
2001-08-09,14.1,14.24,14.28,14.1,14913,21181000.0,1.27,0.78,0.11,1.17,73637601633.6
2001-08-10,14.25,14.23,14.34,14.13,18425,26201000.0,1.47,-0.07,-0.01,1.45,73585889834.7
2001-08-13,14.23,14.29,14.39,14.16,13116,18748000.0,1.62,0.42,0.06,1.03,73896160628.09999
2001-08-14,14.3,13.91,14.36,13.88,17873,25088000.0,3.36,-2.66,-0.38,1.41,71931112269.9
2001-08-15,13.91,14.08,14.15,13.85,9922,13876000.0,2.16,1.22,0.17,0.78,72810212851.2
2001-08-16,14.08,14.08,14.29,14.0,12562,17789000.0,2.06,0.0,0.0,0.99,72810212851.2
2001-08-17,14.1,14.45,14.55,14.0,26400,37855000.0,3.91,2.63,0.37,2.08,74723549410.5
2001-08-20,14.5,14.54,14.68,14.4,22598,32868000.0,1.94,0.62,0.09,1.78,75188955600.59999
2001-08-21,14.56,14.46,14.6,14.46,13614,19767000.0,0.96,-0.55,-0.08,1.07,74775261209.40001
2001-08-22,14.45,14.23,14.46,14.06,17381,24676000.0,2.77,-1.59,-0.23,1.37,73585889834.7
2001-08-23,14.08,14.49,14.5,13.93,12491,17827000.0,4.01,1.83,0.26,0.98,74930396606.1
2001-08-24,14.48,14.16,14.58,14.1,8579,12302000.0,3.31,-2.28,-0.33,0.67,73223907242.4
2001-08-27,14.1,13.68,14.16,13.61,19018,26331000.0,3.88,-3.39,-0.48,1.5,70741740895.2
2001-08-28,13.6,13.97,13.97,13.51,10261,14045000.0,3.36,2.12,0.29,0.81,72241383063.3
2001-08-29,13.97,13.81,14.05,13.8,5452,7602000.0,1.79,-1.15,-0.16,0.43,71413994280.90001
2001-08-30,13.8,13.7,13.87,13.63,4623,6339000.0,1.74,-0.8,-0.11,0.36,70845164493.0
2001-08-31,13.65,13.68,13.8,13.61,3900,5329000.0,1.39,-0.15,-0.02,0.31,70741740895.2
2001-09-03,13.6,13.34,13.67,13.28,7604,10225000.0,2.85,-2.49,-0.34,0.6,68983539732.6
2001-09-04,13.3,13.56,13.68,13.3,5822,7861000.0,2.85,1.65,0.22,0.46,70121199308.40001
2001-09-05,13.6,13.64,13.8,13.6,4925,6742000.0,1.47,0.59,0.08,0.39,70534893699.6
2001-09-06,13.6,13.56,13.75,13.51,3940,5360000.0,1.76,-0.59,-0.08,0.31,70121199308.40001
2001-09-07,13.5,13.1,13.55,13.0,11674,15470000.0,4.06,-3.39,-0.46,0.92,67742456559.0
2001-09-10,12.98,13.62,13.74,12.86,7150,9563000.0,6.72,3.97,0.52,0.56,70431470101.8
2001-09-11,13.68,13.62,13.84,13.58,4362,5976000.0,1.91,0.0,0.0,0.34,70431470101.8
2001-09-12,13.08,13.3,13.52,13.08,8942,11908000.0,3.23,-2.35,-0.32,0.7,68776692537.0
2001-09-13,13.32,13.13,13.49,13.1,7758,10226000.0,2.93,-1.28,-0.17,0.61,67897591955.700005
2001-09-14,13.3,13.18,13.5,13.15,5113,6780000.0,2.67,0.38,0.05,0.4,68156150950.2
2001-09-17,13.1,13.0,13.25,13.0,5155,6738000.0,1.9,-1.37,-0.18,0.41,67225338570.0
2001-09-18,12.94,13.04,13.3,12.94,4357,5688000.0,2.77,0.31,0.04,0.34,67432185765.6
2001-09-19,13.05,12.98,13.06,12.77,6189,7979000.0,2.22,-0.46,-0.06,0.49,67121914972.200005
2001-09-20,13.03,13.01,13.2,12.91,4050,5279000.0,2.23,0.23,0.03,0.32,67277050368.9
2001-09-24,12.9,11.74,12.9,11.71,32015,38470000.0,9.15,-9.76,-1.27,2.52,60709651908.6
2001-09-25,11.7,11.32,11.93,11.02,19885,22545000.0,7.75,-3.58,-0.42,1.56,58537756354.8
2001-09-26,11.29,11.14,11.42,11.07,6090,6833000.0,3.09,-1.59,-0.18,0.48,57606943974.600006
2001-09-27,11.14,11.2,11.41,11.1,3766,4231000.0,2.78,0.54,0.06,0.3,57917214768.0
2001-09-28,11.22,11.25,11.4,11.15,3457,3894000.0,2.23,0.45,0.05,0.27,58175773762.5
2001-10-08,11.26,10.54,11.39,10.5,5567,5939000.0,7.91,-6.31,-0.71,0.44,54504236040.6
2001-10-09,10.48,10.75,10.98,10.48,3813,4104000.0,4.74,1.99,0.21,0.3,55590183817.5
2001-10-10,10.71,10.26,10.71,10.2,4473,4642000.0,4.74,-4.56,-0.49,0.35,53056305671.4
2001-10-11,10.26,9.9,10.4,9.88,9094,9139000.0,5.07,-3.51,-0.36,0.72,51194680911.0
2001-10-12,10.01,10.43,10.68,9.81,9119,9322000.0,8.79,5.35,0.53,0.72,53935406252.7
2001-10-15,10.48,10.41,10.68,10.31,5612,5898000.0,3.55,-0.19,-0.02,0.44,53831982654.9
2001-10-16,10.53,10.16,10.53,10.15,2729,2796000.0,3.65,-2.4,-0.25,0.21,52539187682.4
2001-10-17,10.14,10.15,10.4,10.07,1702,1726000.0,3.25,-0.1,-0.01,0.13,52487475883.5
2001-10-18,10.14,9.95,10.3,9.92,3529,3535000.0,3.74,-1.97,-0.2,0.28,51453239905.5
2001-10-19,9.95,9.58,9.98,9.38,7977,7715000.0,6.03,-3.72,-0.37,0.63,49539903346.2
2001-10-22,9.42,9.15,9.7,9.11,3678,3456000.0,6.16,-4.49,-0.43,0.29,47316295993.5
2001-10-23,10.06,10.07,10.07,9.81,11513,11551000.0,2.84,10.05,0.92,0.91,52073781492.3
2001-10-24,10.65,10.6,10.78,10.3,21107,22277000.0,4.77,5.26,0.53,1.66,54814506834.0
2001-10-25,10.55,10.21,10.55,10.2,7805,8086000.0,3.3,-3.68,-0.39,0.61,52797746676.9
2001-10-26,10.15,10.09,10.28,9.97,5790,5845000.0,3.04,-1.18,-0.12,0.46,52177205090.1
2001-10-29,10.56,10.52,10.56,10.15,4711,4879000.0,4.06,4.26,0.43,0.37,54400812442.799995
2001-10-30,10.77,10.72,10.77,10.43,10347,11022000.0,3.23,1.9,0.2,0.81,55435048420.8
2001-10-31,10.88,11.1,11.12,10.7,34857,38109000.0,3.92,3.54,0.38,2.74,57400096779.0
2001-11-01,11.19,11.02,11.25,10.92,11203,12379000.0,2.97,-0.72,-0.08,0.88,56986402387.799995
2001-11-02,11.03,10.85,11.08,10.82,6160,6739000.0,2.36,-1.54,-0.17,0.48,56107301806.5
2001-11-05,10.84,10.76,10.9,10.62,4204,4510000.0,2.58,-0.83,-0.09,0.33,55641895616.4
2001-11-06,10.7,10.88,10.89,10.66,2883,3113000.0,2.14,1.12,0.12,0.23,56262437203.200005
2001-11-07,10.7,9.95,10.95,9.93,8538,8819000.0,9.38,-8.55,-0.93,0.67,51453239905.5
2001-11-08,9.81,10.13,10.18,9.66,6640,6602000.0,5.23,1.81,0.18,0.52,52384052285.700005
2001-11-09,10.1,10.16,10.25,9.83,6402,6440000.0,4.15,0.3,0.03,0.5,52539187682.4
2001-11-12,10.13,10.0,10.13,9.88,3342,3348000.0,2.46,-1.57,-0.16,0.26,51711798900.0
2001-11-13,9.99,9.87,9.99,9.8,3792,3737000.0,1.9,-1.3,-0.13,0.3,51039545514.299995
2001-11-14,9.94,9.8,9.95,9.76,1793,1770000.0,1.93,-0.71,-0.07,0.14,50677562922.0
2001-11-15,9.94,9.78,9.94,9.7,2444,2395000.0,2.45,-0.2,-0.02,0.19,50574139324.2
2001-11-16,10.56,10.0,10.7,10.0,8611,8820000.0,7.16,2.25,0.22,0.68,51711798900.0
2001-11-19,10.01,10.14,10.16,10.0,8611,8820546.0,1.6,1.4,0.14,0.68,52435764084.600006
2001-11-20,10.2,10.49,10.5,10.15,2591,2611527.0,3.45,3.45,0.35,0.2,54245677046.1
2001-11-21,10.51,10.5,10.59,10.38,4937,5172000.0,2.0,0.1,0.01,0.39,54297388845.0
2001-11-22,10.49,10.68,10.7,10.41,7285,7726000.0,2.76,1.71,0.18,0.57,55228201225.2
2001-11-23,10.71,10.5,10.71,10.46,5041,5314000.0,2.34,-1.69,-0.18,0.4,54297388845.0
2001-11-26,10.5,10.6,10.62,10.46,4555,4797000.0,1.52,0.95,0.1,0.36,54814506834.0
2001-11-27,10.65,10.75,10.75,10.52,5508,5858000.0,2.17,1.42,0.15,0.43,55590183817.5
2001-11-28,10.77,10.71,10.85,10.65,5656,6089000.0,1.86,-0.37,-0.04,0.44,55383336621.9
2001-11-29,10.7,10.61,10.75,10.6,5974,6384000.0,1.4,-0.93,-0.1,0.47,54866218632.899994
2001-11-30,10.62,10.81,10.84,10.62,7019,7560000.0,2.07,1.89,0.2,0.55,55900454610.9
2001-12-03,10.82,11.0,11.11,10.82,11776,12958000.0,2.68,1.76,0.19,0.93,56882978790.0
2001-12-04,11.02,11.06,11.06,10.86,6002,6561000.0,1.82,0.55,0.06,0.47,57193249583.4
2001-12-05,11.01,10.8,11.07,10.77,9682,10564924.0,2.71,-2.35,-0.26,0.76,55848742812.0
2001-12-06,10.78,10.78,10.86,10.7,5026,5419433.0,1.48,-0.19,-0.02,0.4,55745319214.2
2001-12-07,10.9,11.04,11.2,10.8,9389,10328510.0,3.71,2.41,0.26,0.74,57089825985.6
2001-12-10,11.18,11.28,11.33,11.04,13286,14901024.0,2.63,2.17,0.24,1.04,58330909159.2
2001-12-11,11.28,11.01,11.35,10.95,10418,11560513.0,3.55,-2.39,-0.27,0.82,56934690588.9
2001-12-12,11.0,11.0,11.02,10.82,5782,6333399.0,1.82,-0.09,-0.01,0.45,56882978790.0
2001-12-13,10.99,10.68,11.04,10.67,5820,6298003.0,3.36,-2.91,-0.32,0.46,55228201225.2
2001-12-14,10.62,10.39,10.75,10.38,4432,4671156.0,3.46,-2.72,-0.29,0.35,53728559057.100006
2001-12-17,10.39,10.33,10.49,10.17,3213,3311236.0,3.08,-0.58,-0.06,0.25,53418288263.7
2001-12-18,10.4,10.64,10.64,10.28,2496,2601862.0,3.48,3.0,0.31,0.2,55021354029.600006
2001-12-19,10.7,10.35,10.7,10.33,1848,1941312.0,3.48,-2.73,-0.29,0.15,53521711861.5
2001-12-20,10.29,10.16,10.29,10.1,3714,3779969.0,1.84,-1.84,-0.19,0.29,52539187682.4
2001-12-21,10.12,10.16,10.22,10.1,2155,2188745.0,1.18,0.0,0.0,0.17,52539187682.4
2001-12-24,10.39,10.04,10.39,10.01,2535,2560851.0,3.74,-1.18,-0.12,0.2,51918646095.6
2001-12-25,10.2,10.07,10.2,9.96,1872,1879256.0,2.39,0.3,0.03,0.15,52073781492.3
2001-12-26,10.18,10.21,10.22,10.06,1371,1390672.0,1.59,1.39,0.14,0.11,52797746676.9
2001-12-27,10.25,10.14,10.31,10.14,2364,2408242.0,1.67,-0.69,-0.07,0.19,52435764084.600006
2001-12-28,10.26,10.12,10.28,10.06,2131,2155755.0,2.17,-0.2,-0.02,0.17,52332340486.799995
2001-12-31,10.15,10.0,10.17,9.98,3450,3472872.0,1.88,-1.19,-0.12,0.27,51711798900.0
2002-01-04,10.0,9.98,10.08,9.96,1920,1918342.0,1.2,-0.2,-0.02,0.15,51608375302.200005
2002-01-07,9.8,9.83,9.99,9.8,1768,1737737.0,1.9,-1.5,-0.15,0.14,50832698318.7
2002-01-08,9.85,9.72,9.89,9.7,1766,1731028.0,1.93,-1.12,-0.11,0.14,50263868530.8
2002-01-09,9.8,9.4,9.8,9.38,3181,3028830.0,4.32,-3.29,-0.32,0.25,48609090966.0
2002-01-10,9.29,9.52,9.58,9.18,3734,3464543.0,4.26,1.28,0.12,0.29,49229632552.799995
2002-01-11,9.52,9.32,9.52,9.28,1979,1847492.0,2.52,-2.1,-0.2,0.16,48195396574.8
2002-01-14,9.25,8.83,9.25,8.8,4454,3985059.0,4.83,-5.26,-0.49,0.35,45661518428.7
2002-01-15,8.73,8.62,8.9,8.58,3029,2650364.0,3.62,-2.38,-0.21,0.24,44575570651.799995
2002-01-16,8.6,8.7,8.75,8.48,3291,2832830.0,3.13,0.93,0.08,0.26,44989265043.0
2002-01-17,8.74,8.12,8.74,7.9,3239,2696065.0,9.66,-6.67,-0.58,0.25,41989980706.799995
2002-01-18,8.0,7.94,8.25,7.86,4700,3774864.0,4.8,-2.22,-0.18,0.37,41059168326.6
2002-01-21,7.85,7.56,7.98,7.56,3759,2909684.0,5.29,-4.79,-0.38,0.3,39094119968.4
2002-01-22,7.45,6.95,7.9,6.8,19015,13341314.0,14.55,-8.07,-0.61,1.5,35939700235.5
2002-01-23,7.0,7.59,7.6,6.8,10289,7380117.0,11.51,9.21,0.64,0.81,39249255365.1
2002-01-24,7.49,7.81,8.13,7.31,15534,12164094.0,10.8,2.9,0.22,1.22,40386914940.9
2002-01-25,7.81,7.8,7.96,7.7,6775,5313097.0,3.33,-0.13,-0.01,0.53,40335203142.0
2002-01-28,8.01,7.17,8.01,7.12,11369,8583364.0,11.41,-8.08,-0.63,0.89,37077359811.3
2002-01-29,7.09,7.38,7.49,6.92,6630,4835776.0,7.95,2.93,0.21,0.52,38163307588.2
2002-01-30,7.4,7.72,8.08,7.36,8170,6315984.0,9.76,4.61,0.34,0.64,39921508750.799995
2002-01-31,7.82,8.48,8.49,7.82,31411,26217881.0,8.68,9.84,0.76,2.47,43851605467.200005
2002-02-01,8.53,8.5,8.61,8.35,16578,14126985.0,3.07,0.24,0.02,1.3,43955029065.0
2002-02-04,8.32,8.6,8.66,8.32,6297,5370110.0,4.0,1.18,0.1,0.5,44472147054.0
2002-02-05,8.6,8.68,8.71,8.5,6465,5581888.0,2.44,0.93,0.08,0.51,44885841445.2
2002-02-06,8.6,8.47,8.68,8.42,7349,6282215.0,3.0,-2.42,-0.21,0.58,43799893668.3
2002-02-07,8.5,8.75,8.76,8.4,7413,6412955.0,4.25,3.31,0.28,0.58,45247824037.5
2002-02-08,8.7,8.61,8.88,8.59,4707,4108405.0,3.31,-1.6,-0.14,0.37,44523858852.899994
2002-02-25,8.78,8.85,8.93,8.77,7609,6736357.0,1.86,2.79,0.24,0.6,45764942026.5
2002-02-26,8.8,8.83,8.87,8.6,4166,3628332.0,3.05,-0.23,-0.02,0.33,45661518428.7
2002-02-27,8.8,8.88,8.92,8.76,3660,3250729.0,1.81,0.57,0.05,0.29,45920077423.200005
2002-02-28,8.87,8.68,8.88,8.63,2962,2595646.0,2.82,-2.25,-0.2,0.23,44885841445.2
2002-03-01,8.58,8.45,8.62,8.42,4492,3821089.0,2.3,-2.65,-0.23,0.35,43696470070.5
2002-03-04,8.42,8.76,8.78,8.33,5796,4953766.0,5.33,3.67,0.31,0.46,45299535836.4
2002-03-05,8.75,9.07,9.2,8.61,11021,9896416.0,6.74,3.54,0.31,0.87,46902601602.3
2002-03-06,9.06,9.0,9.26,8.99,12442,11364403.0,2.98,-0.77,-0.07,0.98,46540619010.0
2002-03-07,9.05,9.33,9.38,9.0,14170,13071019.0,4.22,3.67,0.33,1.11,48247108373.7
2002-03-08,9.36,9.58,9.6,9.3,20809,19633114.0,3.22,2.68,0.25,1.64,49539903346.2
2002-03-11,9.42,9.71,9.73,9.42,10972,10526568.0,3.24,1.36,0.13,0.86,50212156731.9
2002-03-12,9.71,9.48,9.75,9.45,14914,14305943.0,3.09,-2.37,-0.23,1.17,49022785357.200005
2002-03-13,9.48,9.36,9.68,9.22,8723,8251329.0,4.85,-1.27,-0.12,0.69,48402243770.399994
2002-03-14,9.35,9.73,9.78,9.3,8474,8057827.0,5.13,3.95,0.37,0.67,50315580329.700005
2002-03-15,9.73,9.48,10.05,9.41,21178,20876615.0,6.58,-2.57,-0.25,1.67,49022785357.200005
2002-03-18,9.63,9.27,9.75,9.18,16563,15505277.0,6.01,-2.22,-0.21,1.3,47936837580.299995
2002-03-19,9.27,9.52,9.55,9.23,6327,5945208.0,3.45,2.7,0.25,0.5,49229632552.799995
2002-03-20,9.61,9.62,9.8,9.5,8618,8317155.0,3.15,1.05,0.1,0.68,49746750541.799995
2002-03-21,9.7,9.69,9.84,9.6,8196,7925825.0,2.49,0.73,0.07,0.64,50108733134.1
2002-03-22,9.72,9.52,9.72,9.45,5692,5435071.0,2.79,-1.75,-0.17,0.45,49229632552.799995
2002-03-25,9.53,9.62,9.67,9.38,6589,6280221.0,3.05,1.05,0.1,0.52,49746750541.799995
2002-03-26,9.62,9.76,9.78,9.53,9762,9398620.0,2.6,1.46,0.14,0.77,50470715726.4
2002-03-27,9.98,9.97,9.98,9.75,28130,27726227.0,2.36,2.15,0.21,2.21,51556663503.3
2002-03-28,9.98,9.92,10.04,9.83,9563,9499706.0,2.11,-0.5,-0.05,0.75,51298104508.8
2002-03-29,9.9,9.5,9.9,9.45,16681,15908578.0,4.54,-4.23,-0.42,1.31,49126208955.0
2002-04-01,9.41,9.38,9.47,9.15,6587,6133538.0,3.37,-1.26,-0.12,0.52,48505667368.200005
2002-04-02,9.45,9.13,9.46,9.05,6466,5940593.0,4.37,-2.67,-0.25,0.51,47212872395.700005
2002-04-03,9.14,9.12,9.3,9.05,3988,3650644.0,2.74,-0.11,-0.01,0.31,47161160596.799995
2002-04-04,9.1,9.4,9.46,9.03,4325,4001172.0,4.71,3.07,0.28,0.34,48609090966.0
2002-04-05,9.41,9.35,9.5,9.21,4427,4145868.0,3.09,-0.53,-0.05,0.35,48350531971.5
2002-04-08,9.3,9.39,9.4,9.3,2498,2334483.0,1.07,0.43,0.04,0.2,48557379167.100006
2002-04-09,9.39,9.65,9.67,9.3,7197,6882761.0,3.94,2.77,0.26,0.57,49901885938.5
2002-04-10,9.73,9.74,9.76,9.56,5930,5739236.0,2.07,0.93,0.09,0.47,50367292128.6
2002-04-11,9.74,9.61,9.88,9.55,7688,7493932.0,3.39,-1.33,-0.13,0.6,49695038742.899994
2002-04-12,9.61,9.75,9.78,9.52,5123,4933735.0,2.71,1.46,0.14,0.4,50419003927.5
2002-04-15,9.62,9.59,9.8,9.46,6621,6331056.0,3.49,-1.64,-0.16,0.52,49591615145.1
2002-04-16,9.58,9.49,9.62,9.44,3433,3263822.0,1.88,-1.04,-0.1,0.27,49074497156.1
2002-04-17,9.49,9.46,9.5,9.29,3057,2866291.0,2.21,-0.32,-0.03,0.24,48919361759.4
2002-04-18,9.55,9.27,9.55,9.27,3431,3207441.0,2.96,-2.01,-0.19,0.27,47936837580.299995
2002-04-19,9.18,9.48,9.49,9.15,6831,6321112.0,3.67,2.27,0.21,0.54,49022785357.200005
2002-04-22,9.5,9.42,9.58,9.32,7800,7384329.0,2.74,-0.63,-0.06,0.61,48712514563.8
2002-04-23,9.38,9.32,9.47,9.3,2304,2155403.0,1.8,-1.06,-0.1,0.18,48195396574.8
2002-04-24,9.32,9.27,9.44,9.26,1840,1712777.0,1.93,-0.54,-0.05,0.14,47936837580.299995
2002-04-25,9.25,9.29,9.3,9.2,1558,1440760.0,1.08,0.22,0.02,0.12,48040261178.1
2002-04-26,9.4,9.4,9.47,9.29,2840,2672316.0,1.94,1.18,0.11,0.22,48609090966.0
2002-04-29,9.45,9.56,9.62,9.38,4970,4729868.0,2.55,1.7,0.16,0.39,49436479748.4
2002-04-30,9.66,9.58,9.68,9.48,4367,4186302.0,2.09,0.21,0.02,0.34,49539903346.2
2002-05-08,9.61,9.5,9.62,9.48,2033,1932501.0,1.46,-0.84,-0.08,0.16,49126208955.0
2002-05-09,9.45,9.51,9.6,9.38,5413,5156963.0,2.32,0.11,0.01,0.43,49177920753.9
2002-05-10,9.51,9.69,9.7,9.4,14942,14302769.0,3.15,1.89,0.18,1.17,50108733134.1
2002-05-13,9.7,9.51,9.7,9.45,4065,3877654.0,2.58,-1.86,-0.18,0.32,49177920753.9
2002-05-14,9.5,9.42,9.55,9.4,2161,2044670.0,1.58,-0.95,-0.09,0.17,48712514563.8
2002-05-15,9.4,9.09,9.4,9.02,7710,7098933.0,4.03,-3.5,-0.33,0.61,47006025200.1
2002-05-16,9.05,8.75,9.13,8.7,7087,6295635.0,4.73,-3.74,-0.34,0.56,45247824037.5
2002-05-17,8.72,8.82,8.92,8.68,4665,4091187.0,2.74,0.8,0.07,0.37,45609806629.8
2002-05-20,8.8,8.56,8.8,8.47,3449,2945558.0,3.74,-2.95,-0.26,0.27,44265299858.4
2002-05-22,9.01,8.77,9.16,8.75,11368,10176362.0,4.79,2.45,0.21,0.89,45351247635.299995
2002-05-23,8.68,8.89,8.93,8.68,5178,4587040.0,2.85,1.37,0.12,0.41,45971789222.100006
2002-05-24,8.81,8.74,8.9,8.7,2561,2242193.0,2.25,-1.69,-0.15,0.2,45196112238.6
2002-05-27,8.78,8.78,8.95,8.69,2706,2365040.0,2.97,0.46,0.04,0.21,45402959434.2
2002-05-28,8.92,9.02,9.1,8.88,7132,6412583.0,2.51,2.73,0.24,0.56,46644042607.799995
2002-05-29,9.0,8.77,9.0,8.7,3473,3047678.0,3.33,-2.77,-0.25,0.27,45351247635.299995
2002-05-30,8.75,8.74,8.77,8.57,2591,2246476.0,2.28,-0.34,-0.03,0.2,45196112238.6
2002-05-31,8.85,8.78,8.85,8.65,3149,2754312.0,2.29,0.46,0.04,0.25,45402959434.2
2002-06-03,8.6,8.5,8.6,8.37,3749,3172051.0,2.62,-3.19,-0.28,0.29,43955029065.0
2002-06-04,8.48,8.5,8.55,8.3,2456,2075907.0,2.94,0.0,0.0,0.19,43955029065.0
2002-06-05,8.54,8.39,8.54,8.28,2033,1694182.0,3.06,-1.29,-0.11,0.16,43386199277.100006
2002-06-06,8.01,8.79,8.9,8.01,6909,5922831.0,10.61,4.77,0.4,0.54,45454671233.1
2002-06-07,8.88,8.82,8.92,8.7,10248,9059324.0,2.5,0.34,0.03,0.81,45609806629.8
2002-06-10,8.72,8.64,8.75,8.6,2306,1998610.0,1.7,-2.04,-0.18,0.18,44678994249.600006
2002-06-11,8.64,8.8,8.9,8.64,1782,1560894.0,3.01,1.85,0.16,0.14,45506383032.0
2002-06-12,8.76,8.65,8.76,8.62,1296,1122787.0,1.59,-1.7,-0.15,0.1,44730706048.5
2002-06-13,8.7,8.64,8.77,8.58,1198,1033244.0,2.2,-0.12,-0.01,0.09,44678994249.600006
2002-06-14,8.59,8.49,8.59,8.43,1678,1426777.0,1.85,-1.74,-0.15,0.13,43903317266.1
2002-06-17,8.35,8.47,8.5,8.33,1408,1184504.0,2.0,-0.24,-0.02,0.11,43799893668.3
2002-06-18,8.48,8.63,8.68,8.48,2557,2200525.0,2.36,1.89,0.16,0.2,44627282450.700005
2002-06-19,8.62,8.53,8.65,8.4,1775,1507647.0,2.9,-1.16,-0.1,0.14,44110164461.7
2002-06-20,8.5,8.57,8.68,8.5,1856,1592190.0,2.11,0.47,0.04,0.15,44317011657.3
2002-06-21,8.54,8.89,8.95,8.54,8098,7145378.0,4.78,3.73,0.32,0.64,45971789222.100006
2002-06-24,9.78,9.78,9.78,9.38,42951,41483258.0,4.5,10.01,0.89,3.38,50574139324.2
2002-06-25,9.84,9.62,10.0,9.58,22572,22102920.0,4.29,-1.64,-0.16,1.77,49746750541.799995
2002-06-26,9.56,9.65,9.71,9.41,8436,8065400.0,3.12,0.31,0.03,0.66,49901885938.5
2002-06-27,9.65,9.67,9.74,9.58,6999,6752000.0,1.66,0.21,0.02,0.55,50005309536.3
2002-06-28,9.66,9.75,9.8,9.52,12479,12073005.0,2.9,0.83,0.08,0.98,50419003927.5
2002-07-01,9.75,9.55,9.75,9.55,4955,4766601.0,2.05,-2.05,-0.2,0.39,49384767949.5
2002-07-02,9.53,9.59,9.6,9.41,4086,3879283.0,1.99,0.42,0.04,0.32,49591615145.1
2002-07-03,9.62,9.59,9.64,9.53,4014,3839695.0,1.15,0.0,0.0,0.32,49591615145.1
2002-07-04,9.59,9.6,9.64,9.52,5621,5392130.0,1.25,0.1,0.01,0.44,49643326944.0
2002-07-05,9.59,9.68,9.68,9.54,3919,3766338.0,1.46,0.83,0.08,0.31,50057021335.2
2002-07-08,9.68,9.83,9.88,9.68,12892,12607602.0,2.07,1.55,0.15,1.01,50832698318.7
2002-07-09,9.82,9.74,9.83,9.73,7482,7310889.0,1.02,-0.92,-0.09,0.59,50367292128.6
2002-07-10,9.74,9.54,9.79,9.54,8487,8179136.0,2.57,-2.05,-0.2,0.67,49333056150.6
2002-07-11,9.51,9.62,9.65,9.5,3615,3462168.0,1.57,0.84,0.08,0.28,49746750541.799995
2002-07-12,9.5,9.59,9.62,9.5,4060,3876458.0,1.25,-0.31,-0.03,0.32,49591615145.1
2002-07-15,9.59,9.58,9.67,9.49,2984,2846345.0,1.88,-0.1,-0.01,0.23,49539903346.2
2002-07-16,9.59,9.6,9.68,9.52,3087,2968981.0,1.67,0.21,0.02,0.24,49643326944.0
2002-07-17,9.69,9.66,9.69,9.55,3935,3785385.0,1.46,0.63,0.06,0.31,49953597737.4
2002-07-18,9.75,9.85,9.94,9.66,28777,28332306.0,2.9,1.97,0.19,2.26,50936121916.5
2002-07-19,9.9,9.98,9.98,9.85,15464,15314003.0,1.32,1.32,0.13,1.22,51608375302.200005
2002-07-22,9.98,9.72,10.04,9.7,12402,12260625.0,3.41,-2.61,-0.26,0.98,50263868530.8
2002-07-23,9.63,9.59,9.75,9.58,6373,6152520.0,1.75,-1.34,-0.13,0.5,49591615145.1
2002-07-24,9.59,9.59,9.66,9.55,3517,3378789.0,1.15,0.0,0.0,0.28,49591615145.1
2002-07-25,9.65,9.59,9.7,9.47,4317,4115731.0,2.4,0.0,0.0,0.34,49591615145.1
2002-07-26,9.59,9.48,9.6,9.45,3943,3750488.0,1.56,-1.15,-0.11,0.31,49022785357.200005
2002-07-29,9.44,9.48,9.5,9.38,2792,2635111.0,1.27,0.0,0.0,0.22,49022785357.200005
2002-07-30,9.5,9.51,9.58,9.42,1663,1581929.0,1.69,0.32,0.03,0.13,49177920753.9
2002-07-31,9.51,9.33,9.58,9.25,6400,5973840.0,3.47,-1.89,-0.18,0.5,48247108373.7
2002-08-01,9.3,9.35,9.38,9.21,3956,3669564.0,1.82,0.21,0.02,0.31,48350531971.5
2002-08-02,9.35,9.4,9.41,9.32,1420,1331099.0,0.96,0.53,0.05,0.11,48609090966.0
2002-08-05,9.31,9.28,9.35,9.27,1559,1449000.0,0.85,-1.28,-0.12,0.12,47988549379.2
2002-08-06,9.25,9.39,9.45,9.25,1887,1766243.0,2.16,1.19,0.11,0.15,48557379167.100006
2002-08-07,9.35,9.36,9.4,9.32,740,692367.0,0.85,-0.32,-0.03,0.06,48402243770.399994
2002-08-08,9.36,9.31,9.43,9.28,1021,951876.0,1.6,-0.53,-0.05,0.08,48143684775.9
2002-08-09,9.31,9.28,9.39,9.24,1385,1283530.0,1.61,-0.32,-0.03,0.11,47988549379.2
2002-08-12,9.27,9.22,9.3,9.09,3309,3034884.0,2.26,-0.65,-0.06,0.26,47678278585.8
2002-08-13,9.1,9.22,9.26,9.1,1602,1472248.0,1.74,0.0,0.0,0.13,47678278585.8
2002-08-14,9.22,9.24,9.26,9.15,1012,930000.0,1.19,0.22,0.02,0.08,47781702183.6
2002-08-15,9.17,9.22,9.31,9.17,2403,2222635.0,1.52,-0.22,-0.02,0.19,47678278585.8
2002-08-16,9.2,9.27,9.33,9.13,1614,1488417.0,2.17,0.54,0.05,0.13,47936837580.299995
2002-08-19,9.2,9.2,9.27,9.16,2381,2190750.0,1.19,-0.76,-0.07,0.19,47574854988.0
2002-08-20,9.25,9.36,9.38,9.23,1999,1863874.0,1.63,1.74,0.16,0.16,48402243770.399994
2002-08-21,9.36,9.35,9.4,9.32,2020,1892581.0,0.85,-0.11,-0.01,0.16,48350531971.5
2002-08-22,9.36,9.5,9.55,9.32,8753,8265691.0,2.46,1.6,0.15,0.69,49126208955.0
2002-08-23,9.59,9.51,9.66,9.45,9511,9073346.0,2.21,0.11,0.01,0.75,49177920753.9
2002-08-26,9.46,9.36,9.46,9.36,2717,2551812.0,1.05,-1.58,-0.15,0.21,48402243770.399994
2002-08-27,9.35,9.42,9.43,9.34,2458,2307620.0,0.96,0.64,0.06,0.19,48712514563.8
2002-08-28,9.48,9.35,9.48,9.33,2448,2297000.0,1.59,-0.74,-0.07,0.19,48350531971.5
2002-08-29,9.38,9.24,9.38,9.2,2829,2623331.0,1.93,-1.18,-0.11,0.22,47781702183.6
2002-08-30,9.2,9.2,9.25,9.18,3451,3173422.0,0.76,-0.43,-0.04,0.27,47574854988.0
2002-09-02,9.18,9.24,9.25,9.13,2276,2084434.0,1.3,0.43,0.04,0.18,47781702183.6
2002-09-03,9.25,9.29,9.29,9.21,1800,1664414.0,0.87,0.54,0.05,0.14,48040261178.1
2002-09-04,9.28,9.31,9.36,9.28,2852,2659519.0,0.86,0.22,0.02,0.22,48143684775.9
2002-09-05,9.2,9.25,9.28,9.15,1925,1771189.0,1.4,-0.64,-0.06,0.15,47833413982.5
2002-09-06,9.17,9.21,9.25,9.16,1402,1289209.0,0.97,-0.43,-0.04,0.11,47626566786.9
2002-09-09,9.15,9.05,9.16,9.0,2017,1829470.0,1.74,-1.74,-0.16,0.16,46799178004.5
2002-09-10,9.08,9.01,9.08,8.95,1742,1569499.0,1.44,-0.44,-0.04,0.14,46592330808.9
2002-09-11,9.1,8.99,9.1,8.89,2051,1837299.0,2.33,-0.22,-0.02,0.16,46488907211.1
2002-09-12,9.01,9.05,9.07,8.9,1057,950790.0,1.89,0.67,0.06,0.08,46799178004.5
2002-09-13,9.03,9.08,9.09,8.98,758,683124.0,1.22,0.33,0.03,0.06,46954313401.2
2002-09-16,9.0,8.96,9.02,8.89,1035,923694.0,1.43,-1.32,-0.12,0.08,46333771814.4
2002-09-17,9.0,8.99,9.05,8.89,1262,1129811.0,1.79,0.33,0.03,0.1,46488907211.1
2002-09-18,8.94,8.91,9.02,8.86,1449,1292857.0,1.78,-0.89,-0.08,0.11,46075212819.9
2002-09-19,8.86,9.06,9.11,8.79,2128,1896969.0,3.59,1.68,0.15,0.17,46850889803.4
2002-09-20,9.0,8.99,9.07,8.88,1207,1079443.0,2.1,-0.77,-0.07,0.09,46488907211.1
2002-09-23,8.95,8.93,8.97,8.82,1048,929807.0,1.67,-0.67,-0.06,0.08,46178636417.7
2002-09-24,8.92,8.9,8.93,8.81,1065,940921.0,1.34,-0.34,-0.03,0.08,46023501021.0
2002-09-25,8.9,8.83,8.9,8.8,984,869540.0,1.12,-0.79,-0.07,0.08,45661518428.7
2002-09-26,8.83,8.76,8.88,8.75,1512,1330343.0,1.47,-0.79,-0.07,0.12,45299535836.4
2002-09-27,8.8,8.62,8.8,8.4,6072,5174788.0,4.57,-1.6,-0.14,0.48,44575570651.799995
2002-10-08,8.56,8.6,8.69,8.43,1826,1561596.0,3.02,-0.23,-0.02,0.14,44472147054.0
2002-10-09,8.58,8.55,8.66,8.45,2009,1718343.0,2.44,-0.58,-0.05,0.16,44213588059.5
2002-10-10,8.43,8.5,8.6,8.43,1542,1315426.0,1.99,-0.58,-0.05,0.12,43955029065.0
2002-10-11,8.51,8.5,8.58,8.43,812,688937.0,1.76,0.0,0.0,0.06,43955029065.0
2002-10-14,8.5,8.45,8.51,8.37,1045,881998.0,1.65,-0.59,-0.05,0.08,43696470070.5
2002-10-15,8.44,8.36,8.44,8.33,1093,915817.0,1.3,-1.07,-0.09,0.09,43231063880.399994
2002-10-16,8.26,8.38,8.5,8.26,1443,1217451.0,2.87,0.24,0.02,0.11,43334487478.200005
2002-10-17,8.38,8.3,8.4,8.2,1724,1426839.0,2.39,-0.95,-0.08,0.14,42920793087.0
2002-10-18,8.28,8.28,8.3,8.1,1514,1245967.0,2.41,-0.24,-0.02,0.12,42817369489.2
2002-10-21,8.2,8.28,8.28,8.1,1363,1116437.0,2.17,0.0,0.0,0.11,42817369489.2
2002-10-22,8.19,8.37,8.4,8.13,1456,1213589.0,3.26,1.09,0.09,0.11,43282775679.299995
2002-10-23,8.37,8.34,8.44,8.25,960,802429.0,2.27,-0.36,-0.03,0.08,43127640282.6
2002-10-24,8.43,8.29,8.43,8.28,943,783959.0,1.8,-0.6,-0.05,0.07,42869081288.1
2002-10-25,8.39,8.18,8.39,8.15,946,778878.0,2.9,-1.33,-0.11,0.07,42300251500.2
2002-10-28,8.18,8.05,8.25,8.04,1646,1339110.0,2.57,-1.59,-0.13,0.13,41627998114.5
2002-10-29,8.05,7.96,8.13,7.86,2988,2374484.0,3.35,-1.12,-0.09,0.23,41162591924.4
2002-10-30,7.9,7.96,8.0,7.9,1086,862954.0,1.26,0.0,0.0,0.09,41162591924.4
2002-10-31,7.9,7.96,8.04,7.9,720,575837.0,1.76,0.0,0.0,0.06,41162591924.4
2002-11-01,7.97,7.97,8.04,7.97,1897,1515810.0,0.88,0.13,0.01,0.15,41214303723.299995
2002-11-04,8.1,8.1,8.13,7.99,1454,1167534.0,1.76,1.63,0.13,0.11,41886557109.0
2002-11-05,8.11,8.27,8.28,8.1,2421,1987197.0,2.22,2.1,0.17,0.19,42765657690.299995
2002-11-06,8.35,8.31,8.5,8.3,5737,4817195.0,2.42,0.48,0.04,0.45,42972504885.9
2002-11-07,8.34,8.25,8.35,8.2,2712,2239816.0,1.81,-0.72,-0.06,0.21,42662234092.5
2002-11-08,8.39,8.0,8.42,7.98,3277,2655923.0,5.33,-3.03,-0.25,0.26,41369439120.0
2002-11-11,8.05,7.92,8.05,7.8,2495,1970193.0,3.13,-1.0,-0.08,0.2,40955744728.8
2002-11-12,7.88,7.8,7.92,7.66,3430,2659421.0,3.28,-1.52,-0.12,0.27,40335203142.0
2002-11-13,7.78,7.75,7.79,7.6,2051,1577858.0,2.44,-0.64,-0.05,0.16,40076644147.5
2002-11-14,7.76,7.62,7.76,7.5,2218,1686189.0,3.35,-1.68,-0.13,0.17,39404390761.8
2002-11-15,7.6,7.56,7.7,7.52,2304,1750264.0,2.36,-0.79,-0.06,0.18,39094119968.4
2002-11-18,7.6,7.57,7.6,7.45,1494,1122404.0,1.98,0.13,0.01,0.12,39145831767.3
2002-11-19,7.58,7.66,7.7,7.45,1089,822617.0,3.3,1.19,0.09,0.09,39611237957.4
2002-11-20,7.52,7.39,7.58,7.24,2174,1603087.0,4.44,-3.52,-0.27,0.17,38215019387.1
2002-11-21,7.18,7.14,7.35,7.13,1743,1255507.0,2.98,-3.38,-0.25,0.14,36922224414.6
2002-11-22,7.4,7.12,7.4,7.0,3903,2787426.0,5.6,-0.28,-0.02,0.31,36818800816.8
2002-11-25,7.1,7.09,7.17,7.0,1242,879498.0,2.39,-0.42,-0.03,0.1,36663665420.1
2002-11-26,7.17,7.0,7.18,6.98,1444,1018529.0,2.82,-1.27,-0.09,0.11,36198259230.0
2002-11-27,6.98,7.05,7.06,6.88,2509,1741516.0,2.57,0.71,0.05,0.2,36456818224.5
2002-11-28,7.01,7.25,7.25,6.99,2156,1536705.0,3.69,2.84,0.2,0.17,37491054202.5
2002-11-29,7.34,7.3,7.43,7.22,6302,4615413.0,2.9,0.69,0.05,0.5,37749613197.0
2002-12-02,7.3,7.06,7.3,7.04,2002,1431594.0,3.56,-3.29,-0.24,0.16,36508530023.4
2002-12-03,7.0,7.16,7.18,7.0,1226,867812.0,2.55,1.42,0.1,0.1,37025648012.4
2002-12-04,7.2,7.17,7.28,7.14,2194,1580187.0,1.96,0.14,0.01,0.17,37077359811.3
2002-12-05,7.14,7.1,7.14,7.01,1530,1082577.0,1.81,-0.98,-0.07,0.12,36715377219.0
2002-12-06,7.14,7.2,7.29,7.08,2735,1972186.0,2.96,1.41,0.1,0.22,37232495208.0
2002-12-09,7.3,7.33,7.45,7.26,7162,5263335.0,2.64,1.81,0.13,0.56,37904748593.7
2002-12-10,7.34,7.23,7.43,7.22,4039,2958590.0,2.86,-1.36,-0.1,0.32,37387630604.700005
2002-12-11,7.23,7.18,7.25,7.11,1953,1397973.0,1.94,-0.69,-0.05,0.15,37129071610.2
2002-12-12,7.23,7.24,7.38,7.15,1843,1340508.0,3.2,0.84,0.06,0.14,37439342403.6
2002-12-13,7.09,7.31,7.37,7.09,2686,1951739.0,3.87,0.97,0.07,0.21,37801324995.9
2002-12-16,7.32,7.36,7.39,7.3,2918,2144354.0,1.23,0.68,0.05,0.23,38059883990.4
2002-12-17,7.36,7.4,7.46,7.28,3666,2699903.0,2.45,0.54,0.04,0.29,38266731186.0
2002-12-18,7.38,7.38,7.44,7.34,2430,1796045.0,1.35,-0.27,-0.02,0.19,38163307588.2
2002-12-19,7.31,7.39,7.4,7.27,1256,920314.0,1.76,0.14,0.01,0.1,38215019387.1
2002-12-20,7.38,7.44,7.49,7.36,2667,1984295.0,1.76,0.68,0.05,0.21,38473578381.6
2002-12-23,7.48,7.41,7.52,7.35,2853,2123344.0,2.28,-0.4,-0.03,0.22,38318442984.9
2002-12-24,7.41,7.36,7.41,7.25,2755,2012065.0,2.16,-0.67,-0.05,0.22,38059883990.4
2002-12-25,7.37,7.3,7.39,7.27,3774,2760990.0,1.63,-0.82,-0.06,0.3,37749613197.0
2002-12-26,7.1,7.33,7.34,7.1,7398,5363270.0,3.29,0.41,0.03,0.58,37904748593.7
2002-12-27,7.15,7.24,7.35,7.1,5811,4202738.0,3.41,-1.23,-0.09,0.46,37439342403.6
2002-12-30,7.15,7.02,7.16,7.0,4259,2998989.0,2.21,-3.04,-0.22,0.33,36301682827.799995
2002-12-31,7.05,6.95,7.08,6.94,1935,1357367.0,1.99,-1.0,-0.07,0.15,35939700235.5
2003-01-02,6.95,6.75,7.0,6.71,2417,1653242.0,4.17,-2.88,-0.2,0.19,34905464257.5
2003-01-03,6.7,6.71,6.8,6.68,1747,1174715.0,1.78,-0.59,-0.04,0.14,34698617061.9
2003-01-06,6.65,6.77,6.78,6.53,1446,968261.0,3.73,0.89,0.06,0.11,35008887855.299995
2003-01-07,6.72,6.74,6.9,6.65,2619,1772578.0,3.69,-0.44,-0.03,0.21,34853752458.6
2003-01-08,6.76,6.99,6.99,6.75,6250,4303262.0,3.56,3.71,0.25,0.49,36146547431.1
2003-01-09,6.99,7.08,7.1,6.85,6276,4397489.0,3.58,1.29,0.09,0.49,36611953621.2
2003-01-10,7.07,7.06,7.2,7.01,5691,4044305.0,2.68,-0.28,-0.02,0.45,36508530023.4
2003-01-13,7.0,7.03,7.08,6.97,2052,1440046.0,1.56,-0.42,-0.03,0.16,36353394626.700005
2003-01-14,7.0,7.37,7.49,7.0,10659,7783666.0,6.97,4.84,0.34,0.84,38111595789.3
2003-01-15,7.38,7.27,7.45,7.23,6539,4794689.0,2.99,-1.36,-0.1,0.51,37594477800.299995
2003-01-16,7.28,7.42,7.43,7.2,5520,4046691.0,3.16,2.06,0.15,0.43,38370154783.8
2003-01-17,7.42,7.45,7.58,7.36,9180,6865244.0,2.96,0.4,0.03,0.72,38525290180.5
2003-01-20,7.47,7.44,7.49,7.34,3824,2830885.0,2.01,-0.13,-0.01,0.3,38473578381.6
2003-01-21,7.46,7.25,7.49,7.23,4292,3153952.0,3.49,-2.55,-0.19,0.34,37491054202.5
2003-01-22,7.2,7.29,7.29,7.15,3153,2272812.0,1.93,0.55,0.04,0.25,37697901398.1
2003-01-23,7.28,7.16,7.33,7.16,2419,1750131.0,2.33,-1.78,-0.13,0.19,37025648012.4
2003-01-24,7.16,7.23,7.25,7.13,2744,1972177.0,1.68,0.98,0.07,0.22,37387630604.700005
2003-01-27,7.24,7.39,7.42,7.23,4016,2949739.0,2.63,2.21,0.16,0.32,38215019387.1
2003-01-28,7.39,7.42,7.45,7.36,2977,2202003.0,1.22,0.41,0.03,0.23,38370154783.8
2003-01-29,7.39,7.4,7.47,7.38,3336,2476674.0,1.21,-0.27,-0.02,0.26,38266731186.0
2003-02-10,7.31,7.25,7.33,7.24,1163,845472.0,1.22,-2.03,-0.15,0.09,37491054202.5
2003-02-11,7.23,7.33,7.34,7.2,1053,764657.0,1.93,1.1,0.08,0.08,37904748593.7
2003-02-12,7.35,7.57,7.6,7.35,10120,7611908.0,3.41,3.27,0.24,0.8,39145831767.3
2003-02-13,7.58,7.49,7.65,7.45,5315,4015639.0,2.64,-1.06,-0.08,0.42,38732137376.1
2003-02-14,7.46,7.52,7.56,7.42,3051,2290958.0,1.87,0.4,0.03,0.24,38887272772.799995
2003-02-17,7.5,7.57,7.64,7.45,8904,6746850.0,2.53,0.66,0.05,0.7,39145831767.3
2003-02-18,7.58,7.77,7.8,7.52,15679,12083191.0,3.7,2.64,0.2,1.23,40180067745.299995
2003-02-19,7.77,7.76,7.77,7.65,6178,4761871.0,1.54,-0.13,-0.01,0.49,40128355946.4
2003-02-20,7.79,7.65,7.79,7.64,4927,3792070.0,1.93,-1.42,-0.11,0.39,39559526158.5
2003-02-21,7.61,7.39,7.64,7.38,6641,4962395.0,3.4,-3.4,-0.26,0.52,38215019387.1
2003-02-24,7.31,7.4,7.44,7.31,2208,1629770.0,1.76,0.14,0.01,0.17,38266731186.0
2003-02-25,7.45,7.53,7.57,7.45,3569,2680874.0,1.62,1.76,0.13,0.28,38938984571.700005
2003-02-26,7.55,7.48,7.57,7.45,2090,1567152.0,1.59,-0.66,-0.05,0.16,38680425577.200005
2003-02-27,7.5,7.51,7.55,7.45,2591,1942511.0,1.34,0.4,0.03,0.2,38835560973.9
2003-02-28,7.5,7.49,7.53,7.4,2975,2214560.0,1.73,-0.27,-0.02,0.23,38732137376.1
2003-03-03,7.48,7.56,7.63,7.4,3149,2356420.0,3.07,0.93,0.07,0.25,39094119968.4
2003-03-04,7.61,7.51,7.63,7.5,2132,1606757.0,1.72,-0.66,-0.05,0.17,38835560973.9
2003-03-05,7.51,7.45,7.6,7.39,3148,2339535.0,2.8,-0.8,-0.06,0.25,38525290180.5
2003-03-06,7.45,7.32,7.48,7.29,4128,3039949.0,2.55,-1.74,-0.13,0.32,37853036794.8
2003-03-07,7.32,7.34,7.4,7.28,3089,2271884.0,1.64,0.27,0.02,0.24,37956460392.6
2003-03-10,7.34,7.18,7.43,7.17,2852,2060232.0,3.54,-2.18,-0.16,0.22,37129071610.2
2003-03-11,7.15,7.17,7.22,7.12,3234,2316376.0,1.39,-0.14,-0.01,0.25,37077359811.3
2003-03-12,7.2,7.15,7.2,7.08,1216,865844.0,1.67,-0.28,-0.02,0.1,36973936213.5
2003-03-13,7.1,7.12,7.16,7.1,1473,1050098.0,0.84,-0.42,-0.03,0.12,36818800816.8
2003-03-14,7.08,7.12,7.16,7.08,1228,875021.0,1.12,0.0,0.0,0.1,36818800816.8
2003-03-17,6.85,7.05,7.15,6.85,2906,2021377.0,4.21,-0.98,-0.07,0.23,36456818224.5
2003-03-18,7.05,6.92,7.09,6.92,1695,1190797.0,2.41,-1.84,-0.13,0.13,35784564838.8
2003-03-19,6.92,6.98,6.99,6.92,1287,894787.0,1.01,0.87,0.06,0.1,36094835632.200005
2003-03-20,7.0,6.97,7.04,6.95,1219,851321.0,1.29,-0.14,-0.01,0.1,36043123833.299995
2003-03-21,6.93,7.05,7.06,6.93,1437,1004506.0,1.87,1.15,0.08,0.11,36456818224.5
2003-03-24,7.05,7.04,7.08,6.99,948,665244.0,1.28,-0.14,-0.01,0.07,36405106425.6
2003-03-25,7.09,6.98,7.16,6.91,905,634747.0,3.55,-0.85,-0.06,0.07,36094835632.200005
2003-03-26,6.95,6.89,6.96,6.88,1596,1103078.0,1.15,-1.29,-0.09,0.13,35629429442.1
2003-03-27,6.84,7.1,7.14,6.82,3123,2175153.0,4.64,3.05,0.21,0.25,36715377219.0
2003-03-28,7.09,7.05,7.13,7.01,2722,1929946.0,1.69,-0.7,-0.05,0.21,36456818224.5
2003-03-31,7.69,7.19,7.69,6.98,8322,6050730.0,10.07,1.99,0.14,0.65,37180783409.1
2003-04-01,7.15,7.2,7.25,7.13,4251,3052248.0,1.67,0.14,0.01,0.33,37232495208.0
2003-04-02,7.18,7.16,7.2,7.13,2402,1719160.0,0.97,-0.56,-0.04,0.19,37025648012.4
2003-04-03,7.15,7.13,7.19,7.09,2056,1462801.0,1.4,-0.42,-0.03,0.16,36870512615.7
2003-04-04,7.13,7.13,7.15,7.06,2282,1620718.0,1.26,0.0,0.0,0.18,36870512615.7
2003-04-07,7.13,7.06,7.19,7.01,2087,1480471.0,2.52,-0.98,-0.07,0.16,36508530023.4
2003-04-08,7.02,6.9,7.06,6.88,6874,4763057.0,2.55,-2.27,-0.16,0.54,35681141241.0
2003-04-09,6.91,6.92,6.94,6.78,6462,4430935.0,2.32,0.29,0.02,0.51,35784564838.8
2003-04-10,6.92,6.96,7.0,6.82,10183,7049252.0,2.6,0.58,0.04,0.8,35991412034.4
2003-04-11,6.97,7.18,7.18,6.97,8449,5947219.0,3.02,3.16,0.22,0.66,37129071610.2
2003-04-14,7.18,7.3,7.34,7.15,17828,12942623.0,2.65,1.67,0.12,1.4,37749613197.0
2003-04-15,7.4,7.32,7.4,7.25,11191,8178442.0,2.05,0.27,0.02,0.88,37853036794.8
2003-04-16,7.35,7.17,7.35,7.15,13790,9992471.0,2.73,-2.05,-0.15,1.08,37077359811.3
2003-04-17,7.12,7.1,7.2,7.05,6436,4576953.0,2.09,-0.98,-0.07,0.51,36715377219.0
2003-04-18,7.11,7.21,7.28,7.1,6231,4482735.0,2.54,1.55,0.11,0.49,37284207006.9
2003-04-21,7.21,7.12,7.26,7.01,5126,3632839.0,3.47,-1.25,-0.09,0.4,36818800816.8
2003-04-22,7.12,7.29,7.3,7.08,8963,6464163.0,3.09,2.39,0.17,0.7,37697901398.1
2003-04-23,7.25,7.06,7.27,7.02,4494,3202663.0,3.43,-3.16,-0.23,0.35,36508530023.4
2003-04-24,7.16,7.17,7.25,6.85,14951,10576655.0,5.67,1.56,0.11,1.18,37077359811.3
2003-04-25,7.2,7.32,7.44,7.14,38672,28244939.0,4.18,2.09,0.15,3.04,37853036794.8
2003-04-28,7.32,7.34,7.35,7.0,15077,10851199.0,4.78,0.27,0.02,1.19,37956460392.6
2003-04-29,7.33,7.11,7.33,7.1,8660,6246567.0,3.13,-3.13,-0.23,0.68,36767089017.9
2003-04-30,7.11,6.99,7.23,6.99,12093,8519375.0,3.38,-1.69,-0.12,0.95,36146547431.1
2003-05-13,6.95,6.29,6.96,6.29,20674,13150069.0,9.59,-10.01,-0.7,1.63,32526721508.1
2003-05-14,6.1,6.2,6.35,6.03,21075,13052051.0,5.09,-1.43,-0.09,1.66,32061315318.0
2003-05-15,6.24,6.45,6.46,6.2,13107,8313363.0,4.19,4.03,0.25,1.03,33354110290.5
2003-05-16,6.46,6.4,6.48,6.33,7269,4640242.0,2.33,-0.78,-0.05,0.57,33095551296.0
2003-05-19,6.45,6.5,6.52,6.4,5166,3348236.0,1.88,1.56,0.1,0.41,33612669285.0
2003-05-20,6.5,6.36,6.52,6.36,5024,3217706.0,2.46,-2.15,-0.14,0.4,32888704100.4
2003-05-21,6.42,6.53,6.7,6.4,10779,7070745.0,4.72,2.67,0.17,0.85,33767804681.7
2003-05-22,6.61,6.65,6.68,6.55,11047,7323280.0,1.99,1.84,0.12,0.87,34388346268.5
2003-05-23,6.68,6.62,6.72,6.57,7961,5273666.0,2.26,-0.45,-0.03,0.63,34233210871.8
2003-05-26,6.6,6.74,6.75,6.58,7719,5134348.0,2.57,1.81,0.12,0.61,34853752458.6
2003-05-27,6.8,6.85,6.98,6.8,21431,14775521.0,2.67,1.63,0.11,1.69,35422582246.5
2003-05-28,6.85,6.73,6.87,6.7,7581,5145488.0,2.48,-1.75,-0.12,0.6,34802040659.700005
2003-05-29,6.68,6.75,6.76,6.64,5818,3890658.0,1.78,0.3,0.02,0.46,34905464257.5
2003-05-30,6.77,6.81,6.85,6.75,5563,3782301.0,1.48,0.89,0.06,0.44,35215735050.9
2003-06-02,6.81,6.79,6.82,6.72,3264,2210688.0,1.47,-0.29,-0.02,0.26,35112311453.1
2003-06-03,6.79,6.7,6.79,6.66,6658,4468140.0,1.91,-1.33,-0.09,0.52,34646905263.0
2003-06-04,6.67,6.69,6.75,6.58,4482,2979199.0,2.54,-0.15,-0.01,0.35,34595193464.1
2003-06-05,6.75,6.85,6.9,6.67,10660,7260360.0,3.44,2.39,0.16,0.84,35422582246.5
2003-06-06,6.9,6.79,6.92,6.78,15997,10927663.0,2.04,-0.88,-0.06,1.26,35112311453.1
2003-06-09,6.8,6.56,6.8,6.56,5008,3322800.0,3.53,-3.39,-0.23,0.39,33922940078.399998
2003-06-10,6.55,6.58,6.65,6.54,2346,1547321.0,1.68,0.3,0.02,0.18,34026363676.2
2003-06-11,6.58,6.62,6.71,6.58,4285,2849394.0,1.98,0.61,0.04,0.34,34233210871.8
2003-06-12,6.75,6.69,6.75,6.66,2977,1994708.0,1.36,1.06,0.07,0.23,34595193464.1
2003-06-13,6.77,6.64,6.77,6.6,2635,1765516.0,2.54,-0.75,-0.05,0.21,34336634469.6
2003-06-16,6.81,6.81,6.95,6.8,8621,5902768.0,2.26,2.56,0.17,0.68,35215735050.9
2003-06-17,6.78,6.73,6.82,6.68,3425,2307277.0,2.06,-1.17,-0.08,0.27,34802040659.700005
2003-06-18,6.71,6.7,6.74,6.68,2148,1440682.0,0.89,-0.45,-0.03,0.17,34646905263.0
2003-06-19,6.68,6.61,6.7,6.6,2823,1869229.0,1.49,-1.34,-0.09,0.22,34181499072.9
2003-06-20,6.61,6.6,6.63,6.55,2444,1611433.0,1.21,-0.15,-0.01,0.19,34129787274.0
2003-06-23,6.65,6.46,6.65,6.45,2814,1834194.0,3.03,-2.12,-0.14,0.22,33405822089.4
2003-06-24,6.45,6.56,6.57,6.45,2572,1673066.0,1.86,1.55,0.1,0.2,33922940078.399998
2003-06-25,6.62,6.48,6.68,6.47,3586,2358393.0,3.2,-1.22,-0.08,0.28,33509245687.2
2003-06-26,6.46,6.51,6.55,6.41,1983,1281136.0,2.16,0.46,0.03,0.16,33664381083.899998
2003-06-27,6.55,6.43,6.55,6.41,1536,991874.0,2.15,-1.23,-0.08,0.12,33250686692.699997
2003-06-30,6.39,6.5,6.5,6.3,2306,1484808.0,3.11,1.09,0.07,0.18,33612669285.0
2003-07-01,6.47,6.32,6.49,6.31,2561,1640125.0,2.77,-2.77,-0.18,0.2,32681856904.800003
2003-07-02,6.22,6.32,6.34,6.22,2002,1257716.0,1.9,0.0,0.0,0.16,32681856904.800003
2003-07-03,6.3,6.34,6.39,6.28,982,621184.0,1.74,0.32,0.02,0.08,32785280502.6
2003-07-04,6.35,6.31,6.36,6.3,993,627473.0,0.95,-0.47,-0.03,0.08,32630145105.899998
2003-07-07,6.32,6.36,6.36,6.28,975,617646.0,1.27,0.79,0.05,0.08,32888704100.4
2003-07-08,6.33,6.4,6.45,6.33,1039,664325.0,1.89,0.63,0.04,0.08,33095551296.0
2003-07-09,6.41,6.34,6.41,6.33,964,612683.0,1.25,-0.94,-0.06,0.08,32785280502.6
2003-07-10,6.34,6.42,6.44,6.26,2578,1647726.0,2.84,1.26,0.08,0.2,33198974893.8
2003-07-11,6.44,6.38,6.44,6.34,3088,1964351.0,1.56,-0.62,-0.04,0.24,32992127698.2
2003-07-14,6.4,6.48,6.5,6.3,4050,2588706.0,3.13,1.57,0.1,0.32,33509245687.2
2003-07-15,6.43,6.48,6.52,6.38,3390,2184765.0,2.16,0.0,0.0,0.27,33509245687.2
2003-07-16,6.49,6.42,6.49,6.4,3780,2436922.0,1.39,-0.93,-0.06,0.3,33198974893.8
2003-07-17,6.42,6.41,6.48,6.38,2939,1882868.0,1.56,-0.16,-0.01,0.23,33147263094.9
2003-07-18,6.42,6.28,6.45,6.23,3379,2144839.0,3.43,-2.03,-0.13,0.27,32475009709.2
2003-07-21,6.25,6.2,6.34,6.17,2915,1810080.0,2.71,-1.27,-0.08,0.23,32061315318.0
2003-07-22,6.26,6.22,6.29,6.17,1672,1037779.0,1.94,0.32,0.02,0.13,32164738915.8
2003-07-23,6.22,6.24,6.28,6.21,1042,649869.0,1.13,0.32,0.02,0.08,32268162513.600002
2003-07-24,6.23,6.18,6.23,6.16,1624,1007146.0,1.12,-0.96,-0.06,0.13,31957891720.199997
2003-07-25,6.18,6.15,6.25,6.14,1774,1094843.0,1.78,-0.49,-0.03,0.14,31802756323.5
2003-07-28,6.12,6.08,6.15,6.06,1811,1103438.0,1.46,-1.14,-0.07,0.14,31440773731.2
2003-07-29,6.07,6.1,6.16,6.05,1667,1013737.0,1.81,0.33,0.02,0.13,31544197329.0
2003-07-30,6.08,6.1,6.12,6.07,1100,670368.0,0.82,0.0,0.0,0.09,31544197329.0
2003-07-31,6.09,6.06,6.13,6.0,2592,1574057.0,2.13,-0.66,-0.04,0.2,31337350133.399998
2003-08-01,6.08,6.27,6.29,6.01,7273,4473506.0,4.62,3.47,0.21,0.57,32423297910.3
2003-08-04,6.3,6.4,6.4,6.2,9595,6050983.0,3.19,2.07,0.13,0.75,33095551296.0
2003-08-05,6.38,6.31,6.38,6.29,2916,1843576.0,1.41,-1.41,-0.09,0.23,32630145105.899998
2003-08-06,6.31,6.28,6.34,6.27,2007,1263898.0,1.11,-0.48,-0.03,0.16,32475009709.2
2003-08-07,6.26,6.25,6.31,6.25,1252,785924.0,0.96,-0.48,-0.03,0.1,32319874312.5
2003-08-08,6.27,6.16,6.28,6.16,1773,1100055.0,1.92,-1.44,-0.09,0.14,31854468122.4
2003-08-11,6.15,6.17,6.19,6.14,1096,675303.0,0.81,0.16,0.01,0.09,31906179921.3
2003-08-12,6.15,6.19,6.27,6.15,647,401171.0,1.94,0.32,0.02,0.05,32009603519.100002
2003-08-13,6.2,6.16,6.25,6.15,703,434420.0,1.62,-0.48,-0.03,0.06,31854468122.4
2003-08-14,6.15,6.11,6.23,6.1,1101,677122.0,2.11,-0.81,-0.05,0.09,31595909127.9
2003-08-15,6.08,6.12,6.12,6.08,1101,671842.0,0.65,0.16,0.01,0.09,31647620926.8
2003-08-18,6.1,6.1,6.19,6.01,1520,925560.0,2.94,-0.33,-0.02,0.12,31544197329.0
2003-08-19,6.1,6.18,6.24,6.1,2154,1333262.0,2.3,1.31,0.08,0.17,31957891720.199997
2003-08-20,6.18,6.09,6.18,6.08,1486,906516.0,1.62,-1.46,-0.09,0.12,31492485530.1
2003-08-21,6.1,6.09,6.15,6.08,1051,641125.0,1.15,0.0,0.0,0.08,31492485530.1
2003-08-22,6.11,6.08,6.12,6.07,1116,679840.0,0.82,-0.16,-0.01,0.09,31440773731.2
2003-08-25,6.11,6.04,6.11,6.01,1486,895900.0,1.64,-0.66,-0.04,0.12,31233926535.6
2003-08-26,6.04,6.0,6.05,5.95,1650,989278.0,1.66,-0.66,-0.04,0.13,31027079340.0
2003-08-27,6.05,5.98,6.05,5.96,1082,648244.0,1.5,-0.33,-0.02,0.09,30923655742.2
2003-08-28,6.0,5.94,6.01,5.94,1559,931233.0,1.17,-0.67,-0.04,0.12,30716808546.600002
2003-08-29,5.93,5.96,5.99,5.83,2564,1508983.0,2.69,0.34,0.02,0.2,30820232144.4
2003-09-01,5.8,6.06,6.06,5.8,1834,1100471.0,4.36,1.68,0.1,0.14,31337350133.399998
2003-09-02,6.07,6.01,6.07,5.97,1698,1023584.0,1.65,-0.83,-0.05,0.13,31078791138.899998
2003-09-03,6.0,6.12,6.16,5.95,2440,1471456.0,3.49,1.83,0.11,0.19,31647620926.8
2003-09-04,6.15,6.07,6.15,6.02,2469,1497132.0,2.12,-0.82,-0.05,0.19,31389061932.300003
2003-09-05,6.03,6.17,6.18,6.0,5044,3079695.0,2.97,1.65,0.1,0.4,31906179921.3
2003-09-08,6.2,6.27,6.34,6.18,12529,7833467.0,2.59,1.62,0.1,0.99,32423297910.3
2003-09-09,6.26,6.19,6.26,6.16,3500,2173275.0,1.59,-1.28,-0.08,0.28,32009603519.100002
2003-09-10,6.19,6.17,6.19,6.12,1752,1078076.0,1.13,-0.32,-0.02,0.14,31906179921.3
2003-09-11,6.17,6.15,6.22,6.13,1132,696619.0,1.46,-0.32,-0.02,0.09,31802756323.5
2003-09-12,6.16,6.02,6.16,6.01,1585,959723.0,2.44,-2.11,-0.13,0.12,31130502937.8
2003-09-15,6.0,5.91,6.0,5.91,1595,951426.0,1.5,-1.83,-0.11,0.13,30561673149.9
2003-09-16,5.89,6.03,6.04,5.89,1168,694687.0,2.54,2.03,0.12,0.09,31182214736.7
2003-09-17,5.95,5.97,6.0,5.95,649,387246.0,0.83,-1.0,-0.06,0.05,30871943943.3
2003-09-18,5.96,5.94,6.01,5.88,1066,633878.0,2.18,-0.5,-0.03,0.08,30716808546.600002
2003-09-19,5.89,5.94,5.95,5.88,1099,649047.0,1.18,0.0,0.0,0.09,30716808546.600002
2003-09-22,5.99,5.85,5.99,5.8,1344,791715.0,3.2,-1.52,-0.09,0.11,30251402356.5
2003-09-23,5.85,5.92,5.94,5.83,1222,718777.0,1.88,1.2,0.07,0.1,30613384948.8
2003-09-24,5.91,5.96,5.97,5.9,905,537175.0,1.18,0.68,0.04,0.07,30820232144.4
2003-09-25,5.98,5.89,5.98,5.88,1010,596442.0,1.68,-1.17,-0.07,0.08,30458249552.1
2003-09-26,5.86,5.86,5.9,5.83,738,432322.0,1.19,-0.51,-0.03,0.06,30303114155.4
2003-09-29,5.83,5.75,5.83,5.74,1697,980667.0,1.54,-1.88,-0.11,0.13,29734284367.5
2003-09-30,5.88,5.81,5.89,5.73,777,448931.0,2.78,1.04,0.06,0.06,30044555160.899998
2003-10-08,5.81,5.71,5.81,5.7,993,569418.0,1.89,-1.72,-0.1,0.08,29527437171.9
2003-10-09,5.73,5.75,5.83,5.73,639,367917.0,1.75,0.7,0.04,0.05,29734284367.5
2003-10-10,5.71,5.92,5.94,5.71,2702,1571931.0,4.0,2.96,0.17,0.21,30613384948.8
2003-10-13,5.95,5.86,5.95,5.85,1306,770206.0,1.69,-1.01,-0.06,0.1,30303114155.4
2003-10-14,5.86,5.85,5.93,5.83,1222,718123.0,1.71,-0.17,-0.01,0.1,30251402356.5
2003-10-15,5.85,5.8,5.95,5.79,1343,786010.0,2.74,-0.85,-0.05,0.11,29992843362.0
2003-10-16,5.78,5.63,5.78,5.61,1606,913234.0,2.93,-2.93,-0.17,0.13,29113742780.7
2003-10-17,5.63,5.65,5.68,5.58,1058,595596.0,1.78,0.36,0.02,0.08,29217166378.5
2003-10-20,5.65,5.61,5.65,5.58,699,391656.0,1.24,-0.71,-0.04,0.05,29010319182.9
2003-10-21,5.58,5.61,5.78,5.58,718,404963.0,3.57,0.0,0.0,0.06,29010319182.9
2003-10-22,5.61,5.73,5.79,5.61,2189,1250799.0,3.21,2.14,0.12,0.17,29630860769.7
2003-10-23,5.75,5.69,5.76,5.66,1464,835958.0,1.75,-0.7,-0.04,0.12,29424013574.100002
2003-10-24,5.69,5.64,5.7,5.59,1822,1025918.0,1.93,-0.88,-0.05,0.14,29165454579.6
2003-10-27,5.63,5.54,5.72,5.5,2254,1251902.0,3.9,-1.77,-0.1,0.18,28648336590.6
2003-10-28,5.49,5.48,5.57,5.4,2380,1303528.0,3.07,-1.08,-0.06,0.19,28338065797.2
2003-10-29,5.48,5.36,5.52,5.3,2584,1387401.0,4.01,-2.19,-0.12,0.2,27717524210.4
2003-10-30,5.38,5.21,5.38,5.2,2721,1433348.0,3.36,-2.8,-0.15,0.21,26941847226.9
2003-10-31,5.2,5.27,5.33,5.18,3047,1599591.0,2.88,1.15,0.06,0.24,27252118020.3
2003-11-03,5.29,5.4,5.4,5.21,4196,2239556.0,3.61,2.47,0.13,0.33,27924371406.0
2003-11-04,5.5,5.69,5.75,5.5,20752,11754195.0,4.63,5.37,0.29,1.63,29424013574.100002
2003-11-05,5.65,5.6,5.66,5.53,5635,3148911.0,2.28,-1.58,-0.09,0.44,28958607384.0
2003-11-06,5.57,5.47,5.58,5.41,5167,2836347.0,3.04,-2.32,-0.13,0.41,28286353998.3
2003-11-07,5.45,5.31,5.45,5.25,3070,1637385.0,3.66,-2.93,-0.16,0.24,27458965215.899998
2003-11-10,5.35,5.37,5.38,5.25,2199,1165151.0,2.45,1.13,0.06,0.17,27769236009.3
2003-11-11,5.36,5.38,5.38,5.3,1448,773497.0,1.49,0.19,0.01,0.11,27820947808.2
2003-11-12,5.3,5.3,5.35,5.26,1337,709900.0,1.67,-1.49,-0.08,0.11,27407253417.0
2003-11-13,5.27,5.35,5.38,5.25,2191,1166902.0,2.45,0.94,0.05,0.17,27665812411.5
2003-11-14,5.3,5.4,5.4,5.28,1588,851476.0,2.24,0.93,0.05,0.12,27924371406.0
2003-11-17,5.35,5.47,5.47,5.35,2121,1150345.0,2.22,1.3,0.07,0.17,28286353998.3
2003-11-18,5.45,5.4,5.46,5.38,860,465359.0,1.46,-1.28,-0.07,0.07,27924371406.0
2003-11-19,5.33,5.52,5.6,5.33,4346,2394277.0,5.0,2.22,0.12,0.34,28544912992.8
2003-11-20,5.51,5.68,5.75,5.5,8938,5054455.0,4.53,2.9,0.16,0.7,29372301775.199997
2003-11-21,5.72,5.51,5.77,5.48,5140,2896205.0,5.11,-2.99,-0.17,0.4,28493201193.899998
2003-11-24,5.51,5.67,5.68,5.5,3981,2240269.0,3.27,2.9,0.16,0.31,29320589976.3
2003-11-25,5.7,5.75,5.87,5.65,10233,5904706.0,3.88,1.41,0.08,0.8,29734284367.5
2003-11-26,5.88,5.85,5.9,5.65,12358,7227500.0,4.35,1.74,0.1,0.97,30251402356.5
2003-11-27,5.82,5.67,5.82,5.65,5628,3219729.0,2.91,-3.08,-0.18,0.44,29320589976.3
2003-11-28,5.64,5.68,5.74,5.63,3606,2051403.0,1.94,0.18,0.01,0.28,29372301775.199997
2003-12-01,5.68,5.82,5.86,5.68,5379,3120500.0,3.17,2.46,0.14,0.42,30096266959.800003
2003-12-02,5.8,5.83,5.85,5.78,4193,2439336.0,1.2,0.17,0.01,0.33,30147978758.7
2003-12-03,5.77,5.81,5.85,5.7,6649,3845231.0,2.57,-0.34,-0.02,0.52,30044555160.899998
2003-12-04,5.77,5.9,5.98,5.77,7856,4621408.0,3.61,1.55,0.09,0.62,30509961351.0
2003-12-05,5.9,5.86,5.9,5.81,3049,1784283.0,1.53,-0.68,-0.04,0.24,30303114155.4
2003-12-08,5.86,5.86,5.94,5.81,3911,2288156.0,2.22,0.0,0.0,0.31,30303114155.4
2003-12-09,5.9,6.1,6.12,5.87,15068,9051216.0,4.27,4.1,0.24,1.18,31544197329.0
2003-12-10,6.16,6.17,6.24,6.1,26207,16107864.0,2.3,1.15,0.07,2.06,31906179921.3
2003-12-11,6.2,6.13,6.21,6.08,8636,5280929.0,2.11,-0.65,-0.04,0.68,31699332725.7
2003-12-12,6.11,6.09,6.12,6.02,5399,3269061.0,1.63,-0.65,-0.04,0.42,31492485530.1
2003-12-15,6.05,6.06,6.1,6.0,3073,1855501.0,1.64,-0.49,-0.03,0.24,31337350133.399998
2003-12-16,6.01,5.95,6.06,5.87,5727,3386763.0,3.14,-1.82,-0.11,0.45,30768520345.5
2003-12-17,5.95,5.85,5.96,5.85,4518,2666227.0,1.85,-1.68,-0.1,0.36,30251402356.5
2003-12-18,5.84,5.73,5.84,5.7,4989,2867169.0,2.39,-2.05,-0.12,0.39,29630860769.7
2003-12-19,5.73,5.5,5.78,5.43,7436,4149789.0,6.11,-4.01,-0.23,0.58,28441489395.0
2003-12-22,5.46,5.73,5.74,5.42,7355,4076852.0,5.82,4.18,0.23,0.58,29630860769.7
2003-12-23,5.73,5.73,5.79,5.66,4488,2555165.0,2.27,0.0,0.0,0.35,29630860769.7
2003-12-24,5.73,5.67,5.77,5.63,3447,1959942.0,2.44,-1.05,-0.06,0.27,29320589976.3
2003-12-25,5.65,5.64,5.7,5.61,5329,3010067.0,1.59,-0.53,-0.03,0.42,29165454579.6
2003-12-26,5.62,5.63,5.66,5.57,3515,1968272.0,1.6,-0.18,-0.01,0.28,29113742780.7
2003-12-29,5.63,5.62,5.73,5.6,2363,1337739.0,2.31,-0.18,-0.01,0.19,29062030981.8
2003-12-30,5.62,5.61,5.65,5.55,2441,1364655.0,1.78,-0.18,-0.01,0.19,29010319182.9
2003-12-31,5.62,5.55,5.62,5.52,2906,1614987.0,1.78,-1.07,-0.06,0.23,28700048389.5
2004-01-02,5.53,5.6,5.64,5.5,2377,1327722.0,2.52,0.9,0.05,0.19,28958607384.0
2004-01-05,5.6,5.5,5.67,5.45,7756,4273780.0,3.93,-1.79,-0.1,0.61,28441489395.0
2004-01-06,5.52,5.51,5.6,5.4,8604,4732721.0,3.64,0.18,0.01,0.68,28493201193.899998
2004-01-07,5.52,5.59,5.59,5.42,8350,4591600.0,3.09,1.45,0.08,0.66,28906895585.1
2004-01-08,5.59,5.69,5.69,5.52,7245,4071915.0,3.04,1.79,0.1,0.57,29424013574.100002
2004-01-09,5.69,5.63,5.7,5.58,7718,4354484.0,2.11,-1.05,-0.06,0.61,29113742780.7
2004-01-12,5.6,5.67,5.69,5.52,5250,2942958.0,3.02,0.71,0.04,0.41,29320589976.3
2004-01-13,5.69,5.72,5.73,5.66,6550,3733390.0,1.23,0.88,0.05,0.52,29579148970.8
2004-01-14,5.72,5.72,5.77,5.66,6020,3450328.0,1.92,0.0,0.0,0.47,29579148970.8
2004-01-15,5.75,5.7,5.76,5.68,4361,2492739.0,1.4,-0.35,-0.02,0.34,29475725373.0
2004-01-16,5.7,6.05,6.06,5.68,19396,11441856.0,6.67,6.14,0.35,1.53,31285638334.5
2004-01-29,6.05,6.62,6.66,5.97,63481,41058599.0,11.4,9.42,0.57,4.99,34233210871.8
2004-01-30,6.56,6.39,6.7,6.38,30774,20103742.0,4.83,-3.47,-0.23,2.42,33043839497.1
2004-02-02,6.5,6.45,6.64,6.3,19156,12278820.0,5.32,0.94,0.06,1.51,33354110290.5
2004-02-03,6.45,6.5,6.58,6.39,9437,6108185.0,2.95,0.78,0.05,0.74,33612669285.0
2004-02-04,6.53,6.58,6.59,6.47,15729,10261304.0,1.85,1.23,0.08,1.24,34026363676.2
2004-02-05,6.58,6.53,6.6,6.44,15657,10179012.0,2.43,-0.76,-0.05,1.23,33767804681.7
2004-02-06,6.48,6.4,6.5,6.4,13508,8702733.0,1.53,-1.99,-0.13,1.06,33095551296.0
2004-02-09,6.39,6.56,6.57,6.34,10810,7034762.0,3.59,2.5,0.16,0.85,33922940078.399998
2004-02-10,6.56,6.6,6.67,6.48,14818,9749216.0,2.9,0.61,0.04,1.17,34129787274.0
2004-02-11,6.59,6.56,6.65,6.5,9080,5958758.0,2.27,-0.61,-0.04,0.71,33922940078.399998
2004-02-12,6.57,6.68,6.76,6.56,15332,10229858.0,3.05,1.83,0.12,1.21,34543481665.2
2004-02-13,6.7,6.47,6.7,6.45,11369,7427238.0,3.74,-3.14,-0.21,0.89,33457533888.3
2004-02-16,6.45,6.56,6.57,6.45,8557,5578713.0,1.85,1.39,0.09,0.67,33922940078.399998
2004-02-17,6.6,6.73,6.74,6.54,16712,11122581.0,3.05,2.59,0.17,1.31,34802040659.700005
2004-02-18,6.75,6.78,6.92,6.75,19024,12983915.0,2.53,0.74,0.05,1.5,35060599654.200005
2004-02-19,6.78,6.77,6.79,6.66,12839,8631151.0,1.92,-0.15,-0.01,1.01,35008887855.299995
2004-02-20,6.75,6.76,6.85,6.69,12121,8176553.0,2.36,-0.15,-0.01,0.95,34957176056.4
2004-02-23,6.79,6.56,6.82,6.55,14365,9591294.0,3.99,-2.96,-0.2,1.13,33922940078.399998
2004-02-24,6.54,6.41,6.56,6.32,13393,8614365.0,3.66,-2.29,-0.15,1.05,33147263094.9
2004-02-25,6.5,6.3,6.55,6.25,7424,4757716.0,4.68,-1.72,-0.11,0.58,32578433307.0
2004-02-26,6.3,6.22,6.3,6.18,8127,5056721.0,1.9,-1.27,-0.08,0.64,32164738915.8
2004-02-27,6.22,6.31,6.33,6.22,4677,2931121.0,1.77,1.45,0.09,0.37,32630145105.899998
2004-03-01,6.35,6.39,6.4,6.2,5906,3721476.0,3.17,1.27,0.08,0.46,33043839497.1
2004-03-02,6.39,6.4,6.45,6.3,6390,4062350.0,2.35,0.16,0.01,0.5,33095551296.0
2004-03-03,6.4,6.25,6.4,6.23,5786,3634004.0,2.66,-2.34,-0.15,0.45,32319874312.5
2004-03-04,6.2,6.68,6.78,6.2,20960,13712102.0,9.28,6.88,0.43,1.65,34543481665.2
2004-03-05,6.66,6.48,6.68,6.46,10578,6931603.0,3.29,-2.99,-0.2,0.83,33509245687.2
2004-03-08,6.48,6.3,6.55,6.29,6792,4326773.0,4.01,-2.78,-0.18,0.53,32578433307.0
2004-03-09,6.3,6.21,6.36,6.21,3120,1959787.0,2.38,-1.43,-0.09,0.25,32113027116.9
2004-03-10,6.26,6.34,6.35,6.2,5523,3457560.0,2.42,2.09,0.13,0.43,32785280502.6
2004-03-11,6.3,6.38,6.4,6.25,5183,3290590.0,2.37,0.63,0.04,0.41,32992127698.2
2004-03-12,6.38,6.45,6.48,6.33,5269,3372808.0,2.35,1.1,0.07,0.41,33354110290.5
2004-03-15,6.44,6.54,6.55,6.37,8143,5278694.0,2.79,1.4,0.09,0.64,33819516480.6
2004-03-16,6.56,6.52,6.58,6.45,5467,3556735.0,1.99,-0.31,-0.02,0.43,33716092882.8
2004-03-17,6.52,6.51,6.52,6.42,6200,4012301.0,1.53,-0.15,-0.01,0.49,33664381083.899998
2004-03-18,6.51,6.39,6.53,6.37,5565,3589717.0,2.46,-1.84,-0.12,0.44,33043839497.1
2004-03-19,6.35,6.48,6.48,6.35,4769,3068530.0,2.03,1.41,0.09,0.38,33509245687.2
2004-03-22,6.52,6.55,6.58,6.47,5642,3682955.0,1.7,1.08,0.07,0.44,33871228279.5
2004-03-23,6.56,6.45,6.59,6.41,5347,3443104.0,2.75,-1.53,-0.1,0.42,33354110290.5
2004-03-24,6.42,6.4,6.5,6.36,6206,3991351.0,2.17,-0.78,-0.05,0.49,33095551296.0
2004-03-25,6.36,6.41,6.46,6.33,6257,3983650.0,2.03,0.16,0.01,0.49,33147263094.9
2004-03-26,6.44,6.36,6.44,6.33,4976,3162038.0,1.72,-0.78,-0.05,0.39,32888704100.4
2004-03-29,6.35,6.31,6.42,6.3,3874,2455963.0,1.89,-0.79,-0.05,0.3,32630145105.899998
2004-03-30,6.29,6.32,6.36,6.29,4573,2886177.0,1.11,0.16,0.01,0.36,32681856904.800003
2004-03-31,6.32,6.43,6.43,6.32,5185,3314164.0,1.74,1.74,0.11,0.41,33250686692.699997
2004-04-01,6.44,6.48,6.49,6.32,8073,5201077.0,2.64,0.78,0.05,0.63,33509245687.2
2004-04-02,6.5,6.57,6.58,6.45,10946,7138442.0,2.01,1.39,0.09,0.86,33974651877.300003
2004-04-05,6.6,6.62,6.63,6.5,11646,7647125.0,1.98,0.76,0.05,0.92,34233210871.8
2004-04-06,6.62,6.7,6.72,6.6,18527,12371958.0,1.81,1.21,0.08,1.46,34646905263.0
2004-04-07,6.71,6.65,6.72,6.56,10426,6918466.0,2.39,-0.75,-0.05,0.82,34388346268.5
2004-04-08,6.61,6.66,6.68,6.61,10260,6823577.0,1.05,0.15,0.01,0.81,34440058067.4
2004-04-09,6.68,6.59,6.68,6.51,19970,13183774.0,2.55,-1.05,-0.07,1.57,34078075475.1
2004-04-12,6.8,6.96,7.12,6.71,110692,76481897.0,6.22,5.61,0.37,8.7,35991412034.4
2004-04-13,6.9,6.89,7.07,6.89,44025,30709729.0,2.59,-1.01,-0.07,3.46,35629429442.1
2004-04-14,6.89,6.8,6.97,6.7,19172,13037104.0,3.92,-1.31,-0.09,1.51,35164023252.0
2004-04-15,6.8,6.89,7.06,6.8,22067,15321119.0,3.82,1.32,0.09,1.74,35629429442.1
2004-04-16,6.9,6.72,6.94,6.56,19692,13219353.0,5.52,-2.47,-0.17,1.55,34750328860.799995
2004-04-19,6.72,6.64,6.75,6.58,9194,6096479.0,2.53,-1.19,-0.08,0.72,34336634469.6
2004-04-20,6.6,6.64,6.78,6.6,6913,4612692.0,2.71,0.0,0.0,0.54,34336634469.6
2004-04-21,6.63,6.56,6.7,6.52,8607,5672326.0,2.71,-1.2,-0.08,0.68,33922940078.399998
2004-04-22,6.55,6.49,6.59,6.38,10276,6616677.0,3.2,-1.07,-0.07,0.81,33560957486.100002
2004-04-23,6.47,6.32,6.47,6.31,5919,3774586.0,2.47,-2.62,-0.17,0.47,32681856904.800003
2004-04-26,6.31,6.27,6.36,6.25,5673,3579621.0,1.74,-0.79,-0.05,0.45,32423297910.3
2004-04-27,6.21,6.14,6.27,6.12,7232,4486774.0,2.39,-2.07,-0.13,0.57,31751044524.6
2004-04-29,6.05,6.11,6.2,6.05,6856,4207797.0,2.44,-0.49,-0.03,0.54,31595909127.9
2004-04-30,6.15,6.09,6.2,6.01,4980,3034207.0,3.11,-0.33,-0.02,0.39,31492485530.1
2004-05-10,6.12,5.87,6.14,5.85,3695,2205476.0,4.76,-3.61,-0.22,0.29,30354825954.3
2004-05-11,5.87,5.9,6.0,5.86,2802,1660351.0,2.39,0.51,0.03,0.22,30509961351.0
2004-05-12,5.92,6.06,6.06,5.92,3369,2026328.0,2.37,2.71,0.16,0.26,31337350133.399998
2004-05-13,6.1,5.98,6.1,5.93,3492,2093509.0,2.81,-1.32,-0.08,0.27,30923655742.2
2004-05-14,5.97,6.05,6.07,5.95,5262,3164468.0,2.01,1.17,0.07,0.41,31285638334.5
2004-05-17,6.05,6.15,6.24,6.05,7785,4796438.0,3.14,1.65,0.1,0.61,31802756323.5
2004-05-18,6.24,6.42,6.54,6.21,17757,11361148.0,5.37,4.39,0.27,1.4,33198974893.8
2004-05-19,6.48,6.42,6.48,6.35,10172,6532202.0,2.02,0.0,0.0,0.8,33198974893.8
2004-05-20,6.4,6.32,6.49,6.31,6156,3938379.0,2.8,-1.56,-0.1,0.48,32681856904.800003
2004-05-21,6.31,6.35,6.36,6.21,4613,2897582.0,2.37,0.47,0.03,0.36,32836992301.5
2004-05-24,6.36,6.2,6.36,6.2,3406,2129108.0,2.52,-2.36,-0.15,0.27,32061315318.0
2004-05-25,6.23,6.05,6.23,6.03,3859,2347890.0,3.23,-2.42,-0.15,0.3,31285638334.5
2004-05-26,6.0,6.03,6.09,5.88,4639,2773916.0,3.47,-0.33,-0.02,0.36,31182214736.7
2004-05-27,6.05,6.13,6.18,5.95,3227,1963669.0,3.81,1.66,0.1,0.25,31699332725.7
2004-05-28,6.21,6.13,6.21,6.1,2445,1501645.0,1.79,0.0,0.0,0.19,31699332725.7
2004-05-31,6.14,6.35,6.36,6.13,6275,3947581.0,3.75,3.59,0.22,0.49,32836992301.5
2004-06-01,6.33,6.39,6.4,6.25,5340,3383609.0,2.36,0.63,0.04,0.42,33043839497.1
2004-06-02,6.36,6.43,6.45,6.25,5642,3566414.0,3.13,0.63,0.04,0.44,33250686692.699997
2004-06-03,6.52,6.2,6.52,6.2,3953,2500673.0,4.98,-3.58,-0.23,0.31,32061315318.0
2004-06-04,6.21,6.18,6.28,6.15,2521,1566573.0,2.1,-0.32,-0.02,0.2,31957891720.199997
2004-06-07,6.2,6.19,6.29,6.06,3322,2047339.0,3.72,0.16,0.01,0.26,32009603519.100002
2004-06-08,6.07,6.06,6.18,6.05,2559,1558986.0,2.1,-2.1,-0.13,0.2,31337350133.399998
2004-06-09,6.02,5.94,6.15,5.92,4853,2936240.0,3.8,-1.98,-0.12,0.38,30716808546.600002
2004-06-10,5.92,6.0,6.05,5.92,3308,1977888.0,2.19,1.01,0.06,0.26,31027079340.0
2004-06-11,6.05,6.11,6.13,5.98,4055,2460552.0,2.5,1.83,0.11,0.32,31595909127.9
2004-06-14,6.1,5.95,6.25,5.87,5526,3338247.0,6.22,-2.62,-0.16,0.43,30768520345.5
2004-06-15,5.93,5.99,6.04,5.81,4478,2651438.0,3.87,0.67,0.04,0.35,30975367541.100002
2004-06-16,6.0,5.97,6.04,5.9,2934,1751512.0,2.34,-0.33,-0.02,0.23,30871943943.3
2004-06-17,5.97,5.8,6.02,5.8,2507,1468113.0,3.69,-2.85,-0.17,0.2,29992843362.0
2004-06-18,5.8,5.85,5.86,5.6,5455,3110041.0,4.48,0.86,0.05,0.43,30251402356.5
2004-06-21,5.9,6.01,6.03,5.84,6533,3889824.0,3.25,2.74,0.16,0.51,31078791138.899998
2004-06-22,5.99,6.03,6.05,5.91,3967,2384729.0,2.33,0.33,0.02,0.31,31182214736.7
2004-06-23,6.0,5.98,6.0,5.88,2259,1341268.0,1.99,-0.83,-0.05,0.18,30923655742.2
2004-06-24,5.98,5.84,5.99,5.8,2173,1272728.0,3.18,-2.34,-0.14,0.17,30199690557.6
2004-06-25,5.83,5.72,5.95,5.64,2749,1587610.0,5.31,-2.05,-0.12,0.22,29579148970.8
2004-06-28,5.69,5.59,5.7,5.51,3703,2059128.0,3.32,-2.27,-0.13,0.29,28906895585.1
2004-06-29,5.61,5.59,5.63,5.4,3994,2198987.0,4.11,0.0,0.0,0.31,28906895585.1
2004-06-30,5.59,5.57,5.59,5.44,2493,1374448.0,2.68,-0.36,-0.02,0.2,28803471987.300003
2004-07-01,5.58,5.75,5.75,5.57,6365,3614404.0,3.23,3.23,0.18,0.5,29734284367.5
2004-07-02,5.75,5.7,5.75,5.6,2643,1500910.0,2.61,-0.87,-0.05,0.21,29475725373.0
2004-07-05,5.65,5.63,5.68,5.55,1907,1067338.0,2.28,-1.23,-0.07,0.15,29113742780.7
2004-07-06,5.63,5.62,5.71,5.56,3767,2126076.0,2.66,-0.18,-0.01,0.3,29062030981.8
2004-07-07,5.62,5.48,5.65,5.46,2641,1461139.0,3.38,-2.49,-0.14,0.21,28338065797.2
2004-07-08,5.48,5.51,5.55,5.46,1551,853139.0,1.64,0.55,0.03,0.12,28493201193.899998
2004-07-09,5.51,5.44,5.54,5.43,2090,1142451.0,2.0,-1.27,-0.07,0.16,28131218601.600002
2004-07-12,5.41,5.32,5.41,5.21,3035,1604451.0,3.68,-2.21,-0.12,0.24,27510677014.800003
2004-07-13,5.21,5.3,5.31,5.21,1208,635467.0,1.88,-0.38,-0.02,0.09,27407253417.0
2004-07-14,5.35,5.24,5.35,5.18,2555,1334829.0,3.21,-1.13,-0.06,0.2,27096982623.600002
2004-07-15,5.25,5.26,5.31,5.18,2259,1182303.0,2.48,0.38,0.02,0.18,27200406221.399998
2004-07-16,5.28,5.4,5.44,5.26,4620,2473119.0,3.42,2.66,0.14,0.36,27924371406.0
2004-07-19,5.36,5.37,5.4,5.33,2478,1327168.0,1.3,-0.56,-0.03,0.19,27769236009.3
2004-07-20,5.35,5.31,5.35,5.28,3007,1592996.0,1.3,-1.12,-0.06,0.24,27458965215.899998
2004-07-21,5.3,5.37,5.38,5.27,1542,820408.0,2.07,1.13,0.06,0.12,27769236009.3
2004-07-22,5.37,5.24,5.37,5.21,1612,848662.0,2.98,-2.42,-0.13,0.13,27096982623.600002
2004-07-23,5.24,5.26,5.3,5.17,2689,1397755.0,2.48,0.38,0.02,0.21,27200406221.399998
2004-07-26,5.29,5.12,5.29,5.08,2163,1106971.0,3.99,-2.66,-0.14,0.17,26476441036.8
2004-07-27,5.12,5.05,5.16,5.04,2270,1155699.0,2.34,-1.37,-0.07,0.18,26114458444.5
2004-07-28,5.06,5.03,5.11,4.94,2864,1435836.0,3.37,-0.4,-0.02,0.23,26011034846.7
2004-07-29,5.04,5.1,5.1,5.0,2244,1131651.0,1.99,1.39,0.07,0.18,26373017439.0
2004-07-30,5.12,5.09,5.14,5.05,1826,928537.0,1.76,-0.2,-0.01,0.14,26321305640.1
2004-08-02,5.12,5.13,5.19,5.07,3926,2014879.0,2.36,0.79,0.04,0.31,26528152835.7
2004-08-03,4.84,4.94,5.09,4.84,3723,1845980.0,4.87,-3.7,-0.19,0.29,25545628656.600002
2004-08-04,4.94,5.1,5.11,4.94,3081,1554169.0,3.44,3.24,0.16,0.24,26373017439.0
2004-08-05,5.06,5.02,5.09,5.02,1279,645412.0,1.37,-1.57,-0.08,0.1,25959323047.8
2004-08-06,5.07,4.97,5.07,4.94,1835,915683.0,2.59,-1.0,-0.05,0.14,25700764053.3
2004-08-09,4.97,4.93,4.97,4.9,1541,757087.0,1.41,-0.8,-0.04,0.12,25493916857.699997
2004-08-10,4.95,4.95,4.96,4.9,1498,738093.0,1.22,0.41,0.02,0.12,25597340455.5
2004-08-11,4.95,4.91,5.0,4.9,1475,730629.0,2.02,-0.81,-0.04,0.12,25390493259.9
2004-08-12,4.85,4.82,4.9,4.79,2209,1065177.0,2.24,-1.83,-0.09,0.17,24925087069.800003
2004-08-13,4.82,4.83,4.87,4.8,1088,525383.0,1.45,0.21,0.01,0.09,24976798868.7
2004-08-16,4.8,4.68,4.84,4.68,1808,853818.0,3.31,-3.11,-0.15,0.14,24201121885.199997
2004-08-17,4.68,4.68,4.7,4.62,1524,711427.0,1.71,0.0,0.0,0.12,24201121885.199997
2004-08-18,4.66,4.67,4.71,4.66,1346,630915.0,1.07,-0.21,-0.01,0.11,24149410086.3
2004-08-19,4.66,4.52,4.67,4.5,2137,972536.0,3.64,-3.21,-0.15,0.17,23373733102.8
2004-08-20,4.45,4.54,4.56,4.4,3189,1432787.0,3.54,0.44,0.02,0.25,23477156700.6
2004-08-23,4.54,4.52,4.54,4.43,1543,692155.0,2.42,-0.44,-0.02,0.12,23373733102.8
2004-08-24,4.5,4.66,4.75,4.5,3645,1694984.0,5.53,3.1,0.14,0.29,24097698287.4
2004-08-25,4.66,4.65,4.69,4.58,1687,782513.0,2.36,-0.21,-0.01,0.13,24045986488.5
2004-08-26,4.61,4.64,4.66,4.6,1217,562488.0,1.29,-0.22,-0.01,0.1,23994274689.6
2004-08-27,4.63,4.54,4.68,4.5,885,401643.0,3.88,-2.16,-0.1,0.07,23477156700.6
2004-08-30,4.54,4.55,4.58,4.45,571,257465.0,2.86,0.22,0.01,0.04,23528868499.5
2004-08-31,4.6,4.65,4.81,4.6,1944,905375.0,4.62,2.2,0.1,0.15,24045986488.5
2004-09-01,4.6,4.66,4.66,4.58,894,412460.0,1.72,0.22,0.01,0.07,24097698287.4
2004-09-02,4.73,4.77,4.77,4.64,3028,1422478.0,2.79,2.36,0.11,0.24,24666528075.3
2004-09-03,4.75,4.77,4.8,4.72,2045,973675.0,1.68,0.0,0.0,0.16,24666528075.3
2004-09-06,4.76,4.71,4.76,4.68,703,330790.0,1.68,-1.26,-0.06,0.06,24356257281.9
2004-09-07,4.71,4.72,4.73,4.66,699,328316.0,1.49,0.21,0.01,0.05,24407969080.8
2004-09-08,4.68,4.65,4.72,4.65,894,418314.0,1.48,-1.48,-0.07,0.07,24045986488.5
2004-09-09,4.66,4.54,4.66,4.52,1467,668410.0,3.01,-2.37,-0.11,0.12,23477156700.6
2004-09-10,4.55,4.56,4.6,4.5,979,443967.0,2.2,0.44,0.02,0.08,23580580298.399998
2004-09-13,4.58,4.58,4.62,4.5,3025,1381365.0,2.63,0.44,0.02,0.24,23684003896.2
2004-09-14,4.66,4.85,4.89,4.62,11722,5633546.0,5.9,5.9,0.27,0.92,25080222466.5
2004-09-15,4.85,4.97,5.15,4.8,15176,7573122.0,7.22,2.47,0.12,1.19,25700764053.3
2004-09-16,4.96,4.98,5.08,4.93,8149,4069658.0,3.02,0.2,0.01,0.64,25752475852.2
2004-09-17,4.95,5.1,5.12,4.95,8170,4122958.0,3.41,2.41,0.12,0.64,26373017439.0
2004-09-20,5.14,5.37,5.37,5.07,14719,7637582.0,5.88,5.29,0.27,1.16,27769236009.3
2004-09-21,5.9,5.91,5.91,5.85,55586,32834259.0,1.12,10.06,0.54,4.37,30561673149.9
2004-09-22,6.0,5.62,6.03,5.61,48397,28511639.0,7.11,-4.91,-0.29,3.81,29062030981.8
2004-09-23,5.5,5.85,5.86,5.5,16006,9037351.0,6.41,4.09,0.23,1.26,30251402356.5
2004-09-24,5.88,5.49,5.95,5.45,24211,13774865.0,8.55,-6.15,-0.36,1.9,28389777596.100002
2004-09-27,5.46,5.35,5.67,5.31,11182,6078159.0,6.56,-2.55,-0.14,0.88,27665812411.5
2004-09-28,5.35,5.39,5.43,5.3,6354,3412155.0,2.43,0.75,0.04,0.5,27872659607.1
2004-09-29,5.38,5.26,5.43,5.25,4740,2518509.0,3.34,-2.41,-0.13,0.37,27200406221.399998
2004-09-30,5.26,5.13,5.32,5.1,4387,2277712.0,4.18,-2.47,-0.13,0.34,26528152835.7
2004-10-08,5.12,5.33,5.34,5.05,3843,1984944.0,5.65,3.9,0.2,0.3,27562388813.7
2004-10-11,5.33,5.27,5.42,5.25,7323,3893648.0,3.19,-1.13,-0.06,0.58,27252118020.3
2004-10-12,5.28,5.13,5.28,5.11,3219,1662384.0,3.23,-2.66,-0.14,0.25,26528152835.7
2004-10-13,5.13,5.15,5.2,5.06,3913,2000179.0,2.73,0.39,0.02,0.31,26631576433.5
2004-10-14,5.16,4.86,5.18,4.85,4558,2283494.0,6.41,-5.63,-0.29,0.36,25131934265.4
2004-10-15,4.85,4.86,4.98,4.71,3880,1867081.0,5.56,0.0,0.0,0.31,25131934265.4
2004-10-18,4.94,4.89,4.98,4.79,2347,1144639.0,3.91,0.62,0.03,0.18,25287069662.1
2004-10-19,4.9,4.83,5.0,4.83,2802,1380418.0,3.48,-1.23,-0.06,0.22,24976798868.7
2004-10-20,4.83,4.78,4.84,4.68,2911,1379426.0,3.31,-1.04,-0.05,0.23,24718239874.2
2004-10-21,4.79,4.67,4.84,4.67,2399,1135873.0,3.56,-2.3,-0.11,0.19,24149410086.3
2004-10-22,4.68,4.7,4.76,4.53,3245,1507525.0,4.93,0.64,0.03,0.26,24304545483.0
2004-10-25,4.7,4.82,4.83,4.61,5463,2595079.0,4.68,2.55,0.12,0.43,24925087069.800003
2004-10-26,4.88,5.11,5.11,4.82,17909,8930587.0,6.02,6.02,0.29,1.41,26424729237.9
2004-10-27,5.16,5.14,5.18,5.0,10087,5119545.0,3.52,0.59,0.03,0.79,26579864634.6
2004-10-28,5.14,5.12,5.14,5.0,7905,4000821.0,2.72,-0.39,-0.02,0.62,26476441036.8
2004-10-29,5.1,5.2,5.34,5.0,25004,13106169.0,6.64,1.56,0.08,1.97,26890135428.0
2004-11-01,5.21,4.99,5.28,4.98,9068,4615945.0,5.77,-4.04,-0.21,0.71,25804187651.100002
2004-11-02,5.0,4.77,5.0,4.7,6821,3278551.0,6.01,-4.41,-0.22,0.54,24666528075.3
2004-11-03,4.75,4.95,4.95,4.75,4335,2104315.0,4.19,3.77,0.18,0.34,25597340455.5
2004-11-04,4.95,4.77,4.95,4.73,3878,1876670.0,4.44,-3.64,-0.18,0.3,24666528075.3
2004-11-05,4.8,4.76,4.85,4.73,2690,1280155.0,2.52,-0.21,-0.01,0.21,24614816276.399998
2004-11-08,4.8,4.78,4.8,4.73,1279,609853.0,1.47,0.42,0.02,0.1,24718239874.2
2004-11-09,4.78,4.84,4.84,4.75,1949,933786.0,1.88,1.26,0.06,0.15,25028510667.6
2004-11-10,4.81,5.01,5.03,4.81,6525,3241334.0,4.55,3.51,0.17,0.51,25907611248.899998
2004-11-11,5.05,5.14,5.24,5.02,15139,7793860.0,4.39,2.59,0.13,1.19,26579864634.6
2004-11-12,5.24,5.18,5.38,5.1,12381,6491893.0,5.45,0.78,0.04,0.97,26786711830.199997
2004-11-15,5.36,5.34,5.46,5.24,16343,8694339.0,4.25,3.09,0.16,1.29,27614100612.6
2004-11-16,5.38,5.19,5.38,5.15,7087,3690649.0,4.31,-2.81,-0.15,0.56,26838423629.100002
2004-11-17,5.19,5.1,5.19,5.08,5373,2747488.0,2.12,-1.73,-0.09,0.42,26373017439.0
2004-11-18,5.1,5.28,5.29,5.07,6519,3390248.0,4.31,3.53,0.18,0.51,27303829819.2
2004-11-19,5.29,5.29,5.3,5.18,7479,3928380.0,2.27,0.19,0.01,0.59,27355541618.1
2004-11-22,5.29,5.4,5.42,5.23,10979,5889282.0,3.59,2.08,0.11,0.86,27924371406.0
2004-11-23,5.55,5.47,5.62,5.46,33291,18418404.0,2.96,1.3,0.07,2.62,28286353998.3
2004-11-24,5.34,5.35,5.41,5.29,10225,5467402.0,2.19,-2.19,-0.12,0.8,27665812411.5
2004-11-25,5.3,5.24,5.31,5.2,5595,2934417.0,2.06,-2.06,-0.11,0.44,27096982623.600002
2004-11-26,5.21,5.32,5.33,5.18,4562,2401972.0,2.86,1.53,0.08,0.36,27510677014.800003
2004-11-29,5.34,5.25,5.43,5.2,4665,2480083.0,4.32,-1.32,-0.07,0.37,27148694422.5
2004-11-30,5.16,5.22,5.25,5.16,2872,1493453.0,1.71,-0.57,-0.03,0.23,26993559025.8
2004-12-01,5.19,5.22,5.25,5.17,2341,1217284.0,1.53,0.0,0.0,0.18,26993559025.8
2004-12-02,5.2,5.3,5.38,5.12,9526,5015071.0,4.98,1.53,0.08,0.75,27407253417.0
2004-12-03,5.38,5.48,5.8,5.38,33961,18797291.0,7.92,3.4,0.18,2.67,28338065797.2
2004-12-06,5.49,5.41,5.64,5.37,20765,11366781.0,4.93,-1.28,-0.07,1.63,27976083204.9
2004-12-07,5.41,5.2,5.48,5.2,6426,3406214.0,5.18,-3.88,-0.21,0.51,26890135428.0
2004-12-08,5.25,5.26,5.3,5.21,3217,1688728.0,1.73,1.15,0.06,0.25,27200406221.399998
2004-12-09,5.32,5.32,5.41,5.25,3357,1788651.0,3.04,1.14,0.06,0.26,27510677014.800003
2004-12-10,5.3,5.16,5.31,5.15,4189,2182536.0,3.01,-3.01,-0.16,0.33,26683288232.4
2004-12-13,5.15,5.06,5.15,5.03,2872,1454648.0,2.33,-1.94,-0.1,0.23,26166170243.399998
2004-12-14,5.07,5.06,5.11,5.04,1811,919317.0,1.38,0.0,0.0,0.14,26166170243.399998
2004-12-15,5.04,4.99,5.08,4.88,3868,1922591.0,3.95,-1.38,-0.07,0.3,25804187651.100002
2004-12-16,5.0,4.95,5.01,4.92,1454,720346.0,1.8,-0.8,-0.04,0.11,25597340455.5
2004-12-17,4.95,4.87,4.95,4.8,1926,938516.0,3.03,-1.62,-0.08,0.15,25183646064.3
2004-12-20,4.82,4.87,4.87,4.78,1908,917178.0,1.85,0.0,0.0,0.15,25183646064.3
2004-12-21,4.78,4.92,4.92,4.78,1882,919769.0,2.87,1.03,0.05,0.15,25442205058.8
2004-12-22,4.9,5.04,5.05,4.9,3551,1772513.0,3.05,2.44,0.12,0.28,26062746645.6
2004-12-23,5.05,4.9,5.05,4.89,1758,874055.0,3.17,-2.78,-0.14,0.14,25338781461.0
2004-12-24,4.9,4.92,4.98,4.85,1317,648636.0,2.65,0.41,0.02,0.1,25442205058.8
2004-12-27,4.93,4.89,4.93,4.85,1083,529233.0,1.63,-0.61,-0.03,0.09,25287069662.1
2004-12-29,4.9,4.83,4.93,4.81,1597,776329.0,2.45,-1.23,-0.06,0.13,24976798868.7
2004-12-30,4.83,4.92,4.93,4.75,3092,1494949.0,3.73,1.86,0.09,0.24,25442205058.8
2004-12-31,4.94,4.95,5.04,4.94,4956,2470102.0,2.03,0.61,0.03,0.39,25597340455.5
2005-01-04,4.95,4.86,4.95,4.85,1726,843280.0,2.02,-1.82,-0.09,0.14,25131934265.4
2005-01-05,4.9,5.02,5.11,4.9,2250,1124002.0,4.32,3.29,0.16,0.18,25959323047.8
2005-01-06,4.91,4.95,5.01,4.9,1709,849838.0,2.19,-1.39,-0.07,0.13,25597340455.5
2005-01-07,4.96,5.06,5.1,4.96,3797,1916278.0,2.83,2.22,0.11,0.3,26166170243.399998
2005-01-10,5.09,5.07,5.09,5.0,1451,731560.0,1.78,0.2,0.01,0.11,26217882042.300003
2005-01-11,5.02,5.04,5.07,5.0,1805,907853.0,1.38,-0.59,-0.03,0.14,26062746645.6
2005-01-12,5.0,5.0,5.02,4.96,1433,713813.0,1.19,-0.79,-0.04,0.11,25855899450.0
2005-01-13,5.0,5.12,5.15,4.96,4739,2409433.0,3.8,2.4,0.12,0.37,26476441036.8
2005-01-14,5.1,5.01,5.13,5.0,1781,901685.0,2.54,-2.15,-0.11,0.14,25907611248.899998
2005-01-17,4.92,4.77,4.95,4.75,3762,1813570.0,3.99,-4.79,-0.24,0.3,24666528075.3
2005-01-18,4.75,4.79,4.81,4.65,4109,1945260.0,3.35,0.42,0.02,0.32,24769951673.1
2005-01-19,4.78,4.67,4.78,4.52,7364,3400751.0,5.43,-2.51,-0.12,0.58,24149410086.3
2005-01-20,4.67,4.8,4.82,4.59,7692,3672463.0,4.93,2.78,0.13,0.6,24821663472.0
2005-01-21,4.8,4.78,4.85,4.59,5740,2703950.0,5.42,-0.42,-0.02,0.45,24718239874.2
2005-01-24,4.88,4.84,4.92,4.76,6206,2995524.0,3.35,1.26,0.06,0.49,25028510667.6
2005-01-25,4.78,4.73,4.8,4.71,2506,1187113.0,1.86,-2.27,-0.11,0.2,24459680879.7
2005-01-26,4.73,4.72,4.73,4.67,1499,704307.0,1.27,-0.21,-0.01,0.12,24407969080.8
2005-01-27,4.71,4.65,4.71,4.57,4649,2141630.0,2.97,-1.48,-0.07,0.37,24045986488.5
2005-01-28,4.69,4.67,4.73,4.6,4091,1900891.0,2.8,0.43,0.02,0.32,24149410086.3
2005-01-31,4.59,4.42,4.59,4.4,4668,2083353.0,4.07,-5.35,-0.25,0.37,22856615113.8
2005-02-01,4.42,4.32,4.49,4.31,2164,955659.0,4.07,-2.26,-0.1,0.17,22339497124.800003
2005-02-02,4.3,4.55,4.66,4.25,5262,2350135.0,9.49,5.32,0.23,0.41,23528868499.5
2005-02-03,4.54,4.45,4.58,4.4,3944,1759142.0,3.96,-2.2,-0.1,0.31,23011750510.5
2005-02-04,4.45,4.44,4.52,4.41,5084,2272938.0,2.47,-0.22,-0.01,0.4,22960038711.600002
2005-02-16,4.56,4.48,4.66,4.48,3808,1731046.0,4.05,0.9,0.04,0.3,23166885907.2
2005-02-17,4.52,4.55,4.55,4.45,1220,548679.0,2.23,1.56,0.07,0.1,23528868499.5
2005-02-18,4.56,4.48,4.58,4.48,1438,651911.0,2.2,-1.54,-0.07,0.11,23166885907.2
2005-02-21,4.48,4.52,4.53,4.42,3570,1599245.0,2.46,0.89,0.04,0.28,23373733102.8
2005-02-22,4.52,4.65,4.67,4.51,7237,3331883.0,3.54,2.88,0.13,0.57,24045986488.5
2005-02-23,4.76,4.84,4.9,4.76,18438,8930100.0,3.01,4.09,0.19,1.45,25028510667.6
2005-02-24,4.78,4.82,4.85,4.7,5050,2413192.0,3.1,-0.41,-0.02,0.4,24925087069.800003
2005-02-25,4.8,4.74,4.85,4.74,7076,3395421.0,2.28,-1.66,-0.08,0.56,24511392678.600002
2005-02-28,4.65,4.54,4.65,4.43,22950,10356990.0,4.64,-4.22,-0.2,1.8,23477156700.6
2005-03-01,4.52,4.53,4.55,4.49,8541,3860980.0,1.32,-0.22,-0.01,0.67,23425444901.7
2005-03-02,4.53,4.45,4.59,4.44,6373,2878903.0,3.31,-1.77,-0.08,0.5,23011750510.5
2005-03-03,4.48,4.49,4.5,4.41,4195,1868568.0,2.02,0.9,0.04,0.33,23218597706.100002
2005-03-04,4.49,4.43,4.5,4.4,4778,2116856.0,2.23,-1.34,-0.06,0.38,22908326912.699997
2005-03-07,4.43,4.46,4.47,4.41,4304,1911635.0,1.35,0.68,0.03,0.34,23063462309.4
2005-03-08,4.46,4.52,4.53,4.43,6150,2756328.0,2.24,1.35,0.06,0.48,23373733102.8
2005-03-09,4.53,4.54,4.58,4.5,8675,3942953.0,1.77,0.44,0.02,0.68,23477156700.6
2005-03-10,4.52,4.36,4.57,4.31,6183,2746806.0,5.73,-3.96,-0.18,0.49,22546344320.4
2005-03-11,4.35,4.31,4.38,4.28,6641,2870230.0,2.29,-1.15,-0.05,0.52,22287785325.899998
2005-03-14,4.34,4.19,4.34,4.14,5941,2511019.0,4.64,-2.78,-0.12,0.47,21667243739.100002
2005-03-15,4.17,4.13,4.17,4.1,5725,2363991.0,1.67,-1.43,-0.06,0.45,21356972945.7
2005-03-16,4.1,4.2,4.23,4.09,5677,2370117.0,3.39,1.69,0.07,0.45,21718955538.0
2005-03-17,4.16,4.04,4.17,4.04,4428,1812763.0,3.1,-3.81,-0.16,0.35,20891566755.6
2005-03-18,4.04,4.03,4.15,4.02,3354,1362159.0,3.22,-0.25,-0.01,0.26,20839854956.7
2005-03-21,4.01,4.02,4.07,3.98,2864,1149590.0,2.23,-0.25,-0.01,0.23,20788143157.8
2005-03-22,4.02,3.82,4.02,3.8,5162,2003714.0,5.47,-4.98,-0.2,0.41,19753907179.8
2005-03-23,3.8,3.8,3.89,3.74,4437,1684701.0,3.93,-0.52,-0.02,0.35,19650483582.0
2005-03-24,3.8,3.84,3.85,3.75,2989,1133368.0,2.63,1.05,0.04,0.24,19857330777.6
2005-03-25,3.82,3.86,3.96,3.8,3967,1538689.0,4.17,0.52,0.02,0.31,19960754375.399998
2005-03-28,3.82,3.8,3.85,3.71,2809,1058927.0,3.63,-1.55,-0.06,0.22,19650483582.0
2005-03-29,3.8,3.78,3.83,3.73,2152,816795.0,2.63,-0.53,-0.02,0.17,19547059984.2
2005-03-30,3.74,3.62,3.74,3.62,4192,1549040.0,3.17,-4.23,-0.16,0.33,18719671201.8
2005-03-31,3.6,3.67,3.68,3.56,3705,1335639.0,3.31,1.38,0.05,0.29,18978230196.3
2005-04-01,3.72,3.82,3.86,3.72,9457,3566556.0,3.81,4.09,0.15,0.74,19753907179.8
2005-04-04,3.8,3.75,3.8,3.69,3574,1331862.0,2.88,-1.83,-0.07,0.28,19391924587.5
2005-04-05,3.72,3.71,3.75,3.68,2225,825060.0,1.87,-1.07,-0.04,0.17,19185077391.9
2005-04-06,3.7,3.75,3.76,3.63,4683,1730263.0,3.5,1.08,0.04,0.37,19391924587.5
2005-04-07,3.72,3.84,3.92,3.72,7811,3015966.0,5.33,2.4,0.09,0.61,19857330777.6
2005-04-08,3.84,3.9,3.91,3.82,6028,2323278.0,2.34,1.56,0.06,0.47,20167601571.0
2005-04-11,3.95,4.07,4.08,3.94,15391,6191967.0,3.59,4.36,0.17,1.21,21046702152.300003
2005-04-12,4.2,4.04,4.28,4.03,11469,4695671.0,6.14,-0.74,-0.03,0.9,20891566755.6
2005-04-13,4.04,4.09,4.15,4.04,7937,3238237.0,2.72,1.24,0.05,0.62,21150125750.1
2005-04-14,4.16,4.03,4.18,4.01,3501,1427495.0,4.16,-1.47,-0.06,0.28,20839854956.7
2005-04-15,4.02,3.95,4.04,3.92,4249,1676118.0,2.98,-1.99,-0.08,0.33,20426160565.5
2005-04-18,3.96,3.84,3.96,3.82,3140,1210922.0,3.54,-2.78,-0.11,0.25,19857330777.6
2005-04-19,3.83,3.86,3.92,3.83,2226,857966.0,2.34,0.52,0.02,0.18,19960754375.399998
2005-04-20,3.85,3.77,3.85,3.74,2341,883777.0,2.85,-2.33,-0.09,0.18,19495348185.3
2005-04-21,3.72,3.62,3.8,3.6,3776,1390043.0,5.31,-3.98,-0.15,0.3,18719671201.8
2005-04-22,3.62,3.64,3.71,3.62,3352,1229998.0,2.49,0.55,0.02,0.26,18823094799.600002
2005-04-25,3.62,3.61,3.68,3.55,2705,971547.0,3.57,-0.82,-0.03,0.21,18667959402.899998
2005-04-26,3.75,3.78,3.8,3.66,4476,1672990.0,3.88,4.71,0.17,0.35,19547059984.2
2005-04-27,3.79,3.73,3.8,3.71,2138,801995.0,2.38,-1.32,-0.05,0.17,19288500989.7
2005-04-28,3.72,3.89,3.93,3.72,6545,2527832.0,5.63,4.29,0.16,0.51,20115889772.100002
2005-04-29,3.95,3.89,4.02,3.88,6089,2395271.0,3.6,0.0,0.0,0.48,20115889772.100002
2005-05-09,3.89,3.79,3.98,3.78,3423,1317680.0,5.14,-2.57,-0.1,0.27,19598771783.1
2005-05-10,3.78,3.85,3.86,3.72,3008,1132811.0,3.69,1.58,0.06,0.24,19909042576.5
2005-05-11,3.77,3.81,3.87,3.77,1778,679361.0,2.6,-1.04,-0.04,0.14,19702195380.9
2005-05-12,3.8,3.85,3.85,3.8,1886,722944.0,1.31,1.05,0.04,0.15,19909042576.5
2005-05-13,3.85,3.91,3.93,3.83,3505,1362505.0,2.6,1.56,0.06,0.28,20219313369.9
2005-05-17,3.8,3.9,3.93,3.72,3631,1407540.0,5.37,-0.26,-0.01,0.29,20167601571.0
2005-05-18,3.88,3.99,4.01,3.88,6903,2732137.0,3.33,2.31,0.09,0.54,20633007761.100002
2005-05-19,3.99,3.98,4.02,3.93,4629,1844725.0,2.26,-0.25,-0.01,0.36,20581295962.2
2005-05-20,4.06,3.98,4.1,3.98,5111,2067642.0,3.02,0.0,0.0,0.4,20581295962.2
2005-05-23,3.86,3.83,3.93,3.83,3460,1340906.0,2.51,-3.77,-0.15,0.27,19805618978.7
2005-05-24,3.85,3.91,3.95,3.82,2135,830719.0,3.39,2.09,0.08,0.17,20219313369.9
2005-05-25,3.9,3.87,3.94,3.87,2121,826380.0,1.79,-1.02,-0.04,0.17,20012466174.3
2005-05-26,3.85,3.81,3.88,3.81,1543,592884.0,1.81,-1.55,-0.06,0.12,19702195380.9
2005-05-27,3.87,3.82,3.87,3.78,1182,450509.0,2.36,0.26,0.01,0.09,19753907179.8
2005-05-30,3.75,3.86,3.89,3.74,1319,505242.0,3.93,1.05,0.04,0.1,19960754375.399998
2005-05-31,3.89,3.88,3.9,3.85,1679,651292.0,1.3,0.52,0.02,0.13,20064177973.2
2005-06-01,3.85,3.82,3.89,3.77,1496,570417.0,3.09,-1.55,-0.06,0.12,19753907179.8
2005-06-02,3.8,3.79,3.85,3.78,1058,402825.0,1.83,-0.79,-0.03,0.08,19598771783.1
2005-06-03,3.79,3.83,3.84,3.76,1849,703800.0,2.11,1.06,0.04,0.15,19805618978.7
2005-06-06,3.83,3.87,3.88,3.75,1915,727514.0,3.39,1.04,0.04,0.15,20012466174.3
2005-06-07,3.87,4.03,4.05,3.84,13844,5527493.0,5.43,4.13,0.16,1.09,20839854956.7
2005-06-08,4.0,4.42,4.43,4.0,36625,15600056.0,10.67,9.68,0.39,2.88,22856615113.8
2005-06-09,4.32,4.29,4.36,4.2,22826,9806939.0,3.62,-2.94,-0.13,1.79,22184361728.1
2005-06-10,4.32,4.18,4.33,4.17,9453,3980082.0,3.73,-2.56,-0.11,0.74,21615531940.199997
2005-06-13,4.2,4.2,4.26,4.15,5407,2273976.0,2.63,0.48,0.02,0.43,21718955538.0
2005-06-14,4.2,4.1,4.24,4.06,5906,2454428.0,4.29,-2.38,-0.1,0.46,21201837549.0
2005-06-15,4.07,3.97,4.09,3.94,4830,1935394.0,3.66,-3.17,-0.13,0.38,20529584163.3
2005-06-16,3.95,4.0,4.03,3.93,3014,1197061.0,2.52,0.76,0.03,0.24,20684719560.0
2005-06-17,4.03,4.04,4.07,3.98,3003,1210520.0,2.25,1.0,0.04,0.24,20891566755.6
2005-06-20,4.05,4.11,4.13,3.93,5180,2103452.0,4.95,1.73,0.07,0.41,21253549347.9
2005-06-21,4.15,4.2,4.22,4.06,7244,3001116.0,3.89,2.19,0.09,0.57,21718955538.0
2005-06-22,4.28,4.25,4.31,4.21,24260,10324364.0,2.38,1.19,0.05,1.91,21977514532.5
2005-06-23,4.26,4.25,4.39,4.21,25710,11116127.0,4.24,0.0,0.0,2.02,21977514532.5
2005-06-24,4.24,4.21,4.25,4.14,7723,3236896.0,2.59,-0.94,-0.04,0.61,21770667336.9
2005-06-27,4.32,4.31,4.36,4.27,13849,5973526.0,2.14,2.38,0.1,1.09,22287785325.899998
2005-06-28,4.28,4.2,4.29,4.18,7416,3121640.0,2.55,-2.55,-0.11,0.58,21718955538.0
2005-06-29,4.2,4.17,4.28,4.16,5935,2501788.0,2.86,-0.71,-0.03,0.47,21563820141.3
2005-06-30,4.17,4.01,4.2,4.01,7401,3044266.0,4.56,-3.84,-0.16,0.58,20736431358.899998
2005-07-01,4.0,3.9,4.05,3.87,7549,2986307.0,4.49,-2.74,-0.11,0.59,20167601571.0
2005-07-04,3.9,3.82,3.9,3.73,5663,2142669.0,4.36,-2.05,-0.08,0.45,19753907179.8
2005-07-05,3.82,3.86,3.89,3.82,3754,1445918.0,1.83,1.05,0.04,0.3,19960754375.399998
2005-07-06,3.86,3.82,3.92,3.79,2547,979693.0,3.37,-1.04,-0.04,0.2,19753907179.8
2005-07-07,3.85,3.85,3.88,3.81,2984,1147461.0,1.83,0.79,0.03,0.23,19909042576.5
2005-07-08,3.8,3.7,3.84,3.68,5337,1993087.0,4.16,-3.9,-0.15,0.42,19133365593.0
2005-07-11,2.9,2.77,2.95,2.76,1800,514994.0,5.14,-25.14,-0.93,0.11,14324168295.3
2005-07-12,2.74,2.83,2.84,2.7,5427,1504139.0,5.05,2.17,0.06,0.33,14634439088.7
2005-07-13,2.78,2.79,2.81,2.75,2085,580445.0,2.12,-1.41,-0.04,0.12,14427591893.1
2005-07-14,3.07,2.94,3.07,2.92,41223,12342567.0,5.38,5.38,0.15,2.47,15203268876.6
2005-07-15,2.94,2.95,3.04,2.91,21188,6314931.0,4.42,0.34,0.01,1.27,15254980675.5
2005-07-18,3.0,2.95,3.02,2.93,11998,3565831.0,3.05,0.0,0.0,0.72,15254980675.5
2005-07-19,2.97,2.97,3.02,2.94,6951,2067288.0,2.71,0.68,0.02,0.42,15358404273.300001
2005-07-20,2.97,2.92,2.98,2.91,6522,1914828.0,2.36,-1.68,-0.05,0.39,15099845278.8
2005-07-21,2.92,2.81,2.94,2.75,12977,3673213.0,6.51,-3.77,-0.11,0.78,14531015490.9
2005-07-22,2.81,2.85,2.91,2.8,13196,3762564.0,3.91,1.42,0.04,0.79,14737862686.5
2005-07-25,2.86,2.81,2.88,2.79,6942,1948719.0,3.16,-1.4,-0.04,0.42,14531015490.9
2005-07-26,2.8,2.86,2.87,2.78,8244,2339017.0,3.2,1.78,0.05,0.49,14789574485.4
2005-07-27,2.86,2.94,2.95,2.83,11895,3439037.0,4.2,2.8,0.08,0.71,15203268876.6
2005-07-28,2.94,2.95,2.99,2.91,13306,3924502.0,2.72,0.34,0.01,0.8,15254980675.5
2005-07-29,2.95,2.91,2.98,2.9,5946,1734876.0,2.71,-1.36,-0.04,0.36,15048133479.900002
2005-08-01,2.9,2.9,2.95,2.86,5500,1594407.0,3.09,-0.34,-0.01,0.33,14996421681.0
2005-08-02,2.88,2.95,2.95,2.86,8207,2383328.0,3.1,1.72,0.05,0.49,15254980675.5
2005-08-03,2.96,3.0,3.04,2.93,22636,6759667.0,3.73,1.69,0.05,1.36,15513539670.0
2005-08-04,3.0,2.97,3.02,2.95,10840,3227826.0,2.33,-1.0,-0.03,0.65,15358404273.300001
2005-08-05,2.97,3.04,3.04,2.96,18147,5460186.0,2.69,2.36,0.07,1.09,15720386865.6
2005-08-08,3.05,3.07,3.1,3.0,20472,6250056.0,3.29,0.99,0.03,1.23,15875522262.3
2005-08-09,3.07,3.25,3.26,3.03,41419,13103951.0,7.49,5.86,0.18,2.48,16806334642.5
2005-08-10,3.33,3.3,3.4,3.24,70491,23406988.0,4.92,1.54,0.05,4.22,17064893637.0
2005-08-11,3.25,3.29,3.29,3.21,26819,8709392.0,2.42,-0.3,-0.01,1.61,17013181838.1
2005-08-12,3.29,3.17,3.3,3.16,20138,6489359.0,4.26,-3.65,-0.12,1.21,16392640251.3
2005-08-15,3.17,3.27,3.27,3.14,13546,4379857.0,4.1,3.15,0.1,0.81,16909758240.3
2005-08-16,3.3,3.22,3.35,3.19,16740,5437877.0,4.89,-1.53,-0.05,1.0,16651199245.800001
2005-08-17,3.2,3.32,3.32,3.18,22351,7320551.0,4.35,3.11,0.1,1.34,17168317234.8
2005-08-18,3.32,3.18,3.4,3.01,31512,10431854.0,11.75,-4.22,-0.14,1.89,16444352050.2
2005-08-19,3.16,3.16,3.22,3.09,15082,4756708.0,4.09,-0.63,-0.02,0.9,16340928452.400002
2005-08-22,3.16,3.25,3.27,3.16,12546,4057402.0,3.48,2.85,0.09,0.75,16806334642.5
2005-08-23,3.25,3.19,3.28,3.15,8070,2575913.0,4.0,-1.85,-0.06,0.48,16496063849.1
2005-08-24,3.18,3.19,3.22,3.15,7636,2432627.0,2.19,0.0,0.0,0.46,16496063849.1
2005-08-25,3.21,3.27,3.27,3.16,15545,5019980.0,3.45,2.51,0.08,0.93,16909758240.3
2005-08-26,3.28,3.27,3.28,3.23,11127,3623043.0,1.53,0.0,0.0,0.67,16909758240.3
2005-08-29,3.29,3.35,3.37,3.25,39202,13025320.0,3.67,2.45,0.08,2.35,17323452631.5
2005-08-30,3.37,3.44,3.48,3.31,62811,21391596.0,5.07,2.69,0.09,3.76,17788858821.6
2005-08-31,3.46,3.71,3.73,3.45,111951,40447174.0,8.14,7.85,0.27,6.71,19185077391.9
2005-09-01,3.76,3.67,3.95,3.62,116931,44233340.0,8.89,-1.08,-0.04,7.01,18978230196.3
2005-09-02,3.65,3.64,3.73,3.62,39743,14546217.0,3.0,-0.82,-0.03,2.38,18823094799.600002
2005-09-05,3.63,3.68,3.69,3.62,24599,9002456.0,1.92,1.1,0.04,1.47,19029941995.2
2005-09-06,3.68,3.49,3.72,3.48,32636,11725678.0,6.52,-5.16,-0.19,1.96,18047417816.100002
2005-09-07,3.47,3.61,3.62,3.46,21803,7754135.0,4.58,3.44,0.12,1.31,18667959402.899998
2005-09-08,3.61,3.57,3.66,3.54,17584,6312387.0,3.32,-1.11,-0.04,1.05,18461112207.3
2005-09-09,3.57,3.56,3.62,3.52,10301,3660113.0,2.8,-0.28,-0.01,0.62,18409400408.4
2005-09-12,3.56,3.63,3.64,3.54,13798,4958052.0,2.81,1.97,0.07,0.83,18771383000.7
2005-09-13,3.63,3.69,3.69,3.56,18497,6714634.0,3.58,1.65,0.06,1.11,19081653794.1
2005-09-14,3.69,3.69,3.72,3.62,21513,7908442.0,2.71,0.0,0.0,1.29,19081653794.1
2005-09-15,3.69,3.65,3.72,3.6,17461,6364520.0,3.25,-1.08,-0.04,1.05,18874806598.5
2005-09-16,3.65,3.68,3.71,3.6,15232,5588215.0,3.01,0.82,0.03,0.91,19029941995.2
2005-09-19,3.68,3.86,3.89,3.65,48200,18370512.0,6.52,4.89,0.18,2.89,19960754375.399998
2005-09-20,3.86,3.92,3.97,3.79,78862,30770081.0,4.66,1.55,0.06,4.73,20271025168.8
2005-09-21,3.89,3.72,3.89,3.72,32686,12331338.0,4.34,-5.1,-0.2,1.96,19236789190.8
2005-09-22,3.68,3.57,3.75,3.5,25875,9298435.0,6.72,-4.03,-0.15,1.55,18461112207.3
2005-09-23,3.57,3.42,3.57,3.41,15741,5485098.0,4.48,-4.2,-0.15,0.94,17685435223.8
2005-09-26,3.4,3.44,3.48,3.39,6394,2195462.0,2.63,0.58,0.02,0.38,17788858821.6
2005-09-27,3.45,3.32,3.49,3.32,9707,3281477.0,4.94,-3.49,-0.12,0.58,17168317234.8
2005-09-28,3.33,3.33,3.38,3.32,6392,2137037.0,1.81,0.3,0.01,0.38,17220029033.7
2005-09-29,3.33,3.4,3.42,3.33,7740,2622971.0,2.7,2.1,0.07,0.46,17582011626.0
2005-09-30,3.4,3.41,3.46,3.36,8908,3037043.0,2.94,0.29,0.01,0.53,17633723424.9
2005-10-10,3.37,3.28,3.4,3.28,4966,1655295.0,3.52,-3.81,-0.13,0.3,16961470039.199999
2005-10-11,3.28,3.42,3.42,3.27,7551,2524788.0,4.57,4.27,0.14,0.45,17685435223.8
2005-10-12,3.42,3.42,3.46,3.36,9936,3388351.0,2.92,0.0,0.0,0.6,17685435223.8
2005-10-13,3.38,3.36,3.44,3.35,5686,1920626.0,2.63,-1.75,-0.06,0.34,17375164430.399998
2005-10-14,3.36,3.33,3.36,3.29,7293,2421018.0,2.08,-0.89,-0.03,0.44,17220029033.7
2005-10-17,3.27,3.25,3.31,3.24,7244,2363453.0,2.1,-2.4,-0.08,0.43,16806334642.5
2005-10-18,3.25,3.39,3.43,3.25,12838,4335037.0,5.54,4.31,0.14,0.77,17530299827.100002
2005-10-19,3.37,3.36,3.45,3.34,8543,2904951.0,3.24,-0.88,-0.03,0.51,17375164430.399998
2005-10-20,3.34,3.39,3.39,3.31,5143,1720032.0,2.38,0.89,0.03,0.31,17530299827.100002
2005-10-21,3.38,3.4,3.43,3.38,7761,2638658.0,1.47,0.29,0.01,0.47,17582011626.0
2005-10-24,3.45,3.41,3.45,3.38,6271,2132334.0,2.06,0.29,0.01,0.38,17633723424.9
2005-10-25,3.4,3.33,3.42,3.31,12074,4043848.0,3.23,-2.35,-0.08,0.72,17220029033.7
2005-10-26,3.33,3.13,3.33,3.12,11702,3741285.0,6.31,-6.01,-0.2,0.7,16185793055.699999
2005-10-27,3.12,3.1,3.17,3.09,6116,1912998.0,2.56,-0.96,-0.03,0.37,16030657659.0
2005-10-28,3.2,3.0,3.2,3.0,6769,2093699.0,6.45,-3.23,-0.1,0.41,15513539670.0
2005-10-31,3.01,3.04,3.1,3.01,3762,1147131.0,3.0,1.33,0.04,0.23,15720386865.6
2005-11-01,3.09,3.2,3.2,3.02,19569,6132434.0,5.92,5.26,0.16,1.17,16547775648.0
2005-11-02,3.26,3.33,3.39,3.26,41113,13622241.0,4.06,4.06,0.13,2.46,17220029033.7
2005-11-03,3.33,3.34,3.43,3.27,21316,7171854.0,4.8,0.3,0.01,1.28,17271740832.6
2005-11-04,3.35,3.34,3.35,3.27,7403,2449767.0,2.4,0.0,0.0,0.44,17271740832.6
2005-11-07,3.3,3.33,3.33,3.26,6647,2189663.0,2.1,-0.3,-0.01,0.4,17220029033.7
2005-11-08,3.35,3.29,3.35,3.2,7369,2405836.0,4.5,-1.2,-0.04,0.44,17013181838.1
2005-11-09,3.29,3.31,3.35,3.29,8268,2740919.0,1.82,0.61,0.02,0.5,17116605435.9
2005-11-10,3.3,3.16,3.31,3.13,6779,2189202.0,5.44,-4.53,-0.15,0.41,16340928452.400002
2005-11-11,3.13,3.15,3.2,3.11,5337,1681273.0,2.85,-0.32,-0.01,0.32,16289216653.5
2005-11-14,3.18,3.18,3.18,3.14,2446,772267.0,1.27,0.95,0.03,0.15,16444352050.2
2005-11-15,3.2,3.11,3.23,3.11,4571,1444538.0,3.77,-2.2,-0.07,0.27,16082369457.9
2005-11-16,3.15,3.14,3.15,3.05,3174,983311.0,3.22,0.96,0.03,0.19,16237504854.6
2005-11-17,3.17,3.12,3.17,3.11,3225,1010199.0,1.91,-0.64,-0.02,0.19,16134081256.800001
2005-11-18,3.15,3.2,3.23,3.12,7480,2383144.0,3.53,2.56,0.08,0.45,16547775648.0
2005-11-21,3.24,3.2,3.24,3.17,4907,1569003.0,2.19,0.0,0.0,0.29,16547775648.0
2005-11-22,3.18,3.12,3.2,3.1,4527,1424007.0,3.13,-2.5,-0.08,0.27,16134081256.800001
2005-11-23,3.1,3.13,3.14,3.09,3050,951004.0,1.6,0.32,0.01,0.18,16185793055.699999
2005-11-24,3.12,3.19,3.19,3.12,5762,1815808.0,2.24,1.92,0.06,0.35,16496063849.1
2005-11-25,3.18,3.37,3.38,3.15,32036,10596458.0,7.21,5.64,0.18,1.92,17426876229.3
2005-11-28,3.38,3.3,3.39,3.26,10997,3644823.0,3.86,-2.08,-0.07,0.66,17064893637.0
2005-11-29,3.3,3.24,3.3,3.21,5241,1698868.0,2.73,-1.82,-0.06,0.31,16754622843.6
2005-11-30,3.24,3.21,3.25,3.18,5821,1868073.0,2.16,-0.93,-0.03,0.35,16599487446.9
2005-12-01,3.18,3.21,3.25,3.18,2239,718876.0,2.18,0.0,0.0,0.13,16599487446.9
2005-12-02,3.18,3.13,3.22,3.11,4775,1510989.0,3.43,-2.49,-0.08,0.29,16185793055.699999
2005-12-05,3.12,3.04,3.12,3.03,7662,2340336.0,2.88,-2.88,-0.09,0.46,15720386865.6
2005-12-06,3.04,3.06,3.08,3.01,3481,1063944.0,2.3,0.66,0.02,0.21,15823810463.4
2005-12-07,3.07,3.08,3.1,3.04,2157,662718.0,1.96,0.65,0.02,0.13,15927234061.2
2005-12-08,3.08,3.11,3.12,3.06,2895,892192.0,1.95,0.97,0.03,0.17,16082369457.9
2005-12-09,3.1,3.13,3.14,3.07,3864,1204701.0,2.25,0.64,0.02,0.23,16185793055.699999
2005-12-12,3.14,3.14,3.15,3.12,3875,1214828.0,0.96,0.32,0.01,0.23,16237504854.6
2005-12-13,3.16,3.13,3.16,3.08,3898,1209785.0,2.55,-0.32,-0.01,0.23,16185793055.699999
2005-12-14,3.13,3.16,3.17,3.07,5806,1815308.0,3.19,0.96,0.03,0.35,16340928452.400002
2005-12-15,3.2,3.12,3.21,3.11,6043,1915887.0,3.16,-1.27,-0.04,0.36,16134081256.800001
2005-12-16,3.18,3.18,3.18,3.13,4221,1333621.0,1.6,1.92,0.06,0.25,16444352050.2
2005-12-19,3.22,3.2,3.22,3.15,5860,1869237.0,2.2,0.63,0.02,0.35,16547775648.0
2005-12-20,3.23,3.24,3.27,3.21,19829,6404422.0,1.88,1.25,0.04,1.19,16754622843.6
2005-12-21,3.24,3.15,3.24,3.15,7028,2238141.0,2.78,-2.78,-0.09,0.42,16289216653.5
2005-12-22,3.15,3.17,3.18,3.11,4907,1541655.0,2.22,0.63,0.02,0.29,16392640251.3
2005-12-23,3.14,3.18,3.2,3.13,4623,1470219.0,2.21,0.32,0.01,0.28,16444352050.2
2005-12-26,3.18,3.2,3.22,3.14,7155,2281324.0,2.52,0.63,0.02,0.43,16547775648.0
2005-12-27,3.21,3.2,3.21,3.17,3738,1192876.0,1.25,0.0,0.0,0.22,16547775648.0
2005-12-28,3.18,3.2,3.2,3.15,5073,1611040.0,1.56,0.0,0.0,0.3,16547775648.0
2005-12-29,3.19,3.26,3.27,3.17,8461,2734410.0,3.13,1.88,0.06,0.51,16858046441.4
2005-12-30,3.27,3.23,3.27,3.21,6361,2064633.0,1.84,-0.92,-0.03,0.38,16702911044.7
2006-01-10,3.55,3.55,3.55,3.48,68073,24153569.0,2.17,9.91,0.32,4.08,18357688609.5
2006-01-11,3.55,3.6,3.64,3.55,64564,23160341.0,2.54,1.41,0.05,3.87,18616247604.0
2006-01-12,3.61,3.61,3.65,3.56,53896,19453276.0,2.5,0.28,0.01,3.23,18667959402.899998
2006-02-17,2.68,2.57,2.68,2.51,43431,11332961.0,4.71,-28.81,-1.04,1.93,13289932317.3
2006-02-20,2.57,2.61,2.7,2.55,23744,6251109.0,5.84,1.56,0.04,1.05,13496779512.9
2006-02-21,2.63,2.66,2.67,2.59,15297,4026969.0,3.07,1.92,0.05,0.68,13755338507.400002
2006-02-22,2.65,2.67,2.72,2.64,27735,7473781.0,3.01,0.38,0.01,1.23,13807050306.3
2006-02-23,2.67,2.69,2.7,2.62,13737,3658511.0,3.0,0.75,0.02,0.61,13910473904.1
2006-02-24,2.69,2.72,2.72,2.68,23529,6366288.0,1.49,1.12,0.03,1.04,14065609300.800001
2006-02-27,2.74,2.65,2.74,2.65,19468,5225658.0,3.31,-2.57,-0.07,0.86,13703626708.5
2006-02-28,2.62,2.66,2.66,2.59,13320,3487536.0,2.64,0.38,0.01,0.59,13755338507.400002
2006-03-01,2.66,2.7,2.73,2.63,25156,6765299.0,3.76,1.5,0.04,1.12,13962185703.0
2006-03-02,2.73,2.65,2.74,2.62,49095,13302196.0,4.44,-1.85,-0.05,2.18,13703626708.5
2006-03-03,2.62,2.64,2.66,2.61,12802,3365096.0,1.89,-0.38,-0.01,0.57,13651914909.6
2006-03-06,2.64,2.61,2.66,2.58,11384,2961881.0,3.03,-1.14,-0.03,0.51,13496779512.9
2006-03-07,2.6,2.53,2.6,2.52,14273,3639195.0,3.07,-3.07,-0.08,0.63,13083085121.699999
2006-03-08,2.53,2.51,2.53,2.46,7601,1889993.0,2.77,-0.79,-0.02,0.34,12979661523.9
2006-03-09,2.49,2.6,2.6,2.49,15403,3931289.0,4.38,3.59,0.09,0.68,13445067714.0
2006-03-10,2.65,2.66,2.74,2.65,57975,15622850.0,3.46,2.31,0.06,2.57,13755338507.400002
2006-03-13,2.66,2.69,2.7,2.62,17307,4619742.0,3.01,1.13,0.03,0.77,13910473904.1
2006-03-14,2.7,2.66,2.71,2.63,11846,3155309.0,2.97,-1.12,-0.03,0.53,13755338507.400002
2006-03-15,2.66,2.66,2.67,2.62,10231,2711393.0,1.88,0.0,0.0,0.45,13755338507.400002
2006-03-16,2.66,2.63,2.67,2.62,9279,2445498.0,1.88,-1.13,-0.03,0.41,13600203110.699999
2006-03-17,2.63,2.65,2.69,2.63,9755,2591445.0,2.28,0.76,0.02,0.43,13703626708.5
2006-03-20,2.65,2.68,2.69,2.62,14146,3771281.0,2.64,1.13,0.03,0.63,13858762105.2
2006-03-21,2.69,2.7,2.72,2.67,28384,7680019.0,1.87,0.75,0.02,1.26,13962185703.0
2006-03-22,2.7,2.77,2.79,2.69,38235,10555929.0,3.7,2.59,0.07,1.7,14324168295.3
2006-03-23,2.77,2.78,2.78,2.73,25191,6947882.0,1.81,0.36,0.01,1.12,14375880094.199999
2006-03-24,2.78,2.7,2.79,2.7,21006,5735866.0,3.24,-2.88,-0.08,0.93,13962185703.0
2006-03-27,2.69,2.74,2.74,2.65,16038,4325022.0,3.33,1.48,0.04,0.71,14169032898.6
2006-03-28,2.75,2.77,2.78,2.71,18759,5154934.0,2.55,1.09,0.03,0.83,14324168295.3
2006-03-29,2.77,2.86,2.89,2.77,76113,21647208.0,4.33,3.25,0.09,3.38,14789574485.4
2006-03-30,2.9,2.93,3.01,2.9,128127,37971044.0,3.85,2.45,0.07,5.69,15151557077.7
2006-03-31,2.9,2.95,2.96,2.83,35870,10388796.0,4.44,0.68,0.02,1.59,15254980675.5
2006-04-03,2.97,2.97,2.97,2.9,39390,11583320.0,2.37,0.68,0.02,1.75,15358404273.300001
2006-04-04,2.97,2.93,2.97,2.89,36851,10746024.0,2.69,-1.35,-0.04,1.64,15151557077.7
2006-04-05,2.92,2.95,2.96,2.88,36111,10545557.0,2.73,0.68,0.02,1.6,15254980675.5
2006-04-06,2.93,2.96,2.96,2.88,43355,12624085.0,2.71,0.34,0.01,1.92,15306692474.4
2006-04-07,2.97,2.94,2.99,2.9,40598,11931199.0,3.04,-0.68,-0.02,1.8,15203268876.6
2006-04-10,2.97,3.05,3.07,2.95,57145,17290577.0,4.08,3.74,0.11,2.54,15772098664.5
2006-04-11,3.06,3.02,3.1,2.99,36267,10966508.0,3.61,-0.98,-0.03,1.61,15616963267.8
2006-04-12,3.02,2.94,3.03,2.94,31086,9224683.0,2.98,-2.65,-0.08,1.38,15203268876.6
2006-04-13,2.95,2.95,3.03,2.92,48013,14250269.0,3.74,0.34,0.01,2.13,15254980675.5
2006-04-14,3.0,3.03,3.06,2.94,57062,17101148.0,4.07,2.71,0.08,2.53,15668675066.699999
2006-04-17,3.03,3.07,3.13,3.0,48934,15065306.0,4.29,1.32,0.04,2.17,15875522262.3
2006-04-18,2.85,3.0,3.1,2.85,25671,7717687.0,8.14,-2.28,-0.07,1.14,15513539670.0
2006-04-19,3.0,2.93,3.0,2.91,29679,8748030.0,3.0,-2.33,-0.07,1.32,15151557077.7
2006-04-20,2.93,2.88,2.95,2.86,20622,5959695.0,3.07,-1.71,-0.05,0.92,14892998083.199999
2006-04-21,2.88,2.9,2.92,2.86,21312,6155833.0,2.08,0.69,0.02,0.95,14996421681.0
2006-04-24,2.9,2.79,2.94,2.76,35297,9924735.0,6.21,-3.79,-0.11,1.57,14427591893.1
2006-04-25,2.82,2.86,2.88,2.73,27090,7639588.0,5.38,2.51,0.07,1.2,14789574485.4
2006-04-26,2.9,2.95,2.97,2.84,40832,11869646.0,4.55,3.15,0.09,1.81,15254980675.5
2006-04-27,3.01,2.97,3.08,2.93,77204,23092237.0,5.08,0.68,0.02,3.43,15358404273.300001
2006-04-28,2.95,2.9,2.95,2.78,35315,10153659.0,5.72,-2.36,-0.07,1.57,14996421681.0
2006-05-08,2.87,2.93,2.95,2.87,31180,9078975.0,2.76,1.03,0.03,1.38,15151557077.7
2006-05-09,2.93,2.99,3.01,2.9,65407,19401858.0,3.75,2.05,0.06,2.9,15461827871.1
2006-05-10,2.99,3.06,3.1,2.97,82066,24922649.0,4.35,2.34,0.07,3.64,15823810463.4
2006-05-11,3.03,2.99,3.13,2.99,74933,23077607.0,4.58,-2.29,-0.07,3.33,15461827871.1
2006-05-12,2.98,3.29,3.29,2.95,138230,43713459.0,11.37,10.03,0.3,6.13,17013181838.1
2006-05-15,3.29,3.38,3.48,3.18,130883,43201278.0,9.12,2.74,0.09,5.81,17478588028.2
2006-05-16,3.38,3.14,3.38,3.1,104639,33476771.0,8.28,-7.1,-0.24,4.64,16237504854.6
2006-05-17,3.12,3.19,3.21,3.1,53629,16947782.0,3.5,1.59,0.05,2.38,16496063849.1
2006-05-18,3.15,3.19,3.24,3.13,40569,12892416.0,3.45,0.0,0.0,1.8,16496063849.1
2006-05-22,3.25,3.45,3.51,3.24,115758,39099869.0,8.46,8.15,0.26,5.14,17840570620.5
2006-05-23,3.55,3.3,3.55,3.28,145683,50206460.0,7.83,-4.35,-0.15,6.47,17064893637.0
2006-05-24,3.31,3.17,3.4,3.06,65776,21275300.0,10.3,-3.94,-0.13,2.92,16392640251.3
2006-05-25,3.16,3.38,3.39,3.1,56169,18320482.0,9.15,6.62,0.21,2.49,17478588028.2
2006-05-26,3.41,3.53,3.65,3.38,131777,46745468.0,7.99,4.44,0.15,5.85,18254265011.7
2006-05-29,3.6,3.65,3.69,3.52,114031,41071327.0,4.82,3.4,0.12,5.06,18874806598.5
2006-05-30,3.75,3.72,3.87,3.66,148866,56169808.0,5.75,1.92,0.07,6.61,19236789190.8
2006-05-31,3.68,3.62,3.8,3.58,83744,30799923.0,5.91,-2.69,-0.1,3.72,18719671201.8
2006-06-01,3.59,3.75,3.75,3.58,82114,30258584.0,4.7,3.59,0.13,3.64,19391924587.5
2006-06-02,3.79,3.74,3.79,3.6,69920,25786562.0,5.07,-0.27,-0.01,3.1,19340212788.600002
2006-06-05,3.78,3.91,3.93,3.77,106242,41003888.0,4.28,4.55,0.17,4.72,20219313369.9
2006-06-06,3.91,3.84,4.08,3.82,100561,39727393.0,6.65,-1.79,-0.07,4.46,19857330777.6
2006-06-07,3.84,3.51,3.91,3.5,71394,26243893.0,10.68,-8.59,-0.33,3.17,18150841413.899998
2006-06-08,3.45,3.45,3.5,3.3,56797,19370397.0,5.7,-1.71,-0.06,2.52,17840570620.5
2006-06-09,3.45,3.34,3.5,3.32,35192,11996579.0,5.22,-3.19,-0.11,1.56,17271740832.6
2006-06-12,3.34,3.39,3.43,3.34,24218,8229792.0,2.69,1.5,0.05,1.07,17530299827.100002
2006-06-13,3.42,3.49,3.5,3.39,27548,9499496.0,3.24,2.95,0.1,1.22,18047417816.100002
2006-06-14,3.48,3.48,3.5,3.37,22846,7826022.0,3.72,-0.29,-0.01,1.01,17995706017.2
2006-06-15,3.48,3.47,3.55,3.44,19782,6892880.0,3.16,-0.29,-0.01,0.88,17943994218.3
2006-06-16,3.52,3.54,3.56,3.46,34265,12059443.0,2.88,2.02,0.07,1.52,18305976810.6
2006-06-19,3.5,3.65,3.7,3.46,47572,17247252.0,6.78,3.11,0.11,2.11,18874806598.5
2006-06-20,3.66,3.67,3.74,3.61,32071,11753773.0,3.56,0.55,0.02,1.42,18978230196.3
2006-06-21,3.67,3.57,3.68,3.51,27449,9874099.0,4.63,-2.72,-0.1,1.22,18461112207.3
2006-06-22,3.57,3.63,3.64,3.5,24398,8665300.0,3.92,1.68,0.06,1.08,18771383000.7
2006-06-23,3.64,3.7,3.72,3.57,40770,14902573.0,4.13,1.93,0.07,1.81,19133365593.0
2006-06-26,3.69,3.72,3.75,3.65,34397,12781866.0,2.7,0.54,0.02,1.53,19236789190.8
2006-06-27,3.72,3.86,3.87,3.7,71495,27171649.0,4.57,3.76,0.14,3.17,19960754375.399998
2006-06-28,3.86,3.76,3.86,3.73,53855,20381186.0,3.37,-2.59,-0.1,2.39,19443636386.399998
2006-06-29,3.76,3.82,3.85,3.75,54898,20846707.0,2.66,1.6,0.06,2.44,19753907179.8
2006-06-30,3.8,3.74,3.82,3.69,41348,15481193.0,3.4,-2.09,-0.08,1.84,19340212788.600002
2006-07-03,3.76,3.76,3.78,3.7,40313,15056180.0,2.14,0.53,0.02,1.79,19443636386.399998
2006-07-04,3.76,3.84,3.84,3.7,59302,22319587.0,3.72,2.13,0.08,2.63,19857330777.6
2006-07-05,3.82,3.76,3.83,3.71,26126,9831285.0,3.13,-2.08,-0.08,1.16,19443636386.399998
2006-07-06,3.75,3.92,3.93,3.74,69350,26737904.0,5.05,4.26,0.16,3.08,20271025168.8
2006-07-07,3.89,3.76,3.89,3.75,59249,22519218.0,3.57,-4.08,-0.16,2.63,19443636386.399998
2006-07-11,3.8,3.8,3.85,3.77,38032,14479020.0,2.13,1.06,0.04,1.69,19650483582.0
2006-07-12,3.81,3.77,3.83,3.74,42721,16141035.0,2.37,-0.79,-0.03,1.9,19495348185.3
2006-07-13,3.75,3.39,3.75,3.39,69653,24655340.0,9.55,-10.08,-0.38,3.09,17530299827.100002
2006-07-14,3.35,3.44,3.48,3.33,30379,10415118.0,4.42,1.47,0.05,1.35,17788858821.6
2006-07-17,3.43,3.46,3.48,3.39,20355,7003763.0,2.62,0.58,0.02,0.9,17892282419.4
2006-07-18,3.46,3.47,3.47,3.4,19297,6608703.0,2.02,0.29,0.01,0.86,17943994218.3
2006-07-19,3.46,3.34,3.46,3.33,22160,7489938.0,3.75,-3.75,-0.13,0.98,17271740832.6
2006-07-20,3.32,3.42,3.42,3.31,16729,5649532.0,3.29,2.4,0.08,0.74,17685435223.8
2006-07-21,3.41,3.47,3.48,3.4,15823,5436185.0,2.34,1.46,0.05,0.7,17943994218.3
2006-07-24,3.4,3.44,3.44,3.35,16374,5576309.0,2.59,-0.86,-0.03,0.73,17788858821.6
2006-07-25,3.44,3.51,3.52,3.44,30013,10478282.0,2.33,2.03,0.07,1.33,18150841413.899998
2006-07-26,3.53,3.58,3.6,3.52,33867,12083304.0,2.28,1.99,0.07,1.5,18512824006.2
2006-07-27,3.55,3.64,3.64,3.47,36715,13098109.0,4.75,1.68,0.06,1.63,18823094799.600002
2006-07-28,3.6,3.54,3.63,3.5,28989,10352491.0,3.57,-2.75,-0.1,1.29,18305976810.6
2006-07-31,3.62,3.57,3.72,3.54,76489,27831674.0,5.08,0.85,0.03,3.39,18461112207.3
2006-08-01,3.66,3.76,3.93,3.63,186074,70996165.0,8.4,5.32,0.19,8.26,19443636386.399998
2006-08-02,3.7,3.55,3.73,3.5,68400,24697797.0,6.12,-5.59,-0.21,3.04,18357688609.5
2006-08-03,3.57,3.59,3.69,3.52,29686,10715509.0,4.79,1.13,0.04,1.32,18564535805.1
2006-08-04,3.6,3.4,3.65,3.33,41349,14390827.0,8.91,-5.29,-0.19,1.84,17582011626.0
2006-08-07,3.35,3.22,3.39,3.2,36260,11894212.0,5.59,-5.29,-0.18,1.61,16651199245.800001
2006-08-08,3.2,3.33,3.34,3.2,14896,4888523.0,4.35,3.42,0.11,0.66,17220029033.7
2006-08-09,3.33,3.4,3.44,3.28,23346,7872806.0,4.8,2.1,0.07,1.04,17582011626.0
2006-08-10,3.4,3.56,3.58,3.39,41732,14696583.0,5.59,4.71,0.16,1.85,18409400408.4
2006-08-11,3.58,3.65,3.71,3.53,49303,17889440.0,5.06,2.53,0.09,2.19,18874806598.5
2006-08-14,3.68,3.62,3.76,3.56,56433,20673345.0,5.48,-0.82,-0.03,2.5,18719671201.8
2006-08-15,3.65,3.71,3.73,3.53,50155,18330496.0,5.52,2.49,0.09,2.23,19185077391.9
2006-08-16,3.72,3.7,3.8,3.66,60783,22622395.0,3.77,-0.27,-0.01,2.7,19133365593.0
2006-08-17,3.7,3.66,3.72,3.6,38757,14151852.0,3.24,-1.08,-0.04,1.72,18926518397.4
2006-08-18,3.66,3.78,3.8,3.66,87501,32801959.0,3.83,3.28,0.12,3.88,19547059984.2
2006-08-21,3.56,4.03,4.16,3.56,238679,94989838.0,15.87,6.61,0.25,10.59,20839854956.7
2006-08-22,4.01,4.05,4.16,4.01,146010,59615715.0,3.72,0.5,0.02,6.48,20943278554.5
2006-08-23,4.03,3.99,4.09,3.96,60413,24320237.0,3.21,-1.48,-0.06,2.68,20633007761.100002
2006-08-24,3.97,4.07,4.08,3.89,86726,34712518.0,4.76,2.01,0.08,3.85,21046702152.300003
2006-08-25,4.07,4.17,4.23,4.0,142084,58799562.0,5.65,2.46,0.1,6.31,21563820141.3
2006-08-28,4.2,4.28,4.3,4.18,105835,44903931.0,2.88,2.64,0.11,4.7,22132649929.2
2006-08-29,4.28,4.17,4.34,4.16,100351,42638319.0,4.21,-2.57,-0.11,4.45,21563820141.3
2006-08-30,4.15,4.2,4.23,4.12,51159,21326171.0,2.64,0.72,0.03,2.27,21718955538.0
2006-08-31,4.21,4.18,4.22,4.09,32994,13777653.0,3.1,-0.48,-0.02,1.46,21615531940.199997
2006-09-01,4.18,4.02,4.2,4.01,63062,25743318.0,4.55,-3.83,-0.16,2.8,20788143157.8
2006-09-04,4.02,4.18,4.19,4.01,65626,27034968.0,4.48,3.98,0.16,2.91,21615531940.199997
2006-09-05,4.2,4.16,4.24,4.12,50319,20976239.0,2.87,-0.48,-0.02,2.23,21512108342.4
2006-09-06,4.14,4.18,4.19,4.1,39627,16434913.0,2.16,0.48,0.02,1.76,21615531940.199997
2006-09-07,4.2,4.23,4.3,4.16,79144,33545050.0,3.35,1.2,0.05,3.51,21874090934.7
2006-09-08,4.28,4.44,4.57,4.28,146857,65220831.0,6.86,4.96,0.21,6.52,22960038711.600002
2006-09-11,4.42,4.44,4.48,4.29,83565,36601300.0,4.28,0.0,0.0,3.71,22960038711.600002
2006-09-12,4.44,4.47,4.59,4.36,105173,47464854.0,5.18,0.68,0.03,4.67,23115174108.3
2006-09-13,4.46,4.48,4.55,4.35,98075,43596396.0,4.47,0.22,0.01,4.35,23166885907.2
2006-09-14,4.48,4.4,4.49,4.32,58597,25754965.0,3.79,-1.79,-0.08,2.6,22753191516.0
2006-09-15,4.41,4.5,4.54,4.35,72326,32386700.0,4.32,2.27,0.1,3.21,23270309505.0
2006-09-18,4.51,4.69,4.73,4.51,102045,47258875.0,4.89,4.22,0.19,4.53,24252833684.100002
2006-09-19,4.72,4.64,4.75,4.56,75050,34615729.0,4.05,-1.07,-0.05,3.33,23994274689.6
2006-09-20,4.61,4.66,4.7,4.51,81926,37673112.0,4.09,0.43,0.02,3.64,24097698287.4
2006-09-21,4.65,4.67,4.73,4.57,70261,32697971.0,3.43,0.21,0.01,3.12,24149410086.3
2006-09-22,4.66,4.51,4.67,4.48,56633,25864644.0,4.07,-3.43,-0.16,2.51,23322021303.899998
2006-09-25,4.49,4.61,4.62,4.38,97108,43695005.0,5.32,2.22,0.1,4.31,23839139292.9
2006-09-26,4.63,4.56,4.72,4.55,108468,50287586.0,3.69,-1.08,-0.05,4.81,23580580298.399998
2006-09-27,4.54,4.5,4.54,4.4,54437,24280874.0,3.07,-1.32,-0.06,2.42,23270309505.0
2006-09-28,4.52,4.49,4.53,4.43,29168,13074230.0,2.22,-0.22,-0.01,1.29,23218597706.100002
2006-09-29,4.52,4.54,4.59,4.5,38817,17640224.0,2.0,1.11,0.05,1.72,23477156700.6
2006-10-09,4.59,4.58,4.6,4.48,46885,21245106.0,2.64,0.88,0.04,2.08,23684003896.2
2006-10-10,4.58,4.39,4.61,4.38,72819,32619121.0,5.02,-4.15,-0.19,3.23,22701479717.1
2006-10-11,4.41,4.44,4.47,4.38,46142,20392728.0,2.05,1.14,0.05,2.05,22960038711.600002
2006-10-12,4.46,4.28,4.46,4.25,61930,26695360.0,4.73,-3.6,-0.16,2.75,22132649929.2
2006-10-13,4.24,4.32,4.34,4.21,32940,14109617.0,3.04,0.93,0.04,1.46,22339497124.800003
2006-10-16,4.29,4.28,4.32,4.26,28805,12321902.0,1.39,-0.93,-0.04,1.28,22132649929.2
2006-10-17,4.27,4.3,4.37,4.23,22552,9730433.0,3.27,0.47,0.02,1.0,22236073527.0
2006-10-18,4.3,4.35,4.37,4.3,19226,8346621.0,1.63,1.16,0.05,0.85,22494632521.5
2006-10-19,4.4,4.35,4.4,4.26,31908,13783308.0,3.22,0.0,0.0,1.42,22494632521.5
2006-10-20,4.39,4.46,4.48,4.34,53921,23783746.0,3.22,2.53,0.11,2.39,23063462309.4
2006-10-23,4.48,4.31,4.56,4.29,58441,26086828.0,6.05,-3.36,-0.15,2.59,22287785325.899998
2006-10-24,4.33,4.42,4.44,4.31,30293,13301462.0,3.02,2.55,0.11,1.34,22856615113.8
2006-10-25,4.55,4.56,4.81,4.52,143924,67177966.0,6.56,3.17,0.14,6.39,23580580298.399998
2006-10-26,4.53,4.47,4.64,4.44,58078,26298879.0,4.39,-1.97,-0.09,2.58,23115174108.3
2006-10-27,4.46,4.37,4.56,4.35,40114,17767292.0,4.7,-2.24,-0.1,1.78,22598056119.3
2006-10-30,4.36,4.3,4.38,4.18,47417,20234730.0,4.58,-1.6,-0.07,2.1,22236073527.0
2006-10-31,4.3,4.32,4.34,4.26,24391,10486178.0,1.86,0.47,0.02,1.08,22339497124.800003
2006-11-01,4.35,4.34,4.36,4.25,29794,12774522.0,2.55,0.46,0.02,1.32,22442920722.6
2006-11-02,4.36,4.51,4.51,4.28,48042,21178462.0,5.3,3.92,0.17,2.13,23322021303.899998
2006-11-03,4.51,4.46,4.58,4.44,31863,14342076.0,3.1,-1.11,-0.05,1.41,23063462309.4
2006-11-06,4.38,4.39,4.48,4.36,26334,11627491.0,2.69,-1.57,-0.07,1.17,22701479717.1
2006-11-07,4.4,4.35,4.4,4.29,25466,11020411.0,2.51,-0.91,-0.04,1.13,22494632521.5
2006-11-08,4.35,4.29,4.35,4.24,24937,10639897.0,2.53,-1.38,-0.06,1.11,22184361728.1
2006-11-09,4.27,4.31,4.35,4.25,26052,11177343.0,2.33,0.47,0.02,1.16,22287785325.899998
2006-11-10,4.31,4.12,4.32,4.1,37673,15903249.0,5.1,-4.41,-0.19,1.67,21305261146.8
2006-11-13,4.1,4.01,4.18,3.99,30868,12587697.0,4.61,-2.67,-0.11,1.37,20736431358.899998
2006-11-14,4.03,4.09,4.11,3.93,24014,9645833.0,4.49,2.0,0.08,1.07,21150125750.1
2006-11-15,4.08,4.16,4.17,4.05,15207,6266034.0,2.93,1.71,0.07,0.67,21512108342.4
2006-11-16,4.1,4.14,4.2,4.1,28246,11734310.0,2.4,-0.48,-0.02,1.25,21408684744.6
2006-11-17,4.21,4.27,4.44,4.18,52397,22391360.0,6.28,3.14,0.13,2.33,22080938130.3
2006-11-20,4.25,4.14,4.27,4.09,38437,15986651.0,4.22,-3.04,-0.13,1.71,21408684744.6
2006-11-21,4.11,4.17,4.2,4.06,19203,7921085.0,3.38,0.72,0.03,0.85,21563820141.3
2006-11-22,4.16,4.18,4.25,4.11,24139,10082123.0,3.36,0.24,0.01,1.07,21615531940.199997
2006-11-23,4.16,4.17,4.22,4.13,18276,7603047.0,2.15,-0.24,-0.01,0.81,21563820141.3
2006-11-24,4.18,4.34,4.39,4.15,69430,29941652.0,5.76,4.08,0.17,3.08,22442920722.6
2006-11-27,4.32,4.39,4.39,4.27,27983,12175998.0,2.76,1.15,0.05,1.24,22701479717.1
2006-11-28,4.4,4.43,4.45,4.31,41082,18027107.0,3.19,0.91,0.04,1.82,22908326912.699997
2006-11-29,4.38,4.52,4.54,4.3,56782,25165968.0,5.42,2.03,0.09,2.52,23373733102.8
2006-11-30,4.51,4.5,4.58,4.47,57982,26202007.0,2.43,-0.44,-0.02,2.57,23270309505.0
2006-12-01,4.48,4.4,4.55,4.38,67056,29881442.0,3.78,-2.22,-0.1,2.98,22753191516.0
2006-12-04,4.39,4.51,4.53,4.39,54559,24301763.0,3.18,2.5,0.11,2.42,23322021303.899998
2006-12-05,4.52,4.57,4.68,4.47,82582,37894964.0,4.66,1.33,0.06,3.67,23632292097.300003
2006-12-06,4.57,4.36,4.62,4.23,69233,30432377.0,8.53,-4.6,-0.21,3.07,22546344320.4
2006-12-07,4.36,4.29,4.4,4.28,55011,23780289.0,2.75,-1.61,-0.07,2.44,22184361728.1
2006-12-08,4.27,4.08,4.27,4.06,52260,21764273.0,4.9,-4.9,-0.21,2.32,21098413951.2
2006-12-11,4.03,4.18,4.21,4.02,34648,14272379.0,4.66,2.45,0.1,1.54,21615531940.199997
2006-12-12,4.18,4.24,4.3,4.11,31231,13180401.0,4.55,1.44,0.06,1.39,21925802733.600002
2006-12-13,4.24,4.17,4.24,4.12,25126,10450124.0,2.83,-1.65,-0.07,1.12,21563820141.3
2006-12-14,4.18,4.19,4.22,4.12,25112,10472567.0,2.4,0.48,0.02,1.11,21667243739.100002
2006-12-15,4.21,4.22,4.24,4.16,33201,13936101.0,1.91,0.72,0.03,1.47,21822379135.8
2006-12-18,4.21,4.39,4.4,4.2,64955,28130372.0,4.74,4.03,0.17,2.88,22701479717.1
2006-12-19,4.38,4.33,4.41,4.22,48337,20843622.0,4.33,-1.37,-0.06,2.15,22391208923.7
2006-12-20,4.36,4.45,4.54,4.28,67980,30272159.0,6.0,2.77,0.12,3.02,23011750510.5
2006-12-21,4.48,4.4,4.52,4.38,50869,22698345.0,3.15,-1.12,-0.05,2.26,22753191516.0
2006-12-22,4.37,4.39,4.45,4.3,35513,15535781.0,3.41,-0.23,-0.01,1.58,22701479717.1
2006-12-25,4.42,4.5,4.55,4.41,65115,29139361.0,3.19,2.51,0.11,2.89,23270309505.0
2006-12-26,4.55,4.54,4.58,4.42,70065,31655673.0,3.56,0.89,0.04,3.11,23477156700.6
2006-12-27,4.53,4.45,4.54,4.41,34645,15458707.0,2.86,-1.98,-0.09,1.54,23011750510.5
2006-12-28,4.45,4.26,4.47,4.2,56476,24299348.0,6.07,-4.27,-0.19,2.51,22029226331.399998
2006-12-29,4.28,4.32,4.36,4.26,49141,21146479.0,2.35,1.41,0.06,2.18,22339497124.800003
2007-01-04,4.35,4.75,4.75,4.26,207911,96212414.0,11.34,9.95,0.43,9.23,24563104477.5
2007-01-05,4.73,4.84,5.1,4.65,185056,90631746.0,9.47,1.89,0.09,8.21,25028510667.6
2007-01-08,4.84,5.07,5.12,4.8,118623,58858010.0,6.61,4.75,0.23,5.26,26217882042.300003
2007-01-09,5.03,5.07,5.16,4.98,87187,44115879.0,3.55,0.0,0.0,3.87,26217882042.300003
2007-01-10,5.06,5.26,5.29,5.01,103076,53352439.0,5.52,3.75,0.19,4.57,27200406221.399998
2007-01-11,5.27,5.06,5.32,5.04,115491,60069454.0,5.32,-3.8,-0.2,5.13,26166170243.399998
2007-01-12,5.01,4.86,5.24,4.8,92702,46628196.0,8.7,-3.95,-0.2,4.11,25131934265.4
2007-01-15,4.86,5.35,5.35,4.86,97282,50873829.0,10.08,10.08,0.49,4.32,27665812411.5
2007-01-16,5.63,5.76,5.89,5.43,197830,112302347.0,8.6,7.66,0.41,8.78,29785996166.399998
2007-01-17,5.76,5.49,5.86,5.31,143507,80631992.0,9.55,-4.69,-0.27,6.37,28389777596.100002
2007-01-18,5.4,6.04,6.04,5.4,144354,82372949.0,11.66,10.02,0.55,6.41,31233926535.6
2007-01-19,6.16,6.2,6.52,6.1,139915,87802522.0,6.95,2.65,0.16,6.21,32061315318.0
2007-01-22,6.09,6.34,6.48,6.05,128081,80247325.0,6.94,2.26,0.14,5.68,32785280502.6
2007-01-23,6.34,6.33,6.43,6.0,125538,77855595.0,6.78,-0.16,-0.01,5.57,32733568703.7
2007-01-24,6.3,6.26,6.47,6.22,91510,57715192.0,3.95,-1.11,-0.07,4.06,32371586111.399998
2007-01-25,6.23,5.76,6.23,5.72,124329,73969114.0,8.15,-7.99,-0.5,5.52,29785996166.399998
2007-01-26,5.57,5.78,5.87,5.46,92797,52460817.0,7.12,0.35,0.02,4.12,29889419764.2
2007-01-29,5.71,6.03,6.09,5.7,95920,56438623.0,6.75,4.33,0.25,4.26,31182214736.7
2007-01-30,5.98,5.79,6.03,5.75,102993,60419183.0,4.64,-3.98,-0.24,4.57,29941131563.1
2007-01-31,5.81,5.89,6.24,5.81,179093,107303697.0,7.43,1.73,0.1,7.95,30458249552.1
2007-02-01,5.74,5.84,5.92,5.5,99657,57111428.0,7.13,-0.85,-0.05,4.42,30199690557.6
2007-02-02,5.88,6.03,6.19,5.86,141934,86123090.0,5.65,3.25,0.19,6.3,31182214736.7
2007-02-05,6.0,6.18,6.3,5.87,114151,70209193.0,7.13,2.49,0.15,5.07,31957891720.199997
2007-02-06,6.18,6.25,6.39,6.08,95212,59334462.0,5.02,1.13,0.07,4.23,32319874312.5
2007-02-07,6.28,6.23,6.34,6.1,78543,48508784.0,3.84,-0.32,-0.02,3.49,32216450714.7
2007-02-08,6.46,6.6,6.8,6.46,163456,108686651.0,5.46,5.94,0.37,7.25,34129787274.0
2007-02-09,6.57,6.97,7.18,6.0,176469,120442229.0,17.88,5.61,0.37,7.83,36043123833.299995
2007-02-12,7.02,7.14,7.24,6.89,123532,87208540.0,5.02,2.44,0.17,5.48,36922224414.6
2007-02-13,7.1,7.06,7.13,6.85,123037,85758357.0,3.92,-1.12,-0.08,5.46,36508530023.4
2007-02-14,7.0,7.12,7.38,6.92,105911,76107305.0,6.52,0.85,0.06,4.7,36818800816.8
2007-02-15,7.19,7.28,7.39,7.08,106973,77695278.0,4.35,2.25,0.16,4.75,37646189599.200005
2007-02-16,7.35,7.54,7.81,7.24,144667,109122240.0,7.83,3.57,0.26,6.42,38990696370.6
2007-02-26,7.65,8.09,8.19,7.54,123580,98161151.0,8.62,7.29,0.55,4.07,41834845310.1
2007-02-27,8.11,7.28,8.19,7.28,138671,107068385.0,11.25,-10.01,-0.81,4.57,37646189599.200005
2007-02-28,7.15,7.61,7.68,7.08,124406,91565210.0,8.24,4.53,0.33,4.1,39352678962.9
2007-03-01,7.64,7.05,7.64,6.92,112694,81485705.0,9.46,-7.36,-0.56,3.71,36456818224.5
2007-03-02,7.07,7.08,7.25,6.99,71444,50981250.0,3.69,0.43,0.03,2.35,36611953621.2
2007-03-05,7.05,7.64,7.79,7.05,272140,207765759.0,10.45,7.91,0.56,8.97,39507814359.6
2007-03-06,7.5,7.48,7.58,7.27,112762,83837920.0,4.06,-2.09,-0.16,3.72,38680425577.200005
2007-03-07,7.48,7.7,7.76,7.48,99996,76279039.0,3.74,2.94,0.22,3.3,39818085153.0
2007-03-08,7.82,8.22,8.42,7.76,183495,148914227.0,8.57,6.75,0.52,6.05,42507098695.8
2007-03-09,8.15,8.63,8.78,8.11,182809,155555074.0,8.15,4.99,0.41,6.03,44627282450.700005
2007-03-12,8.63,9.49,9.49,8.63,220152,204501550.0,9.97,9.97,0.86,7.26,49074497156.1
2007-03-13,9.58,9.62,10.33,9.55,321954,319282987.0,8.22,1.37,0.13,10.61,49746750541.799995
2007-03-14,9.45,9.79,10.06,9.08,227151,220724257.0,10.19,1.77,0.17,7.49,50625851123.1
2007-03-15,9.6,9.73,9.99,9.53,137627,133937588.0,4.7,-0.61,-0.06,4.54,50315580329.700005
2007-03-16,9.76,9.67,9.94,9.41,151638,146535386.0,5.45,-0.62,-0.06,5.0,50005309536.3
2007-03-19,9.52,10.64,10.64,9.52,156041,164083513.0,11.58,10.03,0.97,5.14,55021354029.600006
2007-03-20,11.44,11.12,11.64,10.94,362185,408864385.0,6.58,4.51,0.48,11.94,57503520376.799995
2007-03-21,11.17,11.41,11.66,10.73,259516,291988852.0,8.36,2.61,0.29,8.55,59003162544.9
2007-03-22,11.15,11.2,11.62,10.9,204026,229363513.0,6.31,-1.84,-0.21,6.72,57917214768.0
2007-03-23,11.03,10.88,11.2,10.6,154259,167413223.0,5.36,-2.86,-0.32,5.08,56262437203.200005
2007-03-26,10.9,10.84,11.14,10.6,157287,170822833.0,4.96,-0.37,-0.04,5.18,56055590007.6
2007-03-27,10.9,10.96,11.41,10.76,161437,178475416.0,6.0,1.11,0.12,5.32,56676131594.4
2007-03-28,10.96,10.51,10.98,9.92,189041,199220775.0,9.67,-4.11,-0.45,6.23,54349100643.9
2007-03-29,10.48,10.77,10.95,10.01,237817,252544938.0,8.94,2.47,0.26,7.84,55693607415.299995
2007-03-30,10.63,11.28,11.49,10.45,259901,287523337.0,9.66,4.74,0.51,8.57,58330909159.2
2007-04-02,11.49,11.74,11.92,11.38,331242,386183542.0,4.79,4.08,0.46,10.92,60709651908.6
2007-04-03,11.65,11.57,11.75,11.4,140929,162807925.0,2.98,-1.45,-0.17,4.65,59830551327.3
2007-04-04,11.56,11.59,12.0,11.46,139045,162898274.0,4.67,0.17,0.02,4.58,59933974925.1
2007-04-05,11.48,11.77,11.98,11.4,172284,202060172.0,5.0,1.55,0.18,5.68,60864787305.299995
2007-04-06,11.5,11.57,11.88,11.41,172513,200063608.0,3.99,-1.7,-0.2,5.69,59830551327.3
2007-04-09,11.61,11.75,11.79,11.51,168758,196063282.0,2.42,1.56,0.18,5.56,60761363707.5
2007-04-10,11.86,12.35,12.35,11.79,246964,300029710.0,4.77,5.11,0.6,8.14,63864071641.5
2007-04-11,13.59,12.59,13.59,12.35,232350,298257979.0,10.04,1.94,0.24,7.66,65105154815.1
2007-04-12,12.74,12.62,12.97,12.41,163260,205574766.0,4.45,0.24,0.03,5.38,65260290211.799995
2007-04-13,12.7,12.48,12.8,12.4,198357,249190980.0,3.17,-1.11,-0.14,6.54,64536325027.200005
2007-04-16,12.5,12.73,12.8,12.41,178708,225667054.0,3.13,2.0,0.25,5.89,65829119999.700005
2007-04-17,12.82,12.37,12.93,11.71,226799,278984355.0,9.58,-2.83,-0.36,7.48,63967495239.299995
2007-04-18,12.35,13.51,13.61,11.93,355420,448560943.0,13.58,9.22,1.14,11.71,69862640313.9
2007-04-19,13.44,12.57,13.44,12.16,267433,344463994.0,9.47,-6.96,-0.94,8.81,65001731217.3
2007-04-20,12.89,13.57,13.78,12.89,343630,461376686.0,7.08,7.96,1.0,11.33,70172911107.3
2007-04-23,14.0,14.93,14.93,14.0,318014,467174974.0,6.85,10.02,1.36,10.48,77205715757.7
2007-04-24,15.36,14.93,15.95,14.8,351418,539913052.0,7.7,0.0,0.0,11.58,77205715757.7
2007-04-25,14.5,14.36,14.72,13.86,235200,335525000.0,5.76,-3.82,-0.57,7.75,74258143220.4
2007-04-26,14.32,14.41,14.6,14.0,141827,203388301.0,4.18,0.35,0.05,4.67,74516702214.9
2007-04-27,14.34,15.06,15.49,14.07,246822,365151326.0,9.85,4.51,0.65,8.14,77877969143.40001
2007-04-30,14.98,15.62,15.84,14.82,256454,397781475.0,6.77,3.72,0.56,8.45,80773829881.8
2007-05-08,16.7,17.18,17.18,16.1,271415,457803375.0,6.91,9.99,1.56,8.95,88840870510.2
2007-05-09,17.87,18.9,18.9,17.01,590556,1088575108.0,11.0,10.01,1.72,19.47,97735299921.0
2007-05-10,19.2,17.87,19.32,17.61,375842,684760012.0,9.05,-5.45,-1.03,12.39,92408984634.3
2007-05-14,18.61,18.47,19.5,18.28,313956,593779407.0,6.83,3.36,0.6,10.35,95511692568.29999
2007-05-15,18.3,16.74,18.32,16.7,258731,451609362.0,8.77,-9.37,-1.73,8.53,86565551358.59999
2007-05-16,16.57,17.75,17.8,16.45,183203,315215732.0,8.06,6.03,1.01,6.04,91788443047.5
2007-05-17,18.01,17.52,18.26,17.25,183232,323418176.0,5.69,-1.3,-0.23,6.04,90599071672.8
2007-05-18,17.29,17.67,18.3,16.75,259754,453562825.0,8.85,0.86,0.15,8.56,91374748656.3
2007-05-21,16.7,17.67,18.2,16.51,213406,376458609.0,9.56,0.0,0.0,7.03,91374748656.3
2007-05-22,17.56,17.71,18.0,17.5,208471,369244848.0,2.83,0.23,0.04,6.87,91581595851.90001
2007-05-23,17.8,18.4,18.45,17.21,300937,538449636.0,7.0,3.9,0.69,9.92,95149709976.0
2007-05-24,19.0,19.41,19.89,18.7,479912,924721764.0,6.47,5.49,1.01,15.82,100372601664.9
2007-05-25,18.97,19.44,20.09,18.72,315496,613578480.0,7.06,0.15,0.03,10.4,100527737061.6
2007-05-28,19.61,19.79,20.19,19.21,304577,597876815.0,5.04,1.8,0.35,10.04,102337650023.09999
2007-05-29,20.1,20.1,20.88,19.7,323274,655213557.0,5.96,1.57,0.31,10.66,103940715789.0
2007-05-30,18.09,18.09,19.7,18.09,251937,469202520.0,8.01,-10.0,-2.01,8.3,93546644210.1
2007-05-31,16.8,16.28,17.46,16.28,269782,443429414.0,6.52,-10.01,-1.81,8.89,84186808609.20001
2007-06-01,16.35,14.65,16.8,14.65,259629,397841333.0,13.21,-10.01,-1.63,8.56,75757785388.5
2007-06-04,14.49,13.19,14.49,13.19,218739,291788575.0,8.87,-9.97,-1.46,7.21,68207862749.1
2007-06-05,12.1,13.61,13.9,11.87,329640,408792761.0,15.39,3.18,0.42,10.87,70379758302.9
2007-06-06,13.61,13.62,14.16,12.8,260928,354380705.0,9.99,0.07,0.01,8.6,70431470101.8
2007-06-07,13.56,14.51,14.6,13.45,277315,392597618.0,8.44,6.53,0.89,9.14,75033820203.9
2007-06-08,14.6,14.57,14.9,14.12,231911,338459388.0,5.38,0.41,0.06,7.64,75344090997.3
2007-06-11,15.0,14.6,15.28,14.5,251899,372788729.0,5.35,0.21,0.03,8.3,75499226394.0
2007-06-12,14.6,14.57,14.89,13.56,215310,306299244.0,9.11,-0.21,-0.03,7.1,75344090997.3
2007-06-13,14.76,16.03,16.03,14.76,307835,475133972.0,8.72,10.02,1.46,10.15,82894013636.70001
2007-06-14,16.03,15.31,16.05,15.28,238202,372228502.0,4.8,-4.49,-0.72,7.85,79170764115.90001
2007-06-15,15.0,14.81,15.24,14.61,164021,244495962.0,4.11,-3.27,-0.5,5.41,76585174170.90001
2007-06-18,15.31,15.54,15.97,15.25,178289,277495703.0,4.86,4.93,0.73,5.88,80360135490.59999
2007-06-19,15.54,16.45,16.68,15.31,268743,436687939.0,8.82,5.86,0.91,8.86,85065909190.5
2007-06-20,16.4,15.98,16.8,15.96,234552,383603315.0,5.11,-2.86,-0.47,7.73,82635454642.2
2007-06-21,15.8,15.6,16.3,15.2,181915,287532996.0,6.88,-2.38,-0.38,6.0,80670406284.0
2007-06-22,15.45,14.05,15.7,14.04,199683,293569455.0,10.64,-9.94,-1.55,6.58,72655077454.5
2007-06-25,14.05,12.65,14.3,12.65,159993,208495201.0,11.74,-9.96,-1.4,5.27,65415425608.5
2007-06-26,11.82,13.11,13.15,11.39,189075,227321100.0,13.91,3.64,0.46,6.23,67794168357.899994
2007-06-27,13.4,13.41,13.69,12.86,167777,222813946.0,6.33,2.29,0.3,5.53,69345522324.9
2007-06-28,14.0,14.03,14.75,13.99,394059,575003235.0,5.67,4.62,0.62,12.99,72551653856.7
2007-06-29,12.92,12.69,13.56,12.63,212577,274175060.0,6.63,-9.55,-1.34,7.01,65622272804.1
2007-07-02,12.7,13.32,13.38,12.06,119782,153320183.0,10.4,4.96,0.63,3.95,68880116134.8
2007-07-03,13.5,13.23,13.65,12.8,97830,129430918.0,6.38,-0.68,-0.09,3.22,68414709944.700005
2007-07-04,13.06,12.6,13.21,12.56,66605,85544520.0,4.91,-4.76,-0.63,2.2,65156866614.0
2007-07-05,12.3,11.51,12.37,11.5,91466,109706114.0,6.9,-8.65,-1.09,3.01,59520280533.9
2007-07-06,11.7,12.61,12.66,11.52,123953,150856832.0,9.9,9.56,1.1,4.09,65208578412.899994
2007-07-09,12.9,13.21,13.5,12.66,133028,175437127.0,6.66,4.76,0.6,4.38,68311286346.9
2007-07-10,13.03,14.13,14.5,12.61,265814,363539688.0,14.31,6.96,0.92,8.76,73068771845.7
2007-07-11,13.6,14.04,14.45,13.5,136489,191505615.0,6.72,-0.64,-0.09,4.5,72603365655.59999
2007-07-12,13.98,14.18,14.46,13.85,107332,151800989.0,4.34,1.0,0.14,3.54,73327330840.2
2007-07-13,14.23,14.03,14.3,13.66,63939,88867919.0,4.51,-1.06,-0.15,2.11,72551653856.7
2007-07-16,14.18,13.9,14.38,13.81,85346,120250277.0,4.06,-0.93,-0.13,2.81,71879400471.0
2007-07-17,14.1,14.55,15.18,14.1,168486,248160814.0,7.77,4.68,0.65,5.55,75240667399.5
2007-07-18,14.34,14.61,14.94,14.22,126817,186846895.0,4.95,0.41,0.06,4.18,75550938192.9
2007-07-19,14.69,15.0,15.2,14.31,137492,204042889.0,6.09,2.67,0.39,4.53,77567698350.0
2007-07-20,15.1,15.86,16.2,15.09,188726,297507911.0,7.4,5.73,0.86,6.22,82014913055.4
2007-07-23,16.05,16.58,16.87,16.02,187189,309135635.0,5.36,4.54,0.72,6.17,85738162576.2
2007-07-24,16.62,16.3,17.16,16.23,178737,296880897.0,5.61,-1.69,-0.28,5.89,84290232207.0
2007-07-25,16.2,16.59,16.9,16.2,147863,243170847.0,4.29,1.78,0.29,4.87,85789874375.1
2007-07-26,16.71,16.99,17.17,16.33,143360,240993438.0,5.06,2.41,0.4,4.73,87858346331.09999
2007-07-27,16.97,18.0,18.0,16.55,206001,359256208.0,8.53,5.94,1.01,6.79,93081238020.0
2007-07-30,17.8,17.83,18.5,17.6,165571,300043015.0,5.0,-0.94,-0.17,5.46,92202137438.7
2007-07-31,17.65,17.53,18.0,17.0,159638,278662449.0,5.61,-1.68,-0.3,5.26,90650783471.70001
2007-08-01,17.68,16.73,18.36,16.7,171423,298478444.0,9.47,-4.56,-0.8,5.65,86513839559.7
2007-08-02,17.0,17.34,17.56,16.6,133045,228403512.0,5.74,3.65,0.61,4.39,89668259292.6
2007-08-03,17.5,19.07,19.07,17.48,314079,586743387.0,9.17,9.98,1.73,10.35,98614400502.3
2007-08-06,19.66,20.49,20.96,19.35,332609,671402457.0,8.44,7.45,1.42,10.96,105957475946.09999
2008-01-03,22.54,22.54,22.54,22.54,16706,37655031.0,0.0,10.0,2.05,0.55,116558394720.59999
2008-01-04,24.79,24.79,24.79,24.79,10981,27222345.0,0.0,9.98,2.25,0.36,128193549473.09999
2008-01-07,27.27,27.27,27.27,25.91,367362,995054471.0,5.49,10.0,2.48,12.11,141018075600.3
2008-01-08,26.8,28.0,29.5,26.8,244104,683141065.0,9.9,2.68,0.73,8.05,144793036920.0
2008-01-09,27.5,28.28,29.3,27.28,119747,341086151.0,7.21,1.0,0.28,3.95,146240967289.2
2008-01-10,28.28,27.81,29.29,27.67,99068,279886520.0,5.73,-1.66,-0.47,3.27,143810512740.9
2008-01-11,27.82,28.82,29.29,27.58,116796,333597848.0,6.15,3.63,1.01,3.85,149033404429.8
2008-01-14,28.9,28.43,29.25,27.79,84421,239002723.0,5.07,-1.35,-0.39,2.78,147016644272.7
2008-01-15,28.9,30.2,31.0,28.35,127209,380480365.0,9.32,6.23,1.77,4.19,156169632678.0
2008-01-16,29.2,29.04,30.19,28.95,79386,233247000.0,4.11,-3.84,-1.16,2.62,150171064005.6
2008-01-17,30.0,28.97,30.77,28.25,107719,316613314.0,8.68,-0.24,-0.07,3.55,149809081413.3
2008-01-21,29.25,26.27,30.0,26.07,153910,427123857.0,13.57,-9.32,-2.7,5.07,135846895710.3
2008-01-22,25.3,23.64,25.8,23.64,125349,302904247.0,8.22,-10.01,-2.63,4.13,122246692599.6
2008-01-23,23.0,24.8,24.99,23.0,146339,353959675.0,8.42,4.91,1.16,4.82,128245261272.0
2008-01-24,25.0,24.42,25.4,24.2,102551,254582047.0,4.84,-1.53,-0.38,3.38,126280212913.8
2008-01-25,24.18,25.03,25.8,24.18,93170,234379365.0,6.63,2.5,0.61,3.07,129434632646.70001
2008-01-28,24.58,22.53,24.9,22.53,107289,246266653.0,9.47,-9.99,-2.5,3.54,116506682921.70001
2008-01-29,22.36,22.63,23.28,21.04,72869,161796306.0,9.94,0.44,0.1,2.4,117023800910.7
2008-01-30,22.85,21.4,23.05,20.8,85053,186815464.0,9.94,-5.44,-1.23,2.8,110663249646.0
2008-01-31,21.2,20.98,22.17,20.81,50762,108851229.0,6.36,-1.96,-0.42,1.67,108491354092.2
2008-02-01,20.95,20.03,22.0,19.0,77485,158145388.0,14.3,-4.53,-0.95,2.55,103578733196.70001
2008-02-04,20.88,22.03,22.03,20.28,84358,181762655.0,8.74,9.99,2.0,2.78,113921092976.70001
2008-02-05,22.2,22.76,23.1,21.78,79398,178721182.0,5.99,3.31,0.73,2.62,117696054296.40001
2008-02-13,22.45,21.5,22.45,21.47,51707,113231246.0,4.31,-5.54,-1.26,1.7,111180367635.0
2008-02-14,21.8,22.06,22.14,21.4,34700,75688743.0,3.44,2.6,0.56,1.14,114076228373.4
2008-02-15,21.69,22.16,22.88,21.3,50155,111332412.0,7.16,0.45,0.1,1.65,114593346362.4
2008-02-18,22.65,22.84,22.99,21.86,68954,154551497.0,5.1,3.07,0.68,2.27,118109748687.6
2008-02-19,22.75,24.04,24.59,22.35,89017,209020205.0,9.81,5.25,1.2,2.93,124315164555.59999
2008-02-20,23.9,23.03,24.33,23.0,86758,204171368.0,5.53,-4.2,-1.01,2.86,119092272866.70001
2008-02-21,22.8,23.48,24.12,22.61,71090,168587600.0,6.56,1.95,0.45,2.17,121419303817.2
2008-02-22,23.47,22.36,23.69,22.0,68197,154896689.0,7.2,-4.77,-1.12,2.08,115627582340.4
2008-02-25,22.33,20.5,22.78,20.32,70243,147913742.0,11.0,-8.32,-1.86,2.15,106009187745.0
2008-02-26,21.65,21.94,22.3,21.0,91559,198361964.0,6.34,7.02,1.44,2.8,113455686786.6
2008-02-27,22.13,22.68,23.03,21.63,66369,149751628.0,6.38,3.37,0.74,2.03,117282359905.2
2008-02-28,22.7,22.75,23.48,22.14,51964,118611101.0,5.91,0.31,0.07,1.59,117644342497.5
2008-02-29,22.93,24.2,24.5,22.8,108493,259873896.0,7.47,6.37,1.45,3.32,125142553338.0
2008-03-03,24.0,26.62,26.62,23.81,189725,491788228.0,11.61,10.0,2.42,5.8,137656808671.80002
2008-03-04,27.0,25.9,27.71,25.8,134042,357104070.0,7.18,-2.7,-0.72,4.1,133933559151.0
2008-03-05,26.29,27.95,28.16,26.0,200392,550557167.0,8.34,7.92,2.05,6.12,144534477925.5
2008-03-06,28.5,26.89,29.4,26.58,252514,703082657.0,10.09,-3.79,-1.06,7.72,139053027242.1
2008-03-07,26.5,24.99,26.5,24.8,162697,413995170.0,6.32,-7.07,-1.9,4.97,129227785451.09999
2008-03-10,24.68,23.67,24.89,23.52,85411,206787565.0,5.48,-5.28,-1.32,2.61,122401827996.3
2008-03-11,23.2,24.68,24.8,22.95,82871,196521945.0,7.82,4.27,1.01,2.53,127624719685.2
2008-03-12,25.02,23.03,25.25,23.0,57083,137748910.0,9.12,-6.69,-1.65,1.74,119092272866.70001
2008-03-13,22.69,21.73,22.98,21.3,83688,184665355.0,7.29,-5.64,-1.3,2.56,112369739009.7
2008-03-14,21.65,22.39,22.8,21.65,51491,115339876.0,5.29,3.04,0.66,1.57,115782717737.1
2008-03-17,21.9,20.15,22.26,20.15,80441,168672008.0,9.42,-10.0,-2.24,2.46,104199274783.5
2008-03-18,19.8,18.78,20.8,18.14,105123,201147411.0,13.2,-6.8,-1.37,3.21,97114758334.20001
2008-03-19,19.6,20.02,20.48,19.0,90372,178238314.0,7.88,6.6,1.24,2.76,103527021397.8
2008-03-20,19.4,20.88,21.22,19.0,108481,220279059.0,11.09,4.3,0.86,3.31,107974236103.2
2008-03-21,20.97,21.85,22.6,20.57,94273,202521955.0,9.72,4.65,0.97,2.88,112990280596.5
2008-03-24,22.4,20.92,22.72,20.89,88521,194493595.0,8.38,-4.26,-0.93,2.7,108181083298.8
2008-03-25,20.28,21.29,21.75,20.01,56181,118023091.0,8.32,1.77,0.37,1.72,110094419858.09999
2008-03-26,21.42,21.43,22.2,21.03,36559,78767059.0,5.5,0.66,0.14,1.12,110818385042.7
2008-03-27,21.01,19.82,21.49,19.72,62380,127920651.0,8.26,-7.51,-1.61,1.91,102492785419.8
2008-03-28,19.8,21.8,21.8,19.8,121530,259722927.0,10.09,9.99,1.98,3.71,112731721602.0
2008-03-31,21.0,21.07,21.97,20.7,77131,164759723.0,5.83,-3.35,-0.73,2.36,108956760282.3
2008-04-01,20.47,18.96,20.51,18.96,94776,182205020.0,7.36,-10.01,-2.11,2.9,98045570714.40001
2008-04-02,19.4,17.27,19.8,17.06,105553,188566866.0,14.45,-8.91,-1.69,3.23,89306276700.3
2008-04-03,16.9,17.47,17.9,15.6,82280,138145572.0,13.32,1.16,0.2,2.51,90340512678.29999
2008-04-07,16.8,18.21,18.53,16.51,57563,102629205.0,11.56,4.24,0.74,1.76,94167185796.90001
2008-04-08,18.09,18.66,19.25,17.8,67061,124988028.0,7.96,2.47,0.45,2.05,96494216747.4
2008-04-09,18.54,17.24,19.2,17.2,74322,137962252.0,10.72,-7.61,-1.42,2.27,89151141303.59999
2008-04-10,17.27,17.9,18.0,16.7,58913,103122847.0,7.54,3.83,0.66,1.8,92564120031.0
2008-04-11,18.18,18.18,18.56,17.83,45532,82763348.0,4.08,1.56,0.28,1.39,94012050400.2
2008-04-14,17.5,16.36,17.95,16.36,64716,110379525.0,8.75,-10.01,-1.82,1.98,84600503000.4
2008-04-15,16.2,17.02,17.36,16.18,48235,80727649.0,7.21,4.03,0.66,1.47,88013481727.8
2008-04-16,17.19,16.56,17.45,16.5,38695,65701692.0,5.58,-2.7,-0.46,1.18,85634738978.4
2008-04-17,16.59,14.9,17.0,14.9,75917,117659915.0,12.68,-10.02,-1.66,2.32,77050580361.0
2008-04-18,14.51,13.62,14.8,13.58,69352,97494834.0,8.19,-8.59,-1.28,2.12,70431470101.8
2008-04-22,12.8,13.22,13.43,12.26,77376,97882639.0,8.59,-2.94,-0.4,2.36,68362998145.8
2008-04-23,12.85,14.06,14.4,12.7,59990,82151063.0,12.86,6.35,0.84,1.83,72706789253.40001
2008-04-24,15.47,15.47,15.47,14.95,120272,184326829.0,3.7,10.03,1.41,3.68,79998152898.3
2008-04-25,15.19,16.26,16.87,14.0,117220,189560177.0,18.55,5.11,0.79,3.58,84083385011.40001
2008-04-28,15.8,16.17,16.69,15.7,74821,121724934.0,6.09,-0.55,-0.09,2.29,83617978821.3
2008-04-29,16.1,16.4,16.75,16.01,60876,99982741.0,4.58,1.42,0.23,1.86,84807350196.0
2008-04-30,16.8,17.79,17.84,16.66,94386,162887885.0,7.2,8.48,1.39,2.88,91995290243.09999
2008-05-05,18.0,18.45,18.7,17.8,76903,140360692.0,5.06,3.71,0.66,2.35,95408268970.5
2008-05-06,18.35,18.5,19.38,17.8,137509,256484326.0,8.56,0.27,0.05,4.2,95666827965.0
2008-05-07,18.1,17.09,18.75,17.05,114840,204440163.0,9.19,-7.62,-1.41,3.51,88375464320.1
2008-05-08,16.75,17.92,17.95,16.68,85147,149005101.0,7.43,4.86,0.83,2.6,92667543628.8
2008-05-09,18.22,18.12,18.42,17.43,83805,149697009.0,5.52,1.12,0.2,2.56,93701779606.8
2008-05-12,17.61,18.75,18.9,17.5,75912,139057936.0,7.73,3.48,0.63,2.32,96959622937.5
2008-05-13,17.89,18.2,18.77,17.77,85497,155638816.0,5.33,-2.93,-0.55,2.61,94115473998.0
2008-05-14,18.4,18.7,19.5,18.4,104882,197617197.0,6.04,2.75,0.5,3.2,96701063943.0
2008-05-15,18.92,18.11,18.96,18.02,61500,114392593.0,5.03,-3.16,-0.59,1.88,93650067807.9
2008-05-16,18.6,17.98,18.88,17.5,63235,114099044.0,7.62,-0.72,-0.13,1.93,92977814422.2
2008-05-19,17.8,17.46,17.98,17.3,39846,69681348.0,3.78,-2.89,-0.52,1.22,90288800879.40001
2008-05-20,17.65,16.26,17.74,16.01,58700,99947386.0,9.91,-6.87,-1.2,1.79,84083385011.40001
2008-05-21,15.98,16.71,17.1,15.56,77401,124545846.0,9.47,2.77,0.45,2.37,86410415961.90001
2008-05-22,16.44,16.14,16.83,16.1,48352,79374689.0,4.37,-3.41,-0.57,1.48,83462843424.6
2008-05-23,16.11,16.31,16.53,15.78,39062,63385868.0,4.65,1.05,0.17,1.19,84341944005.9
2008-05-26,16.0,15.05,16.25,14.96,66343,102221816.0,7.91,-7.73,-1.26,2.03,77826257344.5
2008-05-27,15.02,15.06,15.28,14.71,34046,51069937.0,3.79,0.07,0.01,1.04,77877969143.40001
2008-05-28,15.12,16.57,16.57,15.0,38541,61583938.0,10.42,10.03,1.51,1.18,85686450777.3
2008-05-29,17.04,16.72,17.98,16.7,211485,366777759.0,7.72,0.91,0.15,6.46,86462127760.79999
2008-05-30,16.34,17.41,17.62,16.13,162954,279310779.0,8.91,4.13,0.69,4.98,90030241884.9
2008-06-02,17.0,17.27,17.86,16.68,96559,166583956.0,6.78,-0.8,-0.14,2.95,89306276700.3
2008-06-03,17.25,17.13,17.4,16.65,63309,107289133.0,4.34,-0.81,-0.14,1.93,88582311515.7
2008-06-04,16.81,17.24,17.77,16.45,75853,129827066.0,7.71,0.64,0.11,2.32,89151141303.59999
2008-06-05,17.01,16.66,17.19,16.6,53849,90826607.0,3.42,-3.36,-0.58,1.65,86151856967.4
2008-06-06,16.71,16.02,16.8,15.8,55342,89734587.0,6.0,-3.84,-0.64,1.69,82842301837.8
2008-06-10,15.02,14.42,15.39,14.42,54020,79294556.0,6.05,-9.99,-1.6,1.65,74568414013.8
2008-06-11,14.0,14.22,14.55,13.55,62561,87856303.0,6.93,-1.39,-0.2,1.91,73534178035.8
2008-06-12,13.95,14.6,15.61,13.8,91931,135223440.0,12.73,2.67,0.38,2.81,75499226394.0
2008-06-13,14.6,13.6,14.7,13.58,52769,74432581.0,7.67,-6.85,-1.0,1.61,70328046504.0
2008-06-16,13.51,13.7,14.36,13.31,53431,73837007.0,7.72,0.74,0.1,1.63,70845164493.0
2008-06-17,13.7,12.37,13.8,12.33,76695,97977600.0,10.73,-9.71,-1.33,2.34,63967495239.299995
2008-06-18,12.2,12.9,13.2,11.83,91817,116132924.0,11.08,4.28,0.53,2.81,66708220581.0
2008-06-19,12.6,11.66,13.5,11.62,79336,100956182.0,14.57,-9.61,-1.24,2.42,60295957517.4
2008-06-20,11.88,12.12,12.58,11.23,86672,104705457.0,11.58,3.95,0.46,2.65,62674700266.799995
2008-06-23,11.8,11.37,12.1,11.15,65374,76130128.0,7.84,-6.19,-0.75,2.0,58796315349.299995
2008-06-24,11.29,11.84,12.05,11.19,60895,71206360.0,7.56,4.13,0.47,1.86,61226769897.6
2008-06-25,11.85,12.71,12.76,11.81,86063,106581478.0,8.02,7.35,0.87,2.63,65725696401.9
2008-06-26,12.6,12.99,13.44,12.56,113708,148582771.0,6.92,2.2,0.28,3.47,67173626771.1
2008-07-04,13.4,13.14,13.88,13.01,93584,126001995.0,6.7,1.15,0.15,2.86,67949303754.600006
2008-07-07,13.14,14.0,14.3,13.06,95974,131866984.0,9.44,6.54,0.86,2.93,72396518460.0
2008-07-08,14.0,14.27,14.58,13.51,95441,133927591.0,7.64,1.93,0.27,2.92,73792737030.3
2008-07-09,14.2,14.36,14.98,14.18,100864,147168949.0,5.61,0.63,0.09,3.08,74258143220.4
2008-07-10,14.1,13.64,14.58,13.34,88873,126290731.0,8.64,-5.01,-0.72,2.72,70534893699.6
2008-07-11,13.55,13.86,14.12,13.41,66179,91033695.0,5.21,1.61,0.22,2.02,71672553275.4
2008-07-14,13.56,13.86,13.88,13.51,43933,60327994.0,2.67,0.0,0.0,1.34,71672553275.4
2008-07-15,13.92,13.76,14.3,13.41,60618,84224518.0,6.42,-0.72,-0.1,1.85,71155435286.4
2008-07-16,13.51,12.92,13.88,12.71,54065,72059508.0,8.5,-6.1,-0.84,1.65,66811644178.8
2008-07-17,13.3,12.62,13.38,12.5,42060,54905637.0,6.81,-2.32,-0.3,1.29,65260290211.799995
2008-07-18,12.85,13.32,13.39,12.25,47877,61474792.0,9.03,5.55,0.7,1.46,68880116134.8
2008-07-21,13.15,13.82,14.09,13.03,62921,85992816.0,7.96,3.75,0.5,1.92,71465706079.8
2008-07-22,13.85,14.13,14.37,13.6,81179,114175798.0,5.57,2.24,0.31,2.48,73068771845.7
2008-07-23,14.3,14.33,14.45,13.78,89070,126413310.0,4.74,1.42,0.2,2.72,74103007823.7
2008-07-24,14.36,14.51,14.7,14.28,97091,140803713.0,2.93,1.26,0.18,2.97,75033820203.9
2008-07-25,14.28,13.88,14.45,13.85,89399,126508992.0,4.14,-4.34,-0.63,2.73,71775976873.2
2008-07-28,13.99,15.25,15.27,13.91,275002,411002674.0,9.8,9.87,1.37,8.4,78860493322.5
2008-07-29,14.85,15.18,15.67,14.81,272309,415446872.0,5.64,-0.46,-0.07,8.32,78498510730.2
2008-07-30,15.41,14.82,15.59,14.58,148085,223587248.0,6.65,-2.37,-0.36,4.52,76636885969.8
2008-07-31,14.8,14.58,15.19,14.51,121815,181272747.0,4.59,-1.62,-0.24,3.72,75395802796.2
2008-08-01,14.48,14.99,15.2,13.62,162278,234615139.0,10.84,2.81,0.41,4.96,77515986551.1
2008-08-04,14.69,14.76,15.37,14.6,119699,179481790.0,5.14,-1.53,-0.23,3.66,76326615176.4
2008-08-05,14.89,14.81,15.31,14.6,112935,169228918.0,4.81,0.34,0.05,3.45,76585174170.90001
2008-08-06,15.0,15.44,15.89,14.54,159403,243568598.0,9.12,4.25,0.63,4.87,79843017501.59999
2008-08-07,15.43,15.48,15.57,15.08,97199,149353679.0,3.17,0.26,0.04,2.97,80049864697.2
2008-08-08,15.48,13.93,15.48,13.93,136460,197256364.0,10.01,-10.01,-1.55,4.17,72034535867.7
2008-08-11,13.55,12.54,13.61,12.54,91328,116674984.0,7.68,-9.98,-1.39,2.79,64846595820.6
2008-08-12,12.05,11.8,12.58,11.68,87893,105763183.0,7.18,-5.9,-0.74,2.69,61019922702.0
2008-08-13,11.6,11.4,11.8,10.71,93893,105999916.0,9.24,-3.39,-0.4,2.87,58951450746.0
2008-08-14,11.3,11.91,12.35,11.0,101320,118539277.0,11.84,4.47,0.51,3.1,61588752489.9
2008-08-15,11.6,11.59,12.25,11.32,83259,98224368.0,7.81,-2.69,-0.32,2.54,59933974925.1
2008-08-18,11.65,10.45,11.78,10.43,85161,92835637.0,11.65,-9.84,-1.14,2.6,54038829850.5
2008-08-19,10.26,10.79,10.94,10.15,56559,60130011.0,7.56,3.25,0.34,1.73,55797031013.1
2008-08-20,10.68,11.87,11.87,10.51,127479,147741374.0,12.6,10.01,1.08,3.9,61381905294.299995
2008-08-21,11.86,11.8,12.52,11.5,170197,205750710.0,8.59,-0.59,-0.07,5.2,61019922702.0
2008-08-22,11.53,11.32,11.74,10.9,83663,94879199.0,7.12,-4.07,-0.48,2.56,58537756354.8
2008-08-25,11.39,12.13,12.45,11.2,130868,160503603.0,11.04,7.16,0.81,4.0,62726412065.700005
2008-08-26,11.85,11.72,12.06,11.11,139689,163491578.0,7.83,-3.38,-0.41,4.27,60606228310.8
2008-08-27,11.75,12.31,12.49,11.57,134207,162820609.0,7.85,5.03,0.59,4.1,63657224445.9
2008-08-28,12.1,11.73,12.48,11.7,97703,118048583.0,6.34,-4.71,-0.58,2.99,60657940109.700005
2008-08-29,11.79,12.15,12.46,11.62,90548,109257311.0,7.16,3.58,0.42,2.77,62829835663.5
2008-09-01,12.1,12.02,12.44,11.76,86364,104614835.0,5.6,-1.07,-0.13,2.64,62157582277.799995
2008-09-02,11.88,11.42,12.02,11.38,71885,84041725.0,5.32,-4.99,-0.6,2.2,59054874343.8
2008-09-03,11.22,10.7,11.5,10.56,98940,107742457.0,8.23,-6.3,-0.72,3.02,55331624823.0
2008-09-04,10.79,11.15,11.17,10.68,58047,63619884.0,4.58,4.21,0.45,1.77,57658655773.5
2008-09-05,10.67,10.71,11.27,10.51,59305,64312668.0,6.82,-3.95,-0.44,1.81,55383336621.9
2008-09-08,10.85,9.64,10.87,9.64,79989,80664163.0,11.48,-9.99,-1.07,2.44,49850174139.600006
2008-09-09,9.7,9.69,9.79,9.3,62631,59698100.0,5.08,0.52,0.05,1.91,50108733134.1
2008-09-10,9.59,10.11,10.44,9.51,95156,96218810.0,9.6,4.33,0.42,2.91,52280628687.899994
2008-09-11,9.98,9.83,10.12,9.62,57880,57059174.0,4.95,-2.77,-0.28,1.77,50832698318.7
2008-09-12,9.77,9.83,10.1,9.74,40780,40501984.0,3.66,0.0,0.0,1.25,50832698318.7
2008-09-16,9.7,9.22,9.77,9.14,63845,60471717.0,6.41,-6.21,-0.61,1.95,47678278585.8
2008-09-17,9.37,9.2,9.68,9.05,68585,64190134.0,6.83,-0.22,-0.02,2.1,47574854988.0
2008-09-18,8.88,9.49,9.58,8.4,114306,101076188.0,12.83,3.15,0.29,3.49,49074497156.1
2008-09-19,10.44,10.44,10.44,10.24,91660,95593675.0,2.11,10.01,0.95,2.8,53987118051.6
2008-09-22,11.39,11.48,11.48,10.84,234300,264637844.0,6.13,9.96,1.04,7.16,59365145137.200005
2008-09-23,11.03,11.35,12.16,10.75,242391,277216640.0,12.28,-1.13,-0.13,7.41,58692891751.5
2008-09-24,11.05,11.89,11.95,10.97,174435,201460627.0,8.63,4.76,0.54,5.33,61485328892.100006
2008-09-25,11.85,11.86,12.5,11.69,235205,283679417.0,6.81,-0.25,-0.03,7.19,61330193495.399994
2008-09-26,11.85,11.69,11.93,11.51,122114,143065189.0,3.54,-1.43,-0.17,3.73,60451092914.1
2008-10-06,11.48,11.49,11.88,11.32,105885,123369129.0,4.79,-1.71,-0.2,3.24,59416856936.1
2008-10-07,10.98,10.7,11.16,10.4,117469,126682040.0,6.61,-6.88,-0.79,3.59,55331624823.0
2008-10-08,10.28,10.49,11.12,10.22,99446,106578408.0,8.41,-1.96,-0.21,3.04,54245677046.1
2008-10-09,10.7,10.25,10.85,10.22,83870,88975698.0,6.01,-2.29,-0.24,2.56,53004593872.5
2008-10-10,9.65,9.35,9.87,9.23,89706,85437007.0,6.24,-8.78,-0.9,2.74,48350531971.5
2008-10-13,9.29,10.08,10.1,8.89,101316,96402762.0,12.94,7.81,0.73,3.1,52125493291.2
2008-10-14,10.46,9.47,10.47,9.41,111752,112144681.0,10.52,-6.05,-0.61,3.41,48971073558.3
2008-10-15,9.31,9.36,9.56,9.25,46814,43960164.0,3.27,-1.16,-0.11,1.43,48402243770.399994
2008-10-16,8.81,8.57,9.15,8.55,83403,73381615.0,6.41,-8.44,-0.79,2.55,44317011657.3
2008-10-17,8.8,8.73,8.92,8.62,51451,45179028.0,3.5,1.87,0.16,1.57,45144400439.700005
2008-10-20,8.73,9.31,9.46,8.54,74411,67073925.0,10.54,6.64,0.58,2.27,48143684775.9
2008-10-21,9.56,9.06,9.81,9.01,125736,118642113.0,8.59,-2.69,-0.25,3.84,46850889803.4
2008-10-22,9.29,9.01,9.49,8.97,81976,75652494.0,5.74,-0.55,-0.05,2.5,46592330808.9
2008-10-23,8.66,9.15,9.21,8.58,71641,63843720.0,6.99,1.55,0.14,2.19,47316295993.5
2008-10-24,9.0,8.85,9.2,8.72,51235,45918171.0,5.25,-3.28,-0.3,1.57,45764942026.5
2008-10-27,8.54,7.97,8.68,7.97,78923,65160785.0,8.02,-9.94,-0.88,2.41,41214303723.299995
2008-10-28,7.7,8.21,8.47,7.62,102518,82504943.0,10.66,3.01,0.24,3.13,42455386896.9
2008-10-29,8.3,7.39,8.35,7.39,104518,81940732.0,11.69,-9.99,-0.82,3.19,38215019387.1
2008-10-30,7.55,7.36,7.89,7.2,109336,82716884.0,9.34,-0.41,-0.03,3.34,38059883990.4
2008-10-31,7.3,6.95,7.3,6.7,97001,68022205.0,8.15,-5.57,-0.41,2.96,35939700235.5
2008-11-03,6.78,6.53,6.88,6.52,77255,51450650.0,5.18,-6.04,-0.42,2.36,33767804681.7
2008-11-04,6.41,6.59,6.78,6.31,78526,51518714.0,7.2,0.92,0.06,2.4,34078075475.1
2008-11-05,6.59,6.78,7.07,6.55,108007,73527372.0,7.89,2.88,0.19,3.3,35060599654.200005
2008-11-06,6.58,6.79,7.02,6.52,106666,72604498.0,7.37,0.15,0.01,3.26,35112311453.1
2008-11-07,6.65,6.91,7.06,6.59,102087,70616632.0,6.92,1.77,0.12,3.12,35732853039.9
2008-11-10,7.11,7.53,7.55,7.03,122323,89267718.0,7.53,8.97,0.62,3.74,38938984571.700005
2008-11-11,7.42,7.16,7.51,7.14,115054,84445479.0,4.91,-4.91,-0.37,3.52,37025648012.4
2008-11-12,7.06,7.31,7.36,7.06,59893,43357680.0,4.19,2.09,0.15,1.83,37801324995.9
2008-11-13,7.15,7.54,7.7,7.1,133832,99690048.0,8.21,3.15,0.23,4.09,38990696370.6
2008-11-14,7.64,8.09,8.28,7.48,171377,134918657.0,10.61,7.29,0.55,5.24,41834845310.1
2008-11-17,8.0,8.46,8.54,7.91,161150,132322350.0,7.79,4.57,0.37,4.92,43748181869.4
2008-11-18,8.46,7.61,8.46,7.61,161563,129531703.0,10.05,-10.05,-0.85,4.94,39352678962.9
2008-11-19,7.61,8.04,8.1,7.51,124596,97684399.0,7.75,5.65,0.43,3.81,41576286315.6
2008-11-20,7.85,8.14,8.28,7.77,148155,119084575.0,6.34,1.24,0.1,4.53,42093404304.600006
2008-11-21,7.83,8.3,8.6,7.54,191276,154741158.0,13.02,1.97,0.16,5.84,42920793087.0
2008-11-24,8.26,8.24,8.6,8.09,174098,144985539.0,6.14,-0.72,-0.06,5.32,42610522293.6
2008-11-25,8.41,8.32,8.59,8.1,165711,138636603.0,5.95,0.97,0.08,5.06,43024216684.8
2008-11-26,8.4,8.01,8.42,7.95,122238,99381966.0,5.65,-3.73,-0.31,3.74,41421150918.9
2008-11-27,8.52,8.2,8.65,8.14,181243,152515997.0,6.37,2.37,0.19,5.54,42403675098.0
2008-11-28,8.15,8.25,8.43,7.89,123565,101159865.0,6.59,0.61,0.05,3.78,42662234092.5
2008-12-01,8.18,8.61,8.63,7.96,166521,139687634.0,8.12,4.36,0.36,5.09,44523858852.899994
2008-12-02,8.5,8.73,9.34,8.4,317042,282275077.0,10.92,1.39,0.12,9.69,45144400439.700005
2008-12-03,8.78,9.01,9.03,8.61,209425,184388390.0,4.81,3.21,0.28,6.4,46592330808.9
2008-12-04,9.65,9.91,9.91,9.61,286654,283013227.0,3.33,9.99,0.9,8.76,51246392709.9
2008-12-05,9.66,10.14,10.58,9.52,431427,431318522.0,10.7,2.32,0.23,13.18,52435764084.600006
2008-12-08,10.01,10.35,10.45,9.83,253052,256878028.0,6.11,2.07,0.21,7.73,53521711861.5
2008-12-09,10.3,9.51,10.3,9.5,206228,203370869.0,7.73,-8.12,-0.84,6.3,49177920753.9
2008-12-10,9.45,9.72,9.8,9.33,125322,120388053.0,4.94,2.21,0.21,3.83,50263868530.8
2008-12-11,9.85,9.68,10.1,9.66,166935,164832832.0,4.53,-0.41,-0.04,5.1,50057021335.2
2008-12-12,9.59,9.02,9.83,8.71,149485,139554223.0,11.57,-6.82,-0.66,4.57,46644042607.799995
2008-12-15,9.35,9.15,9.43,8.88,102597,94176598.0,6.1,1.44,0.13,3.14,47316295993.5
2008-12-16,9.0,9.12,9.18,8.56,97824,86265011.0,6.78,-0.33,-0.03,2.99,47161160596.799995
2008-12-17,9.13,9.15,9.43,8.98,104092,95733972.0,4.93,0.33,0.03,3.18,47316295993.5
2008-12-18,9.15,9.27,9.34,8.92,87828,80255655.0,4.59,1.31,0.12,2.68,47936837580.299995
2008-12-19,9.26,9.27,9.43,9.21,100068,93532966.0,2.37,0.0,0.0,3.06,47936837580.299995
2008-12-22,9.25,9.18,9.42,9.06,80816,74720192.0,3.88,-0.97,-0.09,2.47,47471431390.2
2008-12-23,9.25,8.27,9.25,8.26,123612,106697276.0,10.78,-9.91,-0.91,3.78,42765657690.299995
2008-12-24,8.18,7.8,8.25,7.7,96556,77076991.0,6.65,-5.68,-0.47,2.95,40335203142.0
2008-12-25,7.99,8.57,8.58,7.64,139742,113559168.0,12.05,9.87,0.77,4.27,44317011657.3
2008-12-26,8.19,8.07,8.48,8.04,106846,88061131.0,5.13,-5.83,-0.5,3.26,41731421712.3
2008-12-29,8.06,8.12,8.27,7.79,69375,55943374.0,5.95,0.62,0.05,2.12,41989980706.799995
2008-12-30,8.06,8.04,8.35,7.94,57424,46869416.0,5.05,-0.99,-0.08,1.75,41576286315.6
2008-12-31,8.09,7.76,8.1,7.72,47607,37658881.0,4.73,-3.48,-0.28,1.45,40128355946.4
2009-01-05,7.9,8.04,8.07,7.82,55473,44252225.0,3.22,3.61,0.28,1.7,41576286315.6
2009-01-06,8.04,8.32,8.4,8.02,93943,77220459.0,4.73,3.48,0.28,2.87,43024216684.8
2009-01-07,8.34,8.39,8.5,8.26,82281,68970551.0,2.88,0.84,0.07,2.51,43386199277.100006
2009-01-08,8.2,8.48,8.55,8.15,117148,98263682.0,4.77,1.07,0.09,3.58,43851605467.200005
2009-01-09,8.49,8.54,8.82,8.41,129090,110784180.0,4.83,0.71,0.06,3.94,44161876260.6
2009-01-12,8.46,8.49,8.68,8.35,80584,68457836.0,3.86,-0.59,-0.05,2.46,43903317266.1
2009-01-13,8.37,8.3,8.54,8.14,97495,81331272.0,4.71,-2.24,-0.19,2.98,42920793087.0
2009-01-14,8.39,8.66,8.68,8.28,96067,81913590.0,4.82,4.34,0.36,2.94,44782417847.4
2009-01-15,8.55,8.79,9.08,8.48,147447,130421578.0,6.93,1.5,0.13,4.51,45454671233.1
2009-01-16,8.78,8.92,9.12,8.78,115451,103559261.0,3.87,1.48,0.13,3.53,46126924618.8
2009-01-19,9.0,8.91,9.1,8.79,71659,63878254.0,3.48,-0.11,-0.01,2.19,46075212819.9
2009-01-20,9.0,9.03,9.14,8.82,54760,49165315.0,3.59,1.35,0.12,1.67,46695754406.7
2009-01-21,8.88,8.83,9.01,8.75,62805,55751132.0,2.88,-2.21,-0.2,1.92,45661518428.7
2009-01-22,8.95,8.85,8.97,8.78,54714,48483642.0,2.15,0.23,0.02,1.67,45764942026.5
2009-01-23,8.85,8.83,9.01,8.77,62009,55218672.0,2.71,-0.23,-0.02,1.89,45661518428.7
2009-02-02,8.9,9.24,9.29,8.81,94678,85759771.0,5.44,4.64,0.41,2.89,47781702183.6
2009-02-03,9.23,9.38,9.5,9.12,134434,125421030.0,4.11,1.52,0.14,4.11,48505667368.200005
2009-02-04,9.33,9.67,9.69,9.2,163283,154539466.0,5.22,3.09,0.29,4.99,50005309536.3
2009-02-05,9.59,9.43,9.74,9.27,124934,119034267.0,4.86,-2.48,-0.24,3.82,48764226362.7
2009-02-06,9.48,10.0,10.06,9.44,174507,171658088.0,6.57,6.04,0.57,5.33,51711798900.0
2009-02-09,10.22,11.0,11.0,10.03,480008,521942319.0,9.7,10.0,1.0,14.67,56882978790.0
2009-02-10,10.88,11.44,11.58,10.75,377346,418905595.0,7.55,4.0,0.44,11.53,59158297941.6
2009-02-11,11.0,11.19,11.59,10.98,242833,271988466.0,5.33,-2.19,-0.25,7.42,57865502969.1
2009-02-12,11.31,11.68,11.86,10.92,193829,220581818.0,8.4,4.38,0.49,5.92,60399381115.2
2009-02-13,11.55,11.72,11.87,11.43,177953,207981285.0,3.77,0.34,0.04,5.44,60606228310.8
2009-02-16,12.0,12.29,12.89,12.0,266487,333329810.0,7.59,4.86,0.57,8.14,63553800848.1
2009-02-17,12.33,11.96,12.46,11.4,192721,230523971.0,8.62,-2.69,-0.33,5.14,61847311484.4
2009-02-18,11.6,11.67,12.3,11.6,134627,161661126.0,5.85,-2.42,-0.29,3.59,60347669316.3
2009-02-19,11.85,12.58,12.6,11.85,229461,281968343.0,6.43,7.8,0.91,6.12,65053443016.2
2009-02-20,13.12,12.54,13.14,12.21,258699,327256310.0,7.39,-0.32,-0.04,6.9,64846595820.6
2009-02-23,12.4,12.7,12.87,12.24,184329,232424858.0,5.02,1.28,0.16,4.92,65673984603.0
2009-02-24,12.5,11.43,12.55,11.43,215614,258140147.0,8.82,-10.0,-1.27,5.75,59106586142.7
2009-02-25,11.7,11.46,11.75,10.95,135887,154588638.0,7.0,0.26,0.03,3.63,59261721539.4
2009-02-26,11.42,10.42,11.56,10.31,139042,152104688.0,10.91,-9.08,-1.04,3.71,53883694453.8
2009-02-27,10.3,10.0,10.39,9.65,185843,186064949.0,7.1,-4.03,-0.42,4.96,51711798900.0
2009-03-02,9.98,10.18,10.35,9.97,139884,142439616.0,3.8,1.8,0.18,3.73,52642611280.2
2009-03-03,9.85,10.27,10.48,9.71,100221,102297614.0,7.56,0.88,0.09,2.67,53108017470.299995
2009-03-04,10.35,10.99,11.08,10.35,157685,168706979.0,7.11,7.01,0.72,4.21,56831266991.1
2009-03-05,11.01,10.78,11.12,10.54,161590,176201016.0,5.28,-1.91,-0.21,4.31,55745319214.2
2009-03-06,10.58,10.56,10.7,10.35,80032,84313456.0,3.25,-2.04,-0.22,2.14,54607659638.4
2009-03-09,10.51,9.97,10.68,9.86,84186,85840987.0,7.77,-5.59,-0.59,2.25,51556663503.3
2009-03-10,9.83,10.26,10.27,9.83,69075,69672578.0,4.41,2.91,0.29,1.84,53056305671.4
2009-03-11,10.48,10.11,10.66,10.06,82288,85819954.0,5.85,-1.46,-0.15,2.2,52280628687.899994
2009-03-12,10.1,11.12,11.12,10.08,184023,197189068.0,10.29,9.99,1.01,4.91,57503520376.799995
2009-03-13,11.1,10.74,11.1,10.72,135227,147306955.0,3.42,-3.42,-0.38,3.61,55538472018.6
2009-03-16,10.95,11.24,11.45,10.74,142906,158943024.0,6.61,4.66,0.5,3.81,58124061963.6
2009-03-17,11.3,11.5,11.53,11.08,183675,208681367.0,4.0,2.31,0.26,4.9,59468568735.0
2009-03-18,11.41,11.55,11.87,11.4,135525,157774797.0,4.09,0.43,0.05,3.62,59727127729.5
2009-03-19,11.57,11.78,11.94,11.5,110841,130521518.0,3.81,1.99,0.23,2.96,60916499104.2
2009-03-20,11.74,11.48,11.84,11.22,97952,112594082.0,5.26,-2.55,-0.3,2.61,59365145137.200005
2009-03-23,11.4,11.75,11.92,11.3,132747,155776586.0,5.4,2.35,0.27,3.54,60761363707.5
2009-03-24,12.05,12.18,12.44,11.8,180275,218004639.0,5.45,3.66,0.43,4.81,62984971060.2
2009-03-25,11.9,11.38,11.98,11.3,154140,180180517.0,5.58,-6.57,-0.8,4.11,58848027148.200005
2009-03-26,11.32,11.64,11.66,11.11,101648,116326464.0,4.83,2.28,0.26,2.71,60192533919.600006
2009-03-27,11.61,11.66,11.98,11.49,159300,186500161.0,4.21,0.17,0.02,4.25,60295957517.4
2009-03-30,11.69,11.76,11.93,11.4,169903,198098202.0,4.55,0.86,0.1,4.53,60813075506.4
2009-03-31,11.41,11.89,11.95,11.33,122548,143432076.0,5.27,1.11,0.13,3.27,61485328892.100006
2009-04-01,12.09,12.34,12.45,11.91,205180,249566757.0,4.54,3.78,0.45,5.48,63812359842.6
2009-04-02,12.38,12.09,12.4,12.0,154301,188604650.0,3.24,-2.03,-0.25,4.12,62519564870.1
2009-04-03,12.18,12.3,12.55,12.06,184743,227860810.0,4.05,1.74,0.21,4.93,63605512647.0
2009-04-07,12.35,12.19,12.43,11.92,106673,129474933.0,4.15,-0.89,-0.11,2.85,63036682859.1
2009-04-08,12.12,11.15,12.19,11.09,156203,180760333.0,9.02,-8.53,-1.04,4.17,57658655773.5
2009-04-09,11.06,11.41,11.49,11.06,92918,104723003.0,3.86,2.33,0.26,2.48,59003162544.9
2009-04-10,11.43,11.78,11.83,11.28,125543,145218264.0,4.82,3.24,0.37,3.35,60916499104.2
2009-04-13,12.05,11.88,12.44,11.72,181272,218045189.0,6.11,0.85,0.1,4.84,61433617093.200005
2009-04-14,12.1,13.07,13.07,12.08,325240,411008076.0,8.33,10.02,1.19,8.68,67587321162.3
2009-04-15,13.19,13.19,13.71,12.84,407402,539247650.0,6.66,0.92,0.12,10.87,68207862749.1
2009-04-16,13.21,13.63,14.19,12.81,316534,425900015.0,10.46,3.34,0.44,8.45,70483181900.7
2009-04-17,13.42,13.73,14.47,13.18,300621,417384449.0,9.46,0.73,0.1,8.02,71000299889.7
2009-04-20,13.56,14.0,14.19,13.44,213109,296375128.0,5.46,1.97,0.27,5.69,72396518460.0
2009-04-21,13.72,14.42,14.59,13.56,281369,395874618.0,7.36,3.0,0.42,7.51,74568414013.8
2009-04-22,14.32,13.36,14.62,13.02,264530,366896151.0,11.1,-7.35,-1.06,7.06,69086963330.4
2009-04-23,13.42,14.18,14.32,13.3,271130,373243041.0,7.63,6.14,0.82,7.23,73327330840.2
2009-04-24,14.02,13.79,14.32,13.7,202164,282337907.0,4.37,-2.75,-0.39,5.39,71310570683.09999
2009-04-27,13.98,12.92,13.98,12.9,181167,240530530.0,7.83,-6.31,-0.87,4.83,66811644178.8
2009-04-28,12.77,13.11,13.27,12.72,114826,149859186.0,4.26,1.47,0.19,3.06,67794168357.899994
2009-04-29,13.18,13.71,13.85,13.08,184916,248957645.0,5.87,4.58,0.6,4.93,70896876291.90001
2009-04-30,13.9,14.12,14.25,13.51,261702,366359508.0,5.4,2.99,0.41,6.98,73017060046.8
2009-05-04,14.01,14.42,14.65,13.93,246648,353555885.0,5.1,2.12,0.3,6.58,74568414013.8
2009-05-05,14.95,14.48,14.95,14.28,233141,339514400.0,4.65,0.42,0.06,6.22,74878684807.2
2009-05-06,14.34,14.28,14.49,14.01,186948,266301967.0,3.31,-1.38,-0.2,4.99,73844448829.2
2009-05-07,14.36,14.52,14.6,13.9,239732,343390282.0,4.9,1.68,0.24,6.4,75085532002.8
2009-05-11,14.6,13.52,14.61,13.5,178239,250169608.0,7.64,-6.89,-1.0,4.76,69914352112.8
2009-05-12,13.35,13.87,13.87,13.35,96187,131501406.0,3.85,2.59,0.35,2.57,71724265074.3
2009-05-13,13.85,13.82,14.09,13.57,94501,130404283.0,3.75,-0.36,-0.05,2.52,71465706079.8
2009-05-14,13.68,13.91,14.12,13.55,93494,129059513.0,4.12,0.65,0.09,2.49,71931112269.9
2009-05-15,14.0,14.14,14.3,14.0,122291,173138974.0,2.16,1.65,0.23,3.26,73120483644.6
2009-05-18,14.19,14.17,14.2,13.85,77095,108035126.0,2.48,0.21,0.03,2.06,73275619041.3
2009-05-19,14.23,14.3,14.35,14.11,113082,160874088.0,1.69,0.92,0.13,3.02,73947872427.0
2009-05-20,14.18,13.84,14.27,13.81,102686,143992102.0,3.22,-3.22,-0.46,2.74,71569129677.6
2009-05-21,13.8,14.15,15.1,13.8,199611,288160362.0,9.39,2.24,0.31,5.33,73172195443.5
2009-05-22,13.98,13.8,14.0,13.65,103981,143561361.0,2.47,-2.47,-0.35,2.77,71362282482.0
2009-05-25,13.43,13.5,13.68,13.1,100920,134873335.0,4.2,-2.17,-0.3,2.69,69810928515.0
2009-05-26,13.5,13.34,13.65,13.32,64731,87400310.0,2.44,-1.19,-0.16,1.73,68983539732.6
2009-05-27,13.5,13.48,13.63,13.33,58604,79146650.0,2.25,1.05,0.14,1.56,69707504917.2
2009-06-01,13.63,13.71,13.8,13.51,65324,89333694.0,2.15,1.71,0.23,1.74,70896876291.90001
2009-06-02,13.78,13.83,13.88,13.63,76696,105555909.0,1.82,0.88,0.12,2.05,71517417878.7
2009-06-03,14.2,14.16,14.48,14.01,138336,196768117.0,3.4,2.39,0.33,3.69,73223907242.4
2009-06-04,14.0,13.86,14.09,13.7,81846,113691264.0,2.75,-2.12,-0.3,2.18,71672553275.4
2009-06-05,13.96,14.12,14.3,13.55,120306,167454569.0,5.41,1.88,0.26,3.21,73017060046.8
2009-06-08,14.02,14.58,14.58,13.87,185361,265288242.0,5.03,3.26,0.46,4.95,75395802796.2
2009-06-09,14.5,14.41,14.59,14.1,108826,156240768.0,3.36,-1.17,-0.17,2.9,74516702214.9
2009-06-10,14.5,14.52,14.8,14.39,123972,180702321.0,2.85,0.76,0.11,3.31,75085532002.8
2009-06-11,14.49,14.13,14.65,14.1,93370,134104365.0,3.79,-2.69,-0.39,2.49,73068771845.7
2009-06-12,14.28,14.18,14.74,14.1,136118,196247039.0,4.53,0.35,0.05,3.63,73327330840.2
2009-06-15,14.17,14.39,14.47,14.06,75195,107253614.0,2.89,1.48,0.21,2.01,74413278617.1
2009-06-16,14.29,14.54,14.65,14.11,117763,170384933.0,3.75,1.04,0.15,3.14,75188955600.59999
2009-06-17,14.55,14.96,14.98,14.33,169088,249148986.0,4.47,2.89,0.42,4.51,77360851154.40001
2009-06-18,15.1,15.17,15.42,14.9,217572,330022125.0,3.48,1.4,0.21,5.81,78446798931.3
2009-06-19,15.24,14.97,15.3,14.92,133776,202097352.0,2.5,-1.32,-0.2,3.57,77412562953.3
2009-06-22,15.05,14.59,15.1,14.55,109845,162452216.0,3.67,-2.54,-0.38,2.93,75447514595.1
2009-06-23,14.46,14.62,14.85,14.3,67665,98726265.0,3.77,0.21,0.03,1.81,75602649991.8
2009-06-24,14.5,14.57,14.9,14.46,56586,82796044.0,3.01,-0.34,-0.05,1.51,75344090997.3
2009-06-25,14.66,14.25,14.66,14.2,81031,116743879.0,3.16,-2.2,-0.32,2.16,73689313432.5
2009-06-26,14.38,14.16,14.38,13.95,98005,138134969.0,3.02,-0.63,-0.09,2.62,73223907242.4
2009-06-29,14.32,14.42,14.76,14.32,99018,143953446.0,3.11,1.84,0.26,2.64,74568414013.8
2009-06-30,14.37,14.18,14.39,14.08,68741,97552928.0,2.15,-1.66,-0.24,1.83,73327330840.2
2009-07-01,14.28,14.59,14.69,14.13,111801,162058576.0,3.95,2.89,0.41,2.98,75447514595.1
2009-07-02,14.6,14.74,15.0,14.59,123305,182287329.0,2.81,1.03,0.15,3.29,76223191578.6
2009-07-03,14.59,15.8,16.21,14.55,268231,415051791.0,11.26,7.19,1.06,7.16,81704642262.0
2009-07-06,15.89,15.58,16.09,15.38,188875,296444401.0,4.49,-1.39,-0.22,5.04,80566982686.2
2009-07-07,15.6,15.4,15.7,15.29,109875,169808323.0,2.63,-1.16,-0.18,2.93,79636170306.0
2009-07-08,15.3,15.71,15.85,15.3,113754,176964815.0,3.57,2.01,0.31,3.04,81239236071.90001
2009-07-09,15.8,15.91,15.92,15.61,109744,173388949.0,1.97,1.27,0.2,2.93,82273472049.9
2009-07-10,15.94,15.67,16.09,15.6,111096,175779751.0,3.08,-1.51,-0.24,2.96,81032388876.3
2009-07-13,15.58,16.13,16.47,15.47,170006,272523813.0,6.38,2.94,0.46,4.54,83411131625.7
2009-07-14,16.3,16.23,16.43,16.03,116612,188943113.0,2.48,0.62,0.1,3.11,83928249614.7
2009-07-15,16.35,16.23,16.71,16.21,111309,183119696.0,3.08,0.0,0.0,2.97,83928249614.7
2009-07-16,16.33,15.87,16.49,15.85,130151,210045760.0,3.94,-2.22,-0.36,3.47,82066624854.3
2009-07-17,15.98,15.8,16.1,15.58,80179,126487040.0,3.28,-0.44,-0.07,2.14,81704642262.0
2009-07-20,15.83,15.95,16.02,15.73,107124,170390817.0,1.84,0.95,0.15,2.86,82480319245.5
2009-07-21,15.96,16.34,16.66,15.96,177818,291004783.0,4.39,2.45,0.39,4.74,84497079402.6
2009-07-22,16.28,17.29,17.5,16.17,227261,386268469.0,8.14,5.81,0.95,6.06,89409700298.09999
2009-07-23,17.29,16.9,17.52,16.89,123485,211903389.0,3.64,-2.26,-0.39,3.3,87392940141.0
2009-07-24,17.11,18.3,18.59,17.1,304885,550910252.0,8.82,8.28,1.4,8.14,94632591987.0
2009-07-27,18.45,18.37,18.6,17.87,181089,329056646.0,3.99,0.38,0.07,4.83,94994574579.3
2009-07-28,18.36,18.11,18.36,17.7,135101,241906172.0,3.59,-1.42,-0.26,3.61,93650067807.9
2009-07-29,18.07,17.2,18.4,16.75,154643,271486421.0,9.11,-5.02,-0.91,4.13,88944294108.0
2009-07-30,17.39,17.4,17.99,16.8,132527,229984840.0,6.92,1.16,0.2,3.54,89978530086.0
2009-07-31,17.8,18.08,18.2,17.51,106460,191151695.0,3.97,3.91,0.68,2.84,93494932411.2
2009-08-03,18.08,19.02,19.18,17.78,146880,270030037.0,7.74,5.2,0.94,3.92,98355841507.8
2009-08-04,18.7,18.84,19.01,18.31,122431,227858399.0,3.68,-0.95,-0.18,3.27,97425029127.6
2009-08-05,18.79,18.87,20.17,18.42,253044,488437223.0,9.29,0.16,0.03,6.75,97580164524.3
2009-08-06,18.74,18.32,19.27,17.91,189346,351859923.0,7.21,-2.91,-0.55,5.05,94736015584.8
2009-08-07,18.3,18.61,18.88,18.1,193222,359326878.0,4.26,1.58,0.29,5.16,96235657752.9
2009-08-10,18.6,18.28,19.33,18.01,147450,277202763.0,7.09,-1.77,-0.33,3.93,94529168389.20001
2009-08-11,18.1,17.53,18.28,17.45,133142,237039858.0,4.54,-4.1,-0.75,3.55,90650783471.70001
2009-08-12,17.62,17.19,18.12,17.01,90097,158741740.0,6.33,-1.94,-0.34,2.4,88892582309.1
2009-08-13,17.35,17.14,17.5,16.87,63631,108580274.0,3.66,-0.29,-0.05,1.7,88634023314.6
2009-08-14,17.26,15.96,17.26,15.9,81801,136390974.0,7.93,-6.88,-1.18,2.18,82532031044.40001
2009-08-17,15.7,15.2,15.88,15.05,94798,145678483.0,5.2,-4.76,-0.76,2.53,78601934328.0
2009-08-18,15.56,16.1,16.3,15.19,70797,110761227.0,7.3,5.92,0.9,1.89,83255996229.0
2009-08-19,16.0,15.24,16.15,15.03,52301,81808250.0,6.96,-5.34,-0.86,1.4,78808781523.6
2009-08-20,15.6,15.83,16.0,15.19,81361,127115436.0,5.31,3.87,0.59,2.17,81859777658.7
2009-08-21,16.2,16.01,16.2,15.55,88372,140467343.0,4.11,1.14,0.18,2.36,82790590038.90001
2009-08-24,15.8,15.92,16.08,15.61,78039,123547171.0,2.94,-0.56,-0.09,2.08,82325183848.8
2009-08-25,15.85,15.65,16.0,15.16,104456,162901651.0,5.28,-1.7,-0.27,2.79,80928965278.5
2009-08-26,15.4,16.1,16.42,15.28,84948,135842489.0,7.28,2.88,0.45,2.27,83255996229.0
2009-08-27,16.14,16.66,16.97,16.14,116510,193559294.0,5.16,3.48,0.56,3.11,86151856967.4
2009-08-28,16.56,16.03,16.7,15.98,64615,105495198.0,4.32,-3.78,-0.63,1.72,82894013636.70001
2009-08-31,15.88,14.91,15.88,14.73,121709,186669365.0,7.17,-6.99,-1.12,3.25,77102292159.9
2009-09-01,14.88,14.31,15.0,14.22,66899,97407654.0,5.23,-4.02,-0.6,1.79,73999584225.90001
2009-09-02,14.28,14.07,14.53,13.74,48478,68355624.0,5.52,-1.68,-0.24,1.29,72758501052.3
2009-09-03,14.08,14.78,14.86,14.04,70646,103310434.0,5.83,5.05,0.71,1.89,76430038774.2
2009-09-04,14.68,14.86,15.18,14.66,74802,111557882.0,3.52,0.54,0.08,2.0,76843733165.4
2009-09-07,15.1,14.92,15.26,14.8,78776,118427133.0,3.1,0.4,0.06,2.1,77154003958.8
2009-09-08,14.94,15.67,16.1,14.8,124756,195152058.0,8.71,5.03,0.75,3.33,81032388876.3
2009-09-09,15.71,15.73,15.82,15.26,79116,123174149.0,3.57,0.38,0.06,2.11,81342659669.7
2009-09-10,15.65,15.5,15.9,15.31,69943,109289686.0,3.75,-1.46,-0.23,1.87,80153288295.0
2009-09-11,15.56,15.71,15.96,15.5,64822,102303414.0,2.97,1.35,0.21,1.73,81239236071.90001
2009-09-14,15.81,15.93,15.97,15.66,74481,117834745.0,1.97,1.4,0.22,1.99,82376895647.7
2009-09-15,15.97,15.97,16.06,15.6,93046,147343192.0,2.89,0.25,0.04,2.48,82583742843.3
2009-09-16,15.9,16.18,16.38,15.73,133513,214502856.0,4.07,1.31,0.21,3.56,83669690620.2
2009-09-17,16.12,16.44,16.77,16.12,117168,193096220.0,4.02,1.61,0.26,3.13,85014197391.6
2009-09-18,16.6,15.6,16.78,15.5,94270,152631762.0,7.79,-5.11,-0.84,2.52,80670406284.0
2009-09-21,15.7,16.2,16.28,15.04,82224,129471771.0,7.95,3.85,0.6,2.19,83773114218.0
2009-09-22,16.19,15.56,16.35,15.55,59523,94861592.0,4.94,-3.95,-0.64,1.59,80463559088.40001
2009-09-23,15.55,14.95,15.65,14.72,53911,81486788.0,5.98,-3.92,-0.61,1.44,77309139355.5
2009-09-24,15.0,14.9,15.3,14.51,38409,57446531.0,5.28,-0.33,-0.05,1.02,77050580361.0
2009-09-25,14.95,15.23,15.44,14.92,60327,92061235.0,3.49,2.21,0.33,1.61,78757069724.7
2009-09-28,15.23,14.6,15.35,14.51,32382,48403965.0,5.52,-4.14,-0.63,0.86,75499226394.0
2009-09-29,14.71,14.53,14.8,14.14,34295,49426678.0,4.52,-0.48,-0.07,0.92,75137243801.7
2009-09-30,14.65,14.35,14.78,14.25,38360,55651795.0,3.65,-1.24,-0.18,1.02,74206431421.5
2009-10-09,14.68,14.94,15.0,14.5,37811,55976250.0,3.48,4.11,0.59,1.01,77257427556.59999
2009-10-12,14.99,14.98,15.24,14.86,39359,59478873.0,2.54,0.27,0.04,1.05,77464274752.2
2009-10-13,15.04,15.18,15.3,14.97,41615,62697979.0,2.2,1.34,0.2,1.11,78498510730.2
2009-10-14,15.18,15.69,16.14,15.18,135523,212585893.0,6.32,3.36,0.51,3.62,81135812474.09999
2009-10-15,15.7,15.46,15.8,15.4,67815,105929912.0,2.55,-1.47,-0.23,1.81,79946441099.40001
2009-10-16,15.58,15.65,15.73,15.39,57659,89740446.0,2.2,1.23,0.19,1.54,80928965278.5
2009-10-19,15.77,15.92,16.01,15.61,80489,127646421.0,2.56,1.73,0.27,2.15,82325183848.8
2009-10-20,16.2,16.55,16.86,16.2,207571,342141479.0,4.15,3.96,0.63,5.54,85583027179.5
2009-10-21,16.4,17.2,17.8,16.31,273137,470965446.0,9.0,3.93,0.65,7.29,88944294108.0
2009-10-22,17.02,17.22,17.9,16.81,207168,361660552.0,6.34,0.12,0.02,5.53,89047717705.79999
2009-10-23,17.12,16.8,17.32,16.48,205946,347917047.0,4.88,-2.44,-0.42,5.5,86875822152.0
2009-10-26,16.78,16.59,16.78,16.35,106418,175896239.0,2.56,-1.25,-0.21,2.84,85789874375.1
2009-10-27,16.49,16.8,16.97,16.41,127611,214297191.0,3.38,1.27,0.21,3.41,86875822152.0
2009-10-28,17.27,16.73,17.66,16.4,217540,370717755.0,7.5,-0.42,-0.07,5.8,86513839559.7
2009-10-29,16.92,18.06,18.4,16.89,485097,867951188.0,9.03,7.95,1.33,12.94,93391508813.4
2009-10-30,18.0,17.76,18.05,17.4,239136,423218511.0,3.6,-1.66,-0.3,6.38,91840154846.40001
2009-11-02,17.43,18.16,18.48,17.27,172098,308283495.0,6.81,2.25,0.4,4.59,93908626802.4
2009-11-03,18.17,18.48,19.18,18.0,208397,390350727.0,6.5,1.76,0.32,5.56,95563404367.2
2009-11-04,18.6,19.13,19.85,18.41,236454,452763825.0,7.79,3.52,0.65,6.31,98924671295.7
2009-11-05,19.0,18.83,19.27,18.75,116273,219751135.0,2.72,-1.57,-0.3,3.1,97373317328.7
2009-11-06,19.19,18.86,19.3,18.58,108297,203933096.0,3.82,0.16,0.03,2.89,97528452725.4
2009-11-09,18.87,18.27,18.87,18.04,106846,195781104.0,4.4,-3.13,-0.59,2.85,94477456590.3
2009-11-10,18.45,18.76,18.86,18.25,111528,207346335.0,3.34,2.68,0.49,2.98,97011334736.40001
2009-11-11,18.69,19.19,19.28,18.57,136251,259379569.0,3.78,2.29,0.43,3.64,99234942089.1
2009-11-12,19.29,19.19,19.34,19.01,111737,214174792.0,1.72,0.0,0.0,2.98,99234942089.1
2009-11-16,19.4,20.13,20.31,19.3,145475,288125276.0,5.26,4.9,0.94,3.88,104095851185.7
2009-11-17,20.25,20.19,20.68,19.85,197186,399552262.0,4.12,0.3,0.06,5.26,104406121979.1
2009-11-18,20.0,20.02,20.48,19.71,137518,276311635.0,3.81,-0.84,-0.17,3.67,103527021397.8
2009-11-19,19.8,19.81,20.01,19.41,118248,232293859.0,3.0,-1.05,-0.21,3.16,102441073620.9
2009-11-20,19.51,20.06,20.46,19.42,101680,204969301.0,5.25,1.26,0.25,2.71,103733868593.4
2009-11-23,20.15,20.37,20.46,19.72,107633,217074952.0,3.69,1.55,0.31,2.87,105336934359.3
2009-11-24,20.44,19.01,20.48,18.78,205083,410098897.0,8.35,-6.68,-1.36,5.47,98304129708.90001
2009-11-25,19.25,20.18,20.3,19.01,143319,280417440.0,6.79,6.15,1.17,3.82,104354410180.2
2009-11-26,20.75,21.2,22.2,20.73,416265,896851816.0,7.28,5.05,1.02,11.11,109629013668.0
2009-11-27,20.55,20.69,21.88,20.28,266576,561539281.0,7.55,-2.41,-0.51,7.11,106991711924.1
2009-11-30,21.97,22.17,22.76,21.41,209000,461715845.0,6.52,7.15,1.48,5.58,114645058161.3
2009-12-01,21.9,22.53,22.55,21.8,172856,385017155.0,3.38,1.62,0.36,4.61,116506682921.70001
2009-12-02,23.01,24.04,24.7,23.0,212996,508993142.0,7.55,6.7,1.51,5.68,124315164555.59999
2009-12-03,23.69,24.03,24.49,23.21,169620,405093351.0,5.32,-0.04,-0.01,4.53,124263452756.70001
2009-12-04,24.0,24.86,25.1,23.21,251740,613307295.0,7.87,3.45,0.83,6.72,128555532065.4
2009-12-07,24.99,24.75,25.3,24.51,138799,345946111.0,3.18,-0.44,-0.11,3.7,127986702277.5
2009-12-08,24.55,23.57,24.7,23.28,184190,438778089.0,5.74,-4.77,-1.18,4.91,121884710007.3
2009-12-09,23.2,23.09,24.06,22.8,133710,314830623.0,5.35,-2.04,-0.48,3.57,119402543660.1
2009-12-10,23.3,23.73,23.98,22.86,101193,236922894.0,4.85,2.77,0.64,2.7,122712098789.7
2009-12-11,23.73,23.71,23.77,23.06,78520,184330590.0,2.99,-0.08,-0.02,2.1,122608675191.90001
2009-12-14,23.51,23.76,23.96,23.08,69435,163538350.0,3.71,0.21,0.05,1.85,122867234186.40001
2009-12-15,23.69,23.77,24.29,23.56,70773,169960110.0,3.07,0.04,0.01,1.89,122918945985.3
2009-12-16,23.77,23.21,23.9,23.05,60477,141950589.0,3.58,-2.36,-0.56,1.61,120023085246.90001
2009-12-17,23.15,21.79,23.39,21.65,106080,237757665.0,7.5,-6.12,-1.42,2.83,112680009803.09999
2009-12-18,21.54,21.99,22.64,20.51,164545,359521768.0,9.78,0.92,0.2,4.39,113714245781.09999
2009-12-21,21.8,22.28,22.38,21.58,69887,153966199.0,3.64,1.32,0.29,1.86,115213887949.20001
2009-12-22,22.0,21.01,22.3,20.9,86100,184101733.0,6.28,-5.7,-1.27,2.3,108646489488.90001
2009-12-23,20.9,20.86,21.19,20.56,63102,131866169.0,3.0,-0.71,-0.15,1.68,107870812505.4
2009-12-24,21.0,22.81,22.95,20.95,155392,347115722.0,9.59,9.35,1.95,4.15,117954613290.9
2009-12-25,22.73,23.0,23.27,22.5,104395,239268557.0,3.38,0.83,0.19,2.79,118937137470.0
2009-12-28,23.7,23.51,24.36,23.35,132709,316864068.0,4.39,2.22,0.51,3.54,121574439213.90001
2009-12-29,23.39,23.76,23.95,23.31,68300,161796125.0,2.72,1.06,0.25,1.82,122867234186.40001
2009-12-30,24.0,26.14,26.14,23.6,330302,836181091.0,10.69,10.02,2.38,8.81,135174642324.6
2009-12-31,26.7,26.56,27.56,25.9,363409,973381255.0,6.35,1.61,0.42,9.7,137346537878.4
2010-01-04,26.19,27.33,27.5,26.01,197339,533939043.0,5.61,2.9,0.77,5.27,141328346393.69998
2010-01-05,27.15,28.04,28.74,26.5,221646,613370139.0,8.2,2.6,0.71,5.91,144999884115.6
2010-01-06,27.9,27.41,28.63,27.38,177139,494530672.0,4.46,-2.25,-0.63,4.73,141742040784.9
2010-01-07,27.25,25.91,27.27,25.6,182970,480864515.0,6.09,-5.47,-1.5,4.88,133985270949.9
2010-01-08,25.8,26.19,26.38,25.6,109628,285491406.0,3.01,1.08,0.28,2.93,135433201319.1
2010-01-11,28.0,25.28,28.11,25.2,328209,872493900.0,11.11,-3.47,-0.91,8.76,130727427619.20001
2010-01-12,24.61,24.55,25.25,23.69,228268,556651713.0,6.17,-2.89,-0.73,6.09,126952466299.5
2010-01-13,23.84,24.02,24.5,23.7,127373,306712531.0,3.26,-2.16,-0.53,3.4,124211740957.8
2010-01-14,24.05,24.53,24.72,23.98,92576,225720011.0,3.08,2.12,0.51,2.47,126849042701.70001
2010-01-15,24.65,24.8,25.84,24.65,153567,386747556.0,4.85,1.1,0.27,4.1,128245261272.0
2010-01-18,24.82,24.5,25.15,24.28,88957,218059265.0,3.51,-1.21,-0.3,2.37,126693907305.0
2010-01-19,24.85,25.22,25.86,24.7,158053,400307614.0,4.73,2.94,0.72,4.22,130417156825.79999
2010-01-20,25.34,23.5,25.55,23.3,163334,396188480.0,8.92,-6.82,-1.72,4.36,121522727415.0
2010-01-21,23.1,23.39,23.78,23.1,87863,206485291.0,2.89,-0.47,-0.11,2.34,120953897627.1
2010-01-22,23.1,22.39,23.1,21.7,105638,237006300.0,5.99,-4.28,-1.0,2.82,115782717737.1
2010-01-25,22.38,22.08,22.68,22.0,43235,96624470.0,3.04,-1.38,-0.31,1.15,114179651971.2
2010-01-26,22.13,21.21,22.58,20.8,75448,163931989.0,8.06,-3.94,-0.87,2.01,109680725466.90001
2010-01-27,21.25,20.54,21.43,20.51,88177,184116718.0,4.34,-3.16,-0.67,2.35,106216034940.59999
2010-01-28,20.36,20.66,20.9,20.31,73710,152063295.0,2.87,0.58,0.12,1.97,106836576527.4
2010-01-29,20.5,21.05,21.49,20.42,88410,186425969.0,5.18,1.89,0.39,2.36,108853336684.5
2010-02-01,20.81,21.09,21.88,20.22,82136,172556825.0,7.89,0.19,0.04,2.19,109060183880.1
2010-02-02,21.05,20.67,21.59,20.6,66017,139846921.0,4.69,-1.99,-0.42,1.76,106888288326.3
2010-02-03,20.76,21.41,21.54,20.23,133412,280935384.0,6.34,3.58,0.74,3.56,110714961444.9
2010-02-04,21.18,21.25,21.6,20.87,88452,187738306.0,3.41,-0.75,-0.16,2.36,109887572662.5
2010-02-05,20.58,21.27,21.48,20.25,93462,194219199.0,5.79,0.09,0.02,2.49,109990996260.3
2010-02-08,20.9,21.75,21.97,20.79,102834,221626014.0,5.55,2.26,0.48,2.74,112473162607.5
2010-02-09,21.6,21.88,22.28,21.6,82686,181300942.0,3.13,0.6,0.13,2.21,113145415993.2
2010-02-10,22.2,22.08,22.27,21.86,59881,131939511.0,1.87,0.91,0.2,1.6,114179651971.2
2010-02-11,22.0,21.7,22.24,21.62,55235,120755249.0,2.81,-1.72,-0.38,1.47,112214603613.0
2010-02-12,21.76,22.33,22.77,21.67,75447,168038422.0,5.07,2.9,0.63,2.01,115472446943.7
2010-02-22,22.66,21.6,22.79,21.59,86975,191432387.0,5.37,-3.27,-0.73,2.32,111697485624.0
2010-02-23,21.31,20.02,21.41,19.63,139836,282184690.0,8.24,-7.31,-1.58,3.73,103527021397.8
2010-02-24,19.98,20.34,20.36,19.66,65267,131526382.0,3.5,1.6,0.32,1.74,105181798962.6
2010-02-25,20.35,21.05,21.14,20.35,79178,164511860.0,3.88,3.49,0.71,2.11,108853336684.5
2010-02-26,21.05,21.13,21.38,20.85,78402,165888552.0,2.52,0.38,0.08,2.09,109267031075.7
2010-03-01,21.03,21.59,21.63,20.97,78957,168337373.0,3.12,2.18,0.46,2.11,111645773825.1
2010-03-02,21.55,21.05,21.6,20.93,64218,136379187.0,3.1,-2.5,-0.54,1.71,108853336684.5
2010-03-03,21.09,21.18,21.33,20.74,80951,170515664.0,2.8,0.62,0.13,2.16,109525590070.2
2010-03-04,21.38,20.71,21.45,20.65,93603,197627438.0,3.78,-2.22,-0.47,2.5,107095135521.90001
2010-03-05,21.0,21.39,21.88,20.81,181250,388060917.0,5.17,3.28,0.68,4.84,110611537847.1
2010-03-08,21.4,21.32,21.49,20.96,81177,172253568.0,2.48,-0.33,-0.07,2.17,110249555254.8
2010-03-09,21.23,21.4,21.62,21.19,80760,173057545.0,2.02,0.38,0.08,2.16,110663249646.0
2010-03-10,21.4,20.71,21.59,20.5,87103,182654081.0,5.09,-3.22,-0.69,2.32,107095135521.90001
2010-03-11,20.6,20.61,20.87,20.18,56059,115137291.0,3.33,-0.48,-0.1,1.5,106578017532.9
2010-03-12,20.68,20.08,20.75,20.02,50350,102121227.0,3.54,-2.57,-0.53,1.34,103837292191.2
2010-03-15,20.0,19.72,20.12,19.61,52608,104054008.0,2.54,-1.79,-0.36,1.4,101975667430.79999
2010-03-16,19.72,19.93,19.99,19.65,35256,69935753.0,1.72,1.06,0.21,0.94,103061615207.7
2010-03-17,20.06,20.4,20.5,19.86,41495,83620772.0,3.21,2.36,0.47,1.11,105492069756.0
2010-03-18,20.5,20.6,20.98,20.4,66573,137956553.0,2.84,0.98,0.2,1.78,106526305734.0
2010-03-19,20.6,20.72,20.85,20.48,37599,77641617.0,1.8,0.58,0.12,1.0,107146847320.79999
2010-03-22,20.72,20.49,20.89,20.39,47342,97246841.0,2.41,-1.11,-0.23,1.26,105957475946.09999
2010-03-23,20.42,19.95,20.57,19.79,71195,142830306.0,3.81,-2.64,-0.54,1.9,103165038805.5
2010-03-24,19.97,20.19,20.44,19.85,66819,134641568.0,2.96,1.2,0.24,1.78,104406121979.1
2010-03-25,20.1,20.23,20.64,19.6,96614,194453868.0,5.15,0.2,0.04,2.58,104612969174.7
2010-03-26,19.99,20.14,20.35,19.8,47333,95147010.0,2.72,-0.44,-0.09,1.26,104147562984.6
2010-03-29,20.61,20.84,21.15,20.6,134582,281573955.0,2.73,3.48,0.7,3.59,107767388907.6
2010-03-30,20.65,20.83,20.9,20.62,59659,123670693.0,1.34,-0.05,-0.01,1.59,107715677108.7
2010-03-31,20.93,20.88,21.25,20.83,84632,177957056.0,2.02,0.24,0.05,2.26,107974236103.2
2010-04-09,21.5,21.58,21.88,21.0,148437,320242478.0,4.21,3.35,0.7,3.96,111594062026.2
2010-04-12,21.75,23.1,23.66,21.71,210914,477861840.0,9.04,7.04,1.52,5.63,119454255459.0
2010-04-13,23.18,23.32,23.8,22.34,249985,579820923.0,6.32,0.95,0.22,6.67,120591915034.8
2010-04-14,23.6,23.35,23.68,22.86,120102,279704789.0,3.52,0.13,0.03,3.2,120747050431.5
2010-04-15,23.4,23.19,23.79,22.8,135204,315951871.0,4.24,-0.69,-0.16,3.61,119919661649.1
2010-04-16,23.25,22.18,23.3,21.5,169630,380306495.0,7.76,-4.36,-1.01,4.53,114696769960.2
2010-04-19,21.97,20.34,22.1,20.3,128383,273533308.0,8.12,-8.3,-1.84,3.43,105181798962.6
2010-04-20,20.2,20.2,20.59,19.91,91766,186080917.0,3.34,-0.69,-0.14,2.45,104457833778.0
2010-04-21,20.33,22.22,22.22,20.3,172337,370141592.0,9.5,10.0,2.02,4.6,114903617155.79999
2010-04-22,22.5,22.97,23.24,22.21,260025,594559715.0,4.64,3.38,0.75,6.94,118782002073.29999
2010-04-23,23.08,23.09,23.71,23.0,207856,484522470.0,3.09,0.52,0.12,5.55,119402543660.1
2010-04-26,22.9,24.01,24.8,22.81,255661,613938798.0,8.62,3.98,0.92,6.82,124160029158.90001
2010-04-27,23.85,24.19,24.2,23.32,181261,430451671.0,3.67,0.75,0.18,4.84,125090841539.1
2010-04-28,23.95,22.95,23.99,22.93,124878,292268367.0,4.38,-5.13,-1.24,3.33,118678578475.5
2010-04-29,22.99,22.06,23.55,21.9,129356,296249845.0,7.19,-3.88,-0.89,3.45,114076228373.4
2010-04-30,21.96,20.94,22.0,20.67,121825,257437017.0,6.03,-5.08,-1.12,3.25,108284506896.6
2010-05-04,20.51,21.05,21.49,20.3,63518,133850868.0,5.68,0.53,0.11,1.69,108853336684.5
2010-05-05,20.81,22.29,22.4,20.7,103229,222409778.0,8.08,5.89,1.24,2.75,115265599748.09999
2010-05-06,22.2,21.29,22.4,21.25,85919,187827459.0,5.16,-4.49,-1.0,2.29,110094419858.09999
2010-05-10,20.85,19.16,21.29,19.16,151189,300717795.0,10.0,-10.0,-2.13,4.03,99079806692.4
2010-05-11,19.53,17.94,19.7,17.61,126579,235157016.0,10.91,-6.37,-1.22,3.38,92770967226.6
2010-05-12,17.6,18.0,18.1,17.35,60690,108255154.0,4.18,0.33,0.06,1.62,93081238020.0
2010-05-13,18.29,18.29,18.31,17.72,60345,109369333.0,3.28,1.61,0.29,1.61,94580880188.09999
2010-05-14,18.35,18.43,18.64,18.2,74031,136346907.0,2.41,0.77,0.14,1.98,95304845372.7
2010-05-17,18.08,16.59,18.1,16.59,96887,164831827.0,8.19,-9.98,-1.84,2.59,85789874375.1
2010-05-18,16.38,16.94,17.09,15.39,84527,137646757.0,10.25,2.11,0.35,2.26,87599787336.6
2010-05-19,16.6,16.41,16.99,15.95,73094,120679037.0,6.14,-3.13,-0.53,1.95,84859061994.9
2010-05-20,16.2,16.34,16.81,16.0,53881,89093669.0,4.94,-0.43,-0.07,1.44,84497079402.6
2010-05-21,15.78,16.71,16.78,15.5,65163,105604329.0,7.83,2.26,0.37,1.74,86410415961.90001
2010-05-24,16.85,17.9,18.08,16.85,120102,211832694.0,7.36,7.12,1.19,3.2,92564120031.0
2010-05-25,17.6,17.39,17.8,17.22,77714,135947217.0,3.24,-2.85,-0.51,2.07,89926818287.1
2010-05-26,17.25,17.36,17.68,17.25,50423,87775629.0,2.47,-0.17,-0.03,1.35,89771682890.4
2010-05-27,17.3,17.75,18.0,16.81,67117,117087789.0,6.85,2.25,0.39,1.79,91788443047.5
2010-05-28,17.95,17.7,18.23,17.65,65104,116756741.0,3.27,-0.28,-0.05,1.74,91529884053.0
2010-05-31,17.68,16.88,17.68,16.81,61100,105100262.0,4.92,-4.63,-0.82,1.63,87289516543.2
2010-06-01,16.53,16.45,16.88,16.03,48251,79183570.0,5.04,-2.55,-0.43,1.29,85065909190.5
2010-06-02,16.44,16.58,16.7,16.18,44015,72645600.0,3.16,0.79,0.13,1.17,85738162576.2
2010-06-03,16.75,16.35,16.84,16.33,46974,78029158.0,3.08,-1.39,-0.23,1.25,84548791201.5
2010-06-04,16.2,16.52,16.77,16.07,40502,66607641.0,4.28,1.04,0.17,1.08,85427891782.8
2010-06-07,16.04,16.16,16.35,16.03,36174,58485578.0,1.94,-2.18,-0.36,0.97,83566267022.4
2010-06-08,16.18,16.6,16.9,16.1,62470,103523481.0,4.95,2.72,0.44,1.67,85841586174.0
2010-06-09,16.61,16.94,17.05,16.38,67549,113363719.0,4.04,2.05,0.34,1.8,87599787336.6
2010-06-10,16.85,16.95,17.18,16.72,48918,82808320.0,2.72,0.06,0.01,1.31,87651499135.5
2010-06-11,17.0,16.97,17.24,16.85,43049,73255764.0,2.3,0.12,0.02,1.15,87754922733.29999
2010-06-17,17.12,16.82,17.3,16.78,37645,64472421.0,3.06,-0.88,-0.15,1.0,86979245749.8
2010-06-18,16.79,16.08,16.83,15.85,36732,60254602.0,5.83,-4.4,-0.74,0.98,83152572631.2
2010-06-21,16.08,16.71,16.81,15.92,42023,69112243.0,5.53,3.92,0.63,1.12,86410415961.90001
2010-06-22,16.72,16.99,17.1,16.61,42483,71688247.0,2.93,1.68,0.28,1.13,87858346331.09999
2010-06-23,16.89,16.99,17.34,16.63,46893,79799660.0,4.18,0.0,0.0,1.25,87858346331.09999
2010-06-24,16.89,16.67,17.06,16.57,33023,55253915.0,2.88,-1.88,-0.32,0.88,86203568766.3
2010-06-25,16.58,16.84,17.0,16.45,43937,73796232.0,3.3,1.02,0.17,1.17,87082669347.6
2010-06-28,16.66,16.18,16.73,16.05,41598,67899857.0,4.04,-3.92,-0.66,1.11,83669690620.2
2010-06-29,16.19,14.56,16.42,14.56,98813,149099500.0,11.5,-10.01,-1.62,2.64,75292379198.40001
2010-06-30,14.28,14.16,14.4,13.16,109562,150522617.0,8.52,-2.75,-0.4,2.92,73223907242.4
2010-07-01,13.8,13.7,14.44,13.66,62048,86683322.0,5.51,-3.25,-0.46,1.66,70845164493.0
2010-07-02,13.5,13.56,13.68,12.81,54082,72005563.0,6.35,-1.02,-0.14,1.44,70121199308.40001
2010-07-05,13.47,13.51,13.67,13.15,24766,33252047.0,3.83,-0.37,-0.05,0.66,69862640313.9
2010-07-06,13.53,13.9,13.97,13.53,36456,50332430.0,3.26,2.89,0.39,0.97,71879400471.0
2010-07-07,13.83,14.0,14.24,13.83,54706,76932505.0,2.95,0.72,0.1,1.46,72396518460.0
2010-07-08,14.39,14.29,14.48,14.03,72216,103147663.0,3.21,2.07,0.29,1.93,73896160628.09999
2010-07-09,14.19,14.85,14.89,14.02,80314,116973786.0,6.09,3.92,0.56,2.14,76792021366.5
2010-07-12,14.72,14.91,15.1,14.72,75209,112247220.0,2.56,0.4,0.06,2.01,77102292159.9
2010-07-13,14.68,14.4,14.73,14.29,75277,108753885.0,2.95,-3.42,-0.51,2.01,74464990416.0
2010-07-14,14.44,14.74,14.9,14.44,60948,89653070.0,3.19,2.36,0.34,1.63,76223191578.6
2010-07-15,14.74,14.22,14.77,14.19,37787,54818987.0,3.93,-3.53,-0.52,1.01,73534178035.8
2010-07-16,14.22,14.38,14.39,13.99,33415,47338587.0,2.81,1.13,0.16,0.89,74361566818.2
2010-07-19,14.03,14.86,14.97,14.0,57842,84781499.0,6.75,3.34,0.48,1.54,76843733165.4
2010-07-20,14.85,15.55,15.65,14.85,95183,146946469.0,5.38,4.64,0.69,2.54,80411847289.5
2010-07-21,15.59,15.52,15.8,15.38,70447,109801471.0,2.7,-0.19,-0.03,1.88,80256711892.8
2010-07-22,15.48,15.89,15.95,15.39,74095,117008189.0,3.61,2.38,0.37,1.98,82170048452.1
2010-07-23,15.91,15.84,15.97,15.62,53077,83690395.0,2.2,-0.31,-0.05,1.42,81911489457.6
2010-07-26,15.85,15.88,16.18,15.78,46766,74548836.0,2.53,0.25,0.04,1.25,82118336653.2
2010-07-27,15.85,15.75,15.98,15.66,51004,80387770.0,2.02,-0.82,-0.13,1.36,81446083267.5
2010-07-28,15.72,16.28,16.33,15.62,69758,112138136.0,4.51,3.37,0.53,1.86,84186808609.20001
2010-07-29,16.34,16.91,17.35,16.3,137063,230080791.0,6.45,3.87,0.63,3.66,87444651939.9
2010-07-30,16.78,16.91,16.99,16.52,63932,107325953.0,2.78,0.0,0.0,1.71,87444651939.9
2010-08-02,16.95,17.26,17.29,16.9,59072,101345987.0,2.31,2.07,0.35,1.58,89254564901.40001
2010-08-03,17.24,16.84,17.45,16.8,80198,138048129.0,3.77,-2.43,-0.42,2.14,87082669347.6
2010-08-04,16.82,17.14,17.16,16.4,77881,130368468.0,4.51,1.78,0.3,2.08,88634023314.6
2010-08-05,17.1,17.29,17.35,16.98,67639,116529096.0,2.16,0.88,0.15,1.8,89409700298.09999
2010-08-06,17.16,17.48,17.53,16.91,83637,144394971.0,3.59,1.1,0.19,2.23,90392224477.2
2010-08-09,17.4,18.18,18.19,17.3,106983,191593221.0,5.09,4.0,0.7,2.85,94012050400.2
2010-08-10,18.18,17.36,18.32,17.3,82709,147208466.0,5.61,-4.51,-0.82,2.21,89771682890.4
2010-08-11,17.32,17.62,17.63,17.2,58230,101713092.0,2.48,1.5,0.26,1.55,91116189661.8
2010-08-12,17.33,18.09,18.26,17.22,83700,149583783.0,5.9,2.67,0.47,2.23,93546644210.1
2010-08-13,18.06,18.6,18.77,17.9,88815,162918810.0,4.81,2.82,0.51,2.37,96183945954.0
2010-08-16,18.6,19.1,19.29,18.44,83207,157798379.0,4.57,2.69,0.5,2.22,98769535899.0
2010-08-17,18.98,18.34,18.99,18.02,197843,365008830.0,5.08,-3.98,-0.76,5.28,94839439182.6
2010-08-18,18.3,18.17,18.37,18.11,72401,131885309.0,1.42,-0.93,-0.17,1.93,93960338601.3
2010-08-19,18.24,18.39,18.69,18.15,73738,135777714.0,2.97,1.21,0.22,1.97,95097998177.1
2010-08-20,18.35,18.31,18.57,18.15,109660,201696044.0,2.28,-0.44,-0.08,2.93,94684303785.9
2010-08-23,18.3,17.79,18.3,17.7,90005,160367426.0,3.28,-2.84,-0.52,2.4,91995290243.09999
2010-08-24,17.7,17.43,17.7,17.17,112004,194671432.0,2.98,-2.02,-0.36,2.99,90133665482.7
2010-08-25,17.3,17.6,17.83,17.26,97632,172234605.0,3.27,0.98,0.17,2.61,91012766064.0
2010-08-26,17.56,18.34,18.35,17.51,108643,196646349.0,4.77,4.2,0.74,2.9,94839439182.6
2010-08-27,18.35,18.5,18.64,18.2,65749,121536297.0,2.4,0.87,0.16,1.75,95666827965.0
2010-08-30,18.55,18.8,18.88,18.35,94503,176094750.0,2.86,1.62,0.3,2.52,97218181932.0
2010-08-31,18.7,18.85,19.08,18.6,76345,143770649.0,2.55,0.27,0.05,2.04,97476740926.5
2010-09-01,19.02,18.79,19.02,18.49,82717,154580783.0,2.81,-0.32,-0.06,2.21,97166470133.09999
2010-09-02,18.88,19.47,19.64,18.7,114983,222354084.0,5.0,3.62,0.68,3.07,100682872458.29999
2010-09-06,19.47,19.16,19.67,19.08,83588,161209652.0,3.03,-1.59,-0.31,2.23,99079806692.4
2010-09-07,19.25,18.85,19.42,18.65,56914,108462855.0,4.02,-1.62,-0.31,1.52,97476740926.5
2010-09-08,18.9,19.42,19.45,18.88,76725,147409312.0,3.02,3.02,0.57,2.05,100424313463.8
2010-09-09,19.45,18.93,19.75,18.9,68317,132053452.0,4.38,-2.52,-0.49,1.82,97890435317.7
2010-09-10,18.9,19.23,19.49,18.8,97252,185950123.0,3.65,1.58,0.3,2.6,99441789284.7
2010-09-13,19.25,20.17,20.41,19.25,107783,215811282.0,6.03,4.89,0.94,2.88,104302698381.3
2010-09-14,20.4,20.85,21.05,20.15,110460,227402928.0,4.46,3.37,0.68,2.95,107819100706.5
2010-09-15,20.75,20.57,21.22,20.45,95726,200080484.0,3.69,-1.34,-0.28,2.55,106371170337.3
2010-09-16,21.0,20.17,21.56,19.61,119063,243721612.0,9.48,-1.94,-0.4,3.18,104302698381.3
2010-09-17,20.15,20.49,21.43,20.1,103033,213527656.0,6.59,1.59,0.32,2.75,105957475946.09999
2010-09-20,20.57,20.29,20.9,20.2,59145,121557677.0,3.42,-0.98,-0.2,1.58,104923239968.09999
2010-09-21,20.6,19.56,20.6,19.38,49338,97818101.0,6.01,-3.6,-0.73,1.32,101148278648.4
2010-09-27,19.47,19.78,20.1,19.47,51873,102978451.0,3.22,1.12,0.22,1.38,102285938224.20001
2010-09-28,19.8,20.4,20.57,19.61,58276,117140589.0,4.85,3.13,0.62,1.56,105492069756.0
2010-09-29,20.35,19.68,20.48,19.65,41579,83031664.0,4.07,-3.53,-0.72,1.11,101768820235.2
2010-09-30,19.45,20.26,20.32,19.26,65815,131572156.0,5.39,2.95,0.58,1.76,104768104571.40001
2010-10-08,20.38,20.78,20.93,20.11,50937,105054561.0,4.05,2.57,0.52,1.36,107457118114.20001
2010-10-11,20.82,21.18,22.1,20.66,121454,258953355.0,6.93,1.92,0.4,3.24,109525590070.2
2010-10-12,21.21,20.73,21.21,20.6,72881,152108981.0,2.88,-2.12,-0.45,1.94,107198559119.7
2010-10-13,20.74,21.09,21.54,20.45,76659,162346179.0,5.26,1.74,0.36,2.05,109060183880.1
2010-10-14,21.25,20.5,21.89,20.45,101795,216462578.0,6.83,-2.8,-0.59,2.72,106009187745.0
2010-10-15,20.35,19.9,20.5,19.65,111750,222554705.0,4.15,-2.93,-0.6,2.98,102906479811.0
2010-10-18,19.8,18.99,20.24,18.87,103923,199726324.0,6.88,-4.57,-0.91,2.77,98200706111.09999
2010-10-19,18.98,19.49,19.5,18.94,39014,75169614.0,2.95,2.63,0.5,1.04,100786296056.09999
2010-10-20,19.2,19.79,20.09,19.01,60004,117836328.0,5.54,1.54,0.3,1.6,102337650023.09999
2010-10-21,19.75,19.48,20.07,19.33,59276,116594723.0,3.74,-1.57,-0.31,1.58,100734584257.2
2010-10-22,19.48,19.63,19.85,19.38,40171,78927061.0,2.41,0.77,0.15,1.07,101510261240.7
2010-10-25,19.8,20.49,20.53,19.53,94626,189583792.0,5.09,4.38,0.86,2.53,105957475946.09999
2010-10-26,20.66,21.34,21.98,20.16,134628,287018378.0,8.88,4.15,0.85,3.59,110352978852.6
2010-10-27,21.25,20.64,21.56,20.5,77556,162939954.0,4.97,-3.28,-0.7,2.07,106733152929.6
2010-10-28,20.5,20.5,20.87,20.38,67091,138192841.0,2.37,-0.68,-0.14,1.79,106009187745.0
2010-10-29,20.49,20.92,20.97,20.49,57829,120442621.0,2.34,2.05,0.42,1.54,108181083298.8
2010-11-01,21.12,21.33,21.42,21.0,90050,191208634.0,2.01,1.96,0.41,2.4,110301267053.7
2010-11-02,21.34,20.7,21.55,20.65,94927,198849958.0,4.22,-2.95,-0.63,2.53,107043423723.0
2010-11-03,20.88,20.4,20.98,20.36,49405,101852913.0,3.0,-1.45,-0.3,1.32,105492069756.0
2010-11-04,20.4,20.4,20.5,19.9,81469,164903189.0,2.94,0.0,0.0,2.17,105492069756.0
2010-11-05,20.58,20.76,21.12,20.4,67667,140783418.0,3.53,1.76,0.36,1.81,107353694516.40001
2010-11-08,20.8,21.15,21.29,20.4,95618,199731811.0,4.29,1.88,0.39,2.55,109370454673.5
2010-11-09,21.0,21.79,22.12,20.91,160375,346180496.0,5.72,3.03,0.64,4.28,112680009803.09999
2010-11-10,21.82,22.09,22.3,21.15,122859,266639085.0,5.28,1.38,0.3,3.28,114231363770.1
2010-11-11,22.0,21.68,22.97,21.6,143995,323763141.0,6.2,-1.86,-0.41,3.84,112111180015.2
2010-11-12,21.85,20.23,22.38,20.17,116961,248594125.0,10.19,-6.69,-1.45,3.12,104612969174.7
2010-11-15,20.39,20.93,21.12,20.1,76555,158730024.0,5.04,3.46,0.7,2.04,108232795097.7
2010-11-16,20.76,19.09,20.99,18.9,111119,220571054.0,9.99,-8.79,-1.84,2.97,98717824100.1
2010-11-17,19.0,18.35,19.24,18.11,61015,114406033.0,5.92,-3.88,-0.74,1.63,94891150981.5
2010-11-18,18.55,18.53,18.8,18.13,39605,73127129.0,3.65,0.98,0.18,1.06,95821963361.70001
2010-11-19,18.68,18.34,18.8,17.71,96111,174897779.0,5.88,-1.03,-0.19,2.56,94839439182.6
2010-11-22,18.2,18.65,18.8,18.03,102104,187838343.0,4.2,1.69,0.31,2.72,96442504948.5
2010-11-23,18.47,17.86,18.55,17.6,58494,105165620.0,5.09,-4.24,-0.79,1.56,92357272835.4
2010-11-24,17.8,18.52,18.57,17.71,51564,94241448.0,4.82,3.7,0.66,1.38,95770251562.8
2010-11-25,18.72,18.65,18.94,18.48,63918,119384970.0,2.48,0.7,0.13,1.71,96442504948.5
2010-11-26,18.62,18.15,18.64,17.94,61507,112008393.0,3.75,-2.68,-0.5,1.64,93856915003.5
2010-11-29,18.19,17.88,18.28,17.59,72250,128744385.0,3.8,-1.49,-0.27,1.93,92460696433.2
2010-11-30,17.75,17.21,18.05,16.72,65065,112576501.0,7.44,-3.75,-0.67,1.74,88996005906.90001
2010-12-01,17.13,17.31,17.45,16.98,47935,82484657.0,2.73,0.58,0.1,1.28,89513123895.9
2010-12-02,17.52,17.51,17.7,17.4,57242,100476400.0,1.73,1.16,0.2,1.53,90547359873.90001
2010-12-03,17.57,17.39,17.57,17.24,24419,42437289.0,1.88,-0.69,-0.12,0.65,89926818287.1
2010-12-06,17.33,17.26,17.56,17.06,26193,45249640.0,2.88,-0.75,-0.13,0.7,89254564901.40001
2010-12-07,17.22,17.46,17.54,16.91,31145,53868633.0,3.65,1.16,0.2,0.83,90288800879.40001
2010-12-08,17.56,17.63,17.83,17.46,36718,64728306.0,2.12,0.97,0.17,0.98,91167901460.7
2010-12-09,17.61,17.25,17.68,17.22,26319,45802866.0,2.61,-2.16,-0.38,0.7,89202853102.5
2010-12-10,17.47,17.92,18.0,17.25,40536,71534904.0,4.35,3.88,0.67,1.08,92667543628.8
2010-12-13,17.95,18.4,18.53,17.86,59159,108192246.0,3.74,2.68,0.48,1.58,95149709976.0
2010-12-14,18.45,18.36,18.56,18.21,38823,71274197.0,1.9,-0.22,-0.04,1.04,94942862780.4
2010-12-15,18.4,18.39,18.54,18.18,35529,65269406.0,1.96,0.16,0.03,0.95,95097998177.1
2010-12-16,18.3,18.03,18.37,18.0,40180,72903256.0,2.01,-1.96,-0.36,1.07,93236373416.70001
2010-12-17,18.03,17.93,18.14,17.85,28960,51883265.0,1.61,-0.55,-0.1,0.77,92719255427.7
2010-12-20,18.0,18.07,18.56,17.86,70924,128711187.0,3.9,0.78,0.14,1.89,93443220612.3
2010-12-21,18.07,18.6,18.78,18.01,81569,150861721.0,4.26,2.93,0.53,2.18,96183945954.0
2010-12-22,18.65,18.49,18.79,18.4,67012,124444844.0,2.1,-0.59,-0.11,1.79,95615116166.09999
2010-12-23,18.38,17.56,18.48,17.45,77865,139335935.0,5.57,-5.03,-0.93,2.08,90805918868.4
2010-12-24,17.44,17.36,17.59,17.17,30115,52133553.0,2.39,-1.14,-0.2,0.8,89771682890.4
2010-12-27,17.37,16.69,17.65,16.5,55669,95764977.0,6.62,-3.86,-0.67,1.49,86306992364.1
2010-12-28,16.72,15.86,16.79,15.69,67965,109933651.0,6.59,-4.97,-0.83,1.81,82014913055.4
2010-12-29,15.95,16.04,16.13,15.78,36019,57541164.0,2.21,1.13,0.18,0.96,82945725435.59999
2010-12-30,16.13,15.84,16.13,15.7,44609,70581269.0,2.68,-1.25,-0.2,1.19,81911489457.6
2010-12-31,15.93,16.13,16.14,15.85,44470,71134534.0,1.83,1.83,0.29,1.19,83411131625.7
2011-01-04,16.3,16.57,16.57,16.1,65289,106686253.0,2.91,2.73,0.44,1.74,85686450777.3
2011-01-05,16.56,16.6,16.77,16.38,45969,76350898.0,2.35,0.18,0.03,1.23,85841586174.0
2011-01-06,16.6,16.57,16.67,16.36,27727,45800908.0,1.87,-0.18,-0.03,0.74,85686450777.3
2011-01-07,16.5,16.73,17.07,16.5,43559,73258659.0,3.44,0.97,0.16,1.16,86513839559.7
2011-01-10,16.74,16.06,17.05,15.98,51576,84964786.0,6.4,-4.0,-0.67,1.38,83049149033.4
2011-01-11,16.08,15.95,16.21,15.79,26686,42621632.0,2.62,-0.68,-0.11,0.71,82480319245.5
2011-01-12,16.09,16.04,16.2,15.9,31461,50395949.0,1.88,0.56,0.09,0.84,82945725435.59999
2011-01-13,16.16,16.41,16.46,16.1,32489,52913086.0,2.24,2.31,0.37,0.87,84859061994.9
2011-01-14,16.56,16.11,16.58,16.0,42749,69607436.0,3.53,-1.83,-0.3,1.14,83307708027.9
2011-01-17,16.18,15.4,16.33,15.2,41157,64907009.0,7.01,-4.41,-0.71,1.1,79636170306.0
2011-01-18,15.1,15.52,15.79,15.05,23464,36495565.0,4.81,0.78,0.12,0.63,80256711892.8
2011-01-19,15.52,15.71,15.73,15.31,26600,41366931.0,2.71,1.22,0.19,0.71,81239236071.90001
2011-01-20,15.64,15.34,15.92,15.32,30839,47908336.0,3.82,-2.36,-0.37,0.82,79325899512.6
2011-01-21,15.37,15.38,15.59,14.99,85521,130136797.0,3.91,0.26,0.04,2.28,79532746708.2
2011-01-24,15.37,15.06,15.4,15.02,40710,61664901.0,2.47,-2.08,-0.32,1.09,77877969143.40001
2011-01-25,15.06,15.03,15.19,14.88,19873,29817477.0,2.06,-0.2,-0.03,0.53,77722833746.7
2011-01-26,15.11,15.21,15.3,15.04,23680,35928867.0,1.73,1.2,0.18,0.63,78653646126.90001
2011-01-27,15.09,15.37,15.46,14.81,35892,54555055.0,4.27,1.05,0.16,0.96,79481034909.3
2011-01-28,15.35,15.44,15.64,15.31,32554,50393995.0,2.15,0.46,0.07,0.87,79843017501.59999
2011-01-31,15.4,15.65,15.72,15.38,44071,68708575.0,2.2,1.36,0.21,1.18,80928965278.5
2011-02-01,15.65,15.56,15.7,15.45,24070,37484740.0,1.6,-0.58,-0.09,0.64,80463559088.40001
2011-02-09,15.5,15.49,15.8,15.33,45169,70302471.0,3.02,-0.45,-0.07,1.21,80101576496.1
2011-02-10,15.45,15.99,16.15,15.37,62747,99213257.0,5.04,3.23,0.5,1.67,82687166441.1
2011-02-11,15.95,16.3,16.45,15.91,77174,124911951.0,3.38,1.94,0.31,2.06,84290232207.0
2011-02-14,16.41,16.77,16.91,16.31,91905,152980375.0,3.68,2.88,0.47,2.45,86720686755.3
2011-02-15,16.73,16.75,17.02,16.66,88373,148823856.0,2.15,-0.12,-0.02,2.36,86617263157.5
2011-02-16,16.65,16.99,17.04,16.62,59776,100621780.0,2.51,1.43,0.24,1.6,87858346331.09999
2011-02-17,17.06,16.98,17.37,16.85,59213,101008634.0,3.06,-0.06,-0.01,1.58,87806634532.2
2011-02-18,16.91,16.83,17.08,16.5,69861,117321457.0,3.42,-0.88,-0.15,1.86,87030957548.7
2011-02-21,16.7,17.13,17.15,16.55,59058,100255019.0,3.57,1.78,0.3,1.58,88582311515.7
2011-02-22,17.17,16.41,17.29,16.4,76371,128070185.0,5.2,-4.2,-0.72,2.04,84859061994.9
2011-02-23,16.44,16.46,16.59,16.31,32435,53332524.0,1.71,0.3,0.05,0.87,85117620989.40001
2011-02-24,16.43,16.69,16.72,16.35,37252,61734862.0,2.25,1.4,0.23,0.99,86306992364.1
2011-02-25,16.63,16.68,16.75,16.41,33083,54857760.0,2.04,-0.06,-0.01,0.88,86255280565.2
2011-02-28,16.69,17.36,17.38,16.5,86365,147825449.0,5.28,4.08,0.68,2.3,89771682890.4
2011-03-01,17.28,17.39,17.8,17.21,82596,144440837.0,3.4,0.17,0.03,2.2,89926818287.1
2011-03-02,17.22,17.47,17.5,17.0,53711,92786105.0,2.88,0.46,0.08,1.43,90340512678.29999
2011-03-03,17.46,17.38,17.72,17.12,80940,141674936.0,3.43,-0.52,-0.09,2.16,89875106488.2
2011-03-04,17.3,17.78,17.84,17.16,70316,123660632.0,3.91,2.3,0.4,1.88,91943578444.20001
2011-03-07,18.0,18.08,18.33,17.89,135250,245775467.0,2.47,1.69,0.3,3.61,93494932411.2
2011-03-08,18.07,17.98,18.4,17.82,97992,177420870.0,3.21,-0.55,-0.1,2.61,92977814422.2
2011-03-09,18.06,18.04,18.28,17.87,86160,155063422.0,2.28,0.33,0.06,2.3,93288085215.59999
2011-03-10,18.08,18.1,18.29,17.98,68850,124791379.0,1.72,0.33,0.06,1.84,93598356009.0
2011-03-11,18.01,17.61,18.02,17.58,73124,130373221.0,2.43,-2.71,-0.49,1.95,91064477862.9
2011-03-14,17.42,17.67,17.72,17.36,41968,73630454.0,2.04,0.34,0.06,1.12,91374748656.3
2011-03-15,17.62,17.18,17.63,16.9,57793,99182739.0,4.13,-2.77,-0.49,1.54,88840870510.2
2011-03-16,17.22,17.31,17.36,17.05,35487,61092653.0,1.8,0.76,0.13,0.95,89513123895.9
2011-03-17,17.1,16.74,17.18,16.57,57981,97956036.0,3.52,-3.29,-0.57,1.55,86565551358.59999
2011-03-18,16.86,16.93,17.05,16.7,38685,65323800.0,2.09,1.14,0.19,1.03,87548075537.7
2011-03-21,16.93,17.02,17.17,16.81,24662,41888939.0,2.13,0.53,0.09,0.66,88013481727.8
2011-03-22,17.18,16.83,17.18,16.75,37731,63895913.0,2.53,-1.12,-0.19,1.01,87030957548.7
2011-03-23,16.83,17.12,17.13,16.81,32880,56022512.0,1.9,1.72,0.29,0.88,88530599716.8
2011-03-24,17.17,17.33,17.43,17.12,49598,85902256.0,1.81,1.23,0.21,1.32,89616547493.7
2011-03-25,17.3,17.71,17.78,17.26,74981,132038558.0,3.0,2.19,0.38,2.0,91581595851.90001
2011-03-28,17.91,17.67,17.94,17.63,64429,114557809.0,1.75,-0.23,-0.04,1.72,91374748656.3
2011-03-29,17.57,17.84,17.92,17.57,71814,127891113.0,1.98,0.96,0.17,1.92,92253849237.6
2011-03-30,17.82,17.2,17.94,17.18,56883,99575937.0,4.26,-3.59,-0.64,1.52,88944294108.0
2011-03-31,17.27,16.97,17.36,16.96,27723,47563779.0,2.33,-1.34,-0.23,0.74,87754922733.29999
2011-04-01,16.91,17.18,17.21,16.91,19714,33653008.0,1.77,1.24,0.21,0.53,88840870510.2
2011-04-06,17.2,17.56,17.59,17.15,40039,69472732.0,2.56,2.21,0.38,1.07,90805918868.4
2011-04-07,17.58,17.51,17.65,17.38,30316,53144943.0,1.54,-0.28,-0.05,0.81,90547359873.90001
2011-04-08,17.45,17.61,17.73,17.41,29600,52175259.0,1.83,0.57,0.1,0.79,91064477862.9
2011-04-11,17.61,17.98,18.3,17.59,100680,181789393.0,4.03,2.1,0.37,2.69,92977814422.2
2011-04-12,17.98,18.16,18.35,17.88,72428,131581558.0,2.61,1.0,0.18,1.93,93908626802.4
2011-04-13,18.3,18.49,18.5,18.13,102612,188409863.0,2.04,1.82,0.33,2.74,95615116166.09999
2011-04-14,18.55,18.58,18.7,18.24,92968,172067086.0,2.49,0.49,0.09,2.48,96080522356.2
2011-04-15,18.62,18.48,18.75,18.26,62504,115163451.0,2.64,-0.54,-0.1,1.67,95563404367.2
2011-04-18,18.48,18.04,18.52,17.91,91830,166622482.0,3.3,-2.38,-0.44,2.45,93288085215.59999
2011-04-19,18.0,17.81,18.04,17.62,57576,102646281.0,2.33,-1.27,-0.23,1.54,92098713840.9
2011-04-20,17.89,18.14,18.24,17.81,61656,111323689.0,2.41,1.85,0.33,1.65,93805203204.6
2011-04-21,18.15,18.86,18.95,18.15,164165,306059958.0,4.41,3.97,0.72,4.38,97528452725.4
2011-04-22,19.01,18.69,19.08,18.46,71991,134898404.0,3.29,-0.9,-0.17,1.92,96649352144.1
2011-04-25,18.81,18.98,19.03,18.51,98076,184834337.0,2.78,1.55,0.29,2.62,98148994312.2
2011-04-26,19.05,18.31,19.27,18.28,124002,233544818.0,5.22,-3.53,-0.67,3.31,94684303785.9
2011-04-27,18.5,18.49,18.58,18.13,57352,105621949.0,2.46,0.98,0.18,1.53,95615116166.09999
2011-04-28,18.54,18.23,19.16,18.17,160292,300518534.0,5.35,-1.41,-0.26,4.28,94270609394.7
2011-04-29,18.2,18.35,18.49,17.5,98436,176517937.0,5.43,0.66,0.12,2.63,94891150981.5
2011-05-03,18.4,18.71,18.74,17.88,63647,116682538.0,4.69,1.96,0.36,1.7,96752775741.90001
2011-05-04,18.53,18.96,19.46,18.46,187939,358821102.0,5.34,1.34,0.25,5.02,98045570714.40001
2011-05-05,18.98,19.0,19.45,18.68,145956,279582299.0,4.06,0.21,0.04,3.89,98252417910.0
2011-05-06,18.8,19.0,19.26,18.72,90828,173327702.0,2.84,0.0,0.0,2.42,98252417910.0
2011-05-09,19.0,19.32,19.38,18.75,99508,190040875.0,3.32,1.68,0.32,2.66,99907195474.8
2011-05-10,19.28,19.22,19.37,19.0,79693,152910040.0,1.92,-0.52,-0.1,2.13,99390077485.79999
2011-05-11,19.19,18.97,19.19,18.71,100584,190973026.0,2.5,-1.3,-0.25,2.68,98097282513.29999
2011-05-12,18.69,19.42,19.68,18.6,156832,301698310.0,5.69,2.37,0.45,4.18,100424313463.8
2011-05-13,19.42,19.59,19.97,19.26,178420,350407091.0,3.66,0.88,0.17,4.76,101303414045.1
2011-05-16,19.64,20.39,20.55,19.63,212487,429265821.0,4.7,4.08,0.8,5.67,105440357957.1
2011-05-17,20.25,19.88,20.95,19.84,231615,473219302.0,5.44,-2.5,-0.51,6.18,102803056213.2
2011-05-18,19.75,20.24,20.6,19.51,138560,279231254.0,5.48,1.81,0.36,3.7,104664680973.59999
2011-05-19,20.26,19.88,20.51,19.76,113803,228595583.0,3.71,-1.78,-0.36,3.04,102803056213.2
2011-05-23,19.93,18.61,19.98,18.44,123836,236648994.0,7.75,-6.39,-1.27,3.3,96235657752.9
2011-05-24,18.42,18.62,18.88,17.91,80343,148274821.0,5.21,0.05,0.01,2.14,96287369551.8
2011-05-25,18.51,18.17,18.74,18.11,54623,100200575.0,3.38,-2.42,-0.45,1.46,93960338601.3
2011-05-26,18.4,17.9,18.45,17.89,58028,105684444.0,3.08,-1.49,-0.27,1.55,92564120031.0
2011-05-27,17.74,17.05,17.89,16.9,91961,159080164.0,5.53,-4.75,-0.85,2.45,88168617124.5
2011-05-30,16.95,16.94,17.37,16.82,48477,82928807.0,3.23,-0.65,-0.11,1.29,87599787336.6
2011-05-31,16.98,17.39,17.44,16.76,74217,127055747.0,4.01,2.66,0.45,1.98,89926818287.1
2011-06-01,17.31,17.26,17.34,17.1,56061,96477085.0,1.38,-0.75,-0.13,1.5,89254564901.40001
2011-06-02,16.99,16.73,16.99,16.25,71701,119171854.0,4.29,-3.07,-0.53,1.91,86513839559.7
2011-06-03,16.67,16.9,17.05,16.67,41549,70135041.0,2.27,1.02,0.17,1.11,87392940141.0
2011-06-07,16.95,17.08,17.13,16.85,34911,59433716.0,1.66,1.07,0.18,0.93,88323752521.2
2011-06-08,17.09,17.15,17.16,16.7,56432,95679389.0,2.69,0.41,0.07,1.51,88685735113.5
2011-06-09,17.21,16.62,17.25,16.6,44135,74728786.0,3.79,-3.09,-0.53,1.18,85945009771.8
2011-06-10,16.53,16.45,16.66,16.05,53731,87960197.0,3.67,-1.02,-0.17,1.43,85065909190.5
2011-06-13,16.31,16.47,16.54,16.09,25831,42080581.0,2.74,0.12,0.02,0.69,85169332788.29999
2011-06-14,16.49,16.95,17.15,16.36,62809,106228084.0,4.8,2.91,0.48,1.68,87651499135.5
2011-06-15,16.98,16.79,17.07,16.76,45962,77824986.0,1.83,-0.94,-0.16,1.23,86824110353.09999
2011-06-16,16.68,16.41,16.68,16.35,34883,57639546.0,1.97,-2.26,-0.38,0.93,84859061994.9
2011-06-17,16.33,16.24,16.68,16.21,21122,34755258.0,2.86,-1.04,-0.17,0.56,83979961413.59999
2011-06-20,16.22,16.31,16.48,16.15,24222,39515836.0,2.03,0.43,0.07,0.65,84341944005.9
2011-06-21,16.33,16.58,16.72,16.33,45886,75760375.0,2.39,1.66,0.27,1.22,85738162576.2
2011-06-22,16.66,16.52,16.69,16.47,24272,40228814.0,1.33,-0.36,-0.06,0.65,85427891782.8
2011-06-23,16.53,16.91,16.99,16.4,43319,72648074.0,3.57,2.36,0.39,1.16,87444651939.9
2011-06-24,16.88,17.31,17.51,16.8,75603,130284170.0,4.2,2.37,0.4,2.02,89513123895.9
2011-06-27,17.33,17.31,17.44,17.15,63206,109254356.0,1.68,0.0,0.0,1.69,89513123895.9
2011-06-28,17.33,17.35,17.4,17.11,35321,60961633.0,1.68,0.23,0.04,0.94,89719971091.5
2011-06-29,17.33,16.92,17.34,16.9,42759,73209403.0,2.54,-2.48,-0.43,1.14,87496363738.8
2011-06-30,17.0,17.68,17.8,17.0,77851,135730033.0,4.73,4.49,0.76,2.08,91426460455.2
2011-07-01,17.68,18.23,18.47,17.6,123847,224972608.0,4.92,3.11,0.55,3.3,94270609394.7
2011-07-04,18.29,19.49,19.62,18.25,219046,415541041.0,7.52,6.91,1.26,5.85,100786296056.09999
2011-07-05,19.4,19.36,19.65,19.05,149547,289381312.0,3.08,-0.67,-0.13,3.99,100114042670.4
2011-07-06,19.29,19.53,19.95,19.18,144799,284620739.0,3.98,0.88,0.17,3.86,100993143251.70001
2011-07-07,19.6,19.48,19.82,19.38,89348,174780494.0,2.25,-0.26,-0.05,2.38,100734584257.2
2011-07-08,19.48,19.18,19.6,18.8,83781,160105100.0,4.11,-1.54,-0.3,2.24,99183230290.2
2011-07-11,12.7,13.08,13.39,12.4,126294,164630297.0,5.16,-31.8,-6.1,2.25,67639032961.2
2011-07-12,12.85,12.77,12.93,12.65,109992,140748163.0,2.14,-2.37,-0.31,1.96,66035967195.299995
2011-07-13,12.8,12.97,13.05,12.79,89689,116084689.0,2.04,1.57,0.2,1.6,67070203173.3
2011-07-14,13.04,13.05,13.15,12.83,105357,137000398.0,2.47,0.62,0.08,1.87,67483897564.5
2011-07-15,12.9,12.8,13.12,12.71,164366,212097988.0,3.14,-1.92,-0.25,2.92,66191102592.0
2011-07-18,12.86,13.13,13.4,12.86,241452,316196447.0,4.22,2.58,0.33,4.3,67897591955.700005
2011-07-19,13.03,12.95,13.07,12.8,83343,107501589.0,2.06,-1.37,-0.18,1.48,66966779575.5
2011-07-20,13.03,13.04,13.23,12.8,159140,207747492.0,3.32,0.69,0.09,2.83,67432185765.6
2011-07-21,13.04,12.61,13.08,12.6,144234,184020995.0,3.68,-3.3,-0.43,2.57,65208578412.899994
2011-07-22,12.66,12.39,12.74,12.35,99238,124416775.0,3.09,-1.74,-0.22,1.77,64070918837.100006
2011-07-25,12.3,11.86,12.36,11.8,92820,112251915.0,4.52,-4.28,-0.53,1.65,61330193495.399994
2011-07-26,11.9,12.1,12.11,11.81,61181,73483171.0,2.53,2.02,0.24,1.09,62571276669.0
2011-07-27,12.1,12.26,12.29,11.92,72054,87639478.0,3.06,1.32,0.16,1.28,63398665451.4
2011-07-28,12.08,12.02,12.16,11.89,55513,66694761.0,2.2,-1.96,-0.24,0.99,62157582277.799995
2011-07-29,12.03,12.11,12.18,11.9,45666,54892816.0,2.33,0.75,0.09,0.81,62622988467.899994
2011-08-02,12.11,12.26,12.27,11.81,59788,72080440.0,3.8,1.24,0.15,1.06,63398665451.4
2011-08-03,12.1,12.09,12.24,11.98,43542,52757459.0,2.12,-1.39,-0.17,0.77,62519564870.1
2011-08-04,12.15,12.35,12.45,12.1,59080,72763397.0,2.89,2.15,0.26,1.05,63864071641.5
2011-08-05,11.95,12.01,12.16,11.86,57262,68940565.0,2.43,-2.75,-0.34,1.02,62105870478.9
2011-08-08,11.85,11.34,11.89,10.93,81613,93464359.0,7.99,-5.58,-0.67,1.45,58641179952.6
2011-08-09,10.99,11.4,11.57,10.8,66402,74499861.0,6.79,0.53,0.06,1.18,58951450746.0
2011-08-10,11.6,11.53,11.85,11.51,56331,65719150.0,2.98,1.14,0.13,1.0,59623704131.7
2011-08-11,11.25,11.63,11.66,11.18,47635,54690705.0,4.16,0.87,0.1,0.85,60140822120.700005
2011-08-12,11.63,11.65,11.86,11.62,57317,67183400.0,2.06,0.17,0.02,1.02,60244245718.5
2011-08-15,11.81,11.9,11.96,11.7,53014,62927724.0,2.23,2.15,0.25,0.94,61537040691.0
2011-08-16,11.92,11.84,12.0,11.76,33911,40287436.0,2.02,-0.5,-0.06,0.6,61226769897.6
2011-08-17,11.78,11.76,11.92,11.7,25935,30560800.0,1.86,-0.68,-0.08,0.46,60813075506.4
2011-08-18,11.76,11.42,11.76,11.36,35062,40452337.0,3.4,-2.89,-0.34,0.62,59054874343.8
2011-08-19,11.11,11.27,11.28,11.08,33099,37032952.0,1.75,-1.31,-0.15,0.59,58279197360.299995
2011-08-22,11.32,11.19,11.4,11.16,20148,22741231.0,2.13,-0.71,-0.08,0.36,57865502969.1
2011-08-23,11.25,11.43,11.53,11.25,39021,44408431.0,2.5,2.14,0.24,0.69,59106586142.7
2011-08-24,11.49,11.32,11.56,11.28,38117,43408986.0,2.45,-0.96,-0.11,0.68,58537756354.8
2011-08-25,11.38,11.67,11.73,11.3,54721,63086814.0,3.8,3.09,0.35,0.97,60347669316.3
2011-08-26,11.55,11.65,11.77,11.55,41674,48637423.0,1.89,-0.17,-0.02,0.74,60244245718.5
2011-08-29,11.58,11.36,11.6,11.34,37470,42917705.0,2.23,-2.49,-0.29,0.67,58744603550.399994
2011-08-30,11.43,11.44,11.79,11.41,42608,49356828.0,3.35,0.7,0.08,0.76,59158297941.6
2011-08-31,11.53,11.39,11.53,11.27,24832,28219216.0,2.27,-0.44,-0.05,0.44,58899738947.100006
2011-09-01,11.42,11.25,11.47,11.18,21193,23999185.0,2.55,-1.23,-0.14,0.38,58175773762.5
2011-09-02,11.29,11.08,11.35,10.95,28498,31621405.0,3.56,-1.51,-0.17,0.51,57296673181.2
2011-09-05,11.0,10.95,11.05,10.82,30645,33405247.0,2.08,-1.17,-0.13,0.55,56624419795.5
2011-09-06,10.83,10.94,11.0,10.79,21830,23713348.0,1.92,-0.09,-0.01,0.39,56572707996.6
2011-09-07,11.03,11.16,11.17,10.93,24928,27599370.0,2.19,2.01,0.22,0.44,57710367572.4
2011-09-08,11.2,10.99,11.22,10.98,21179,23450639.0,2.15,-1.52,-0.17,0.38,56831266991.1
2011-09-13,10.81,10.59,10.81,10.52,31486,33433261.0,2.64,-3.64,-0.4,0.56,54762795035.1
2011-09-14,10.7,10.56,10.75,10.18,31250,32603729.0,5.38,-0.28,-0.03,0.56,54607659638.4
2011-09-15,10.58,10.51,10.63,10.5,17917,18928094.0,1.23,-0.47,-0.05,0.32,54349100643.9
2011-09-16,10.61,10.42,10.67,10.4,19805,20890385.0,2.57,-0.86,-0.09,0.35,53883694453.8
2011-09-19,10.4,10.01,10.4,10.0,35655,36068628.0,3.84,-3.93,-0.41,0.63,51763510698.9
2011-09-20,10.0,10.08,10.12,9.96,20550,20629711.0,1.6,0.7,0.07,0.37,52125493291.2
2011-09-21,10.08,10.39,10.42,9.99,42534,43833238.0,4.27,3.08,0.31,0.76,53728559057.100006
2011-09-22,10.31,9.9,10.31,9.89,56267,56711452.0,4.04,-4.72,-0.49,1.0,51194680911.0
2011-09-23,9.7,9.66,9.75,9.55,42024,40504439.0,2.02,-2.42,-0.24,0.75,49953597737.4
2011-09-26,9.65,9.37,9.72,9.31,27731,26429136.0,4.24,-3.0,-0.29,0.49,48453955569.299995
2011-09-27,9.5,9.47,9.58,9.37,24018,22751630.0,2.24,1.07,0.1,0.43,48971073558.3
2011-09-28,9.56,9.31,9.59,9.25,23167,21812755.0,3.59,-1.69,-0.16,0.41,48143684775.9
2011-09-29,9.3,9.13,9.35,9.07,26795,24676034.0,3.01,-1.93,-0.18,0.48,47212872395.700005
2011-09-30,9.14,9.18,9.21,8.99,26061,23676662.0,2.41,0.55,0.05,0.46,47471431390.2
2011-10-10,9.16,9.08,9.22,9.04,21671,19778129.0,1.96,-1.09,-0.1,0.39,46954313401.2
2011-10-11,9.41,9.2,9.46,9.12,33109,30755223.0,3.74,1.32,0.12,0.59,47574854988.0
2011-10-12,9.12,9.53,9.6,9.11,41367,38957606.0,5.33,3.59,0.33,0.74,49281344351.7
2011-10-13,9.51,9.58,9.71,9.46,33619,32248457.0,2.62,0.52,0.05,0.6,49539903346.2
2011-10-14,9.6,9.52,9.62,9.43,21725,20635448.0,1.98,-0.63,-0.06,0.39,49229632552.799995
2011-10-17,9.51,9.48,9.66,9.44,22554,21494541.0,2.31,-0.42,-0.04,0.4,49022785357.200005
2011-10-18,9.42,9.09,9.47,9.08,25603,23742129.0,4.11,-4.11,-0.39,0.46,47006025200.1
2011-10-19,9.15,8.88,9.19,8.82,30816,27766379.0,4.07,-2.31,-0.21,0.55,45920077423.200005
2011-10-20,8.88,8.29,8.95,8.19,56134,47466701.0,8.56,-6.64,-0.59,1.0,42869081288.1
2011-10-21,8.31,8.28,8.37,8.2,16955,14067325.0,2.05,-0.12,-0.01,0.3,42817369489.2
2011-10-24,8.38,8.4,8.4,7.97,42253,34747700.0,5.19,1.45,0.12,0.75,43437911076.0
2011-10-25,8.38,8.66,8.76,8.35,47497,40780732.0,4.88,3.1,0.26,0.84,44782417847.4
2011-10-26,8.6,8.81,8.93,8.51,57118,50251053.0,4.85,1.73,0.15,1.02,45558094830.9
2011-10-27,8.84,8.83,9.02,8.79,45806,40633298.0,2.61,0.23,0.02,0.81,45661518428.7
2011-10-28,8.92,9.0,9.13,8.87,58368,52487090.0,2.94,1.93,0.17,1.04,46540619010.0
2011-10-31,9.06,9.08,9.15,9.0,35217,31924466.0,1.67,0.89,0.08,0.63,46954313401.2
2011-11-01,8.97,9.44,9.45,8.92,97163,89575926.0,5.84,3.96,0.36,1.73,48815938161.6
2011-11-02,9.28,9.57,9.66,9.21,99353,94064937.0,4.77,1.38,0.13,1.77,49488191547.3
2011-11-03,9.55,9.59,9.64,9.43,76866,73438737.0,2.19,0.21,0.02,1.37,49591615145.1
2011-11-04,9.61,9.68,9.75,9.44,69923,67090906.0,3.23,0.94,0.09,1.24,50057021335.2
2011-11-07,9.64,9.42,9.67,9.41,50859,48525625.0,2.69,-2.69,-0.26,0.9,48712514563.8
2011-11-08,9.36,9.27,9.48,9.26,30929,28935602.0,2.34,-1.59,-0.15,0.55,47936837580.299995
2011-11-09,9.35,9.56,9.57,9.22,46800,44213378.0,3.78,3.13,0.29,0.83,49436479748.4
2011-11-10,9.42,9.38,9.54,9.37,33686,31824792.0,1.78,-1.88,-0.18,0.6,48505667368.200005
2011-11-11,9.45,9.38,9.53,9.32,25015,23558673.0,2.24,0.0,0.0,0.45,48505667368.200005
2011-11-14,9.53,9.61,9.63,9.45,34719,33256711.0,1.92,2.45,0.23,0.62,49695038742.899994
2011-11-15,9.59,9.64,9.72,9.58,38057,36748717.0,1.46,0.31,0.03,0.68,49850174139.600006
2011-11-16,9.65,9.3,9.67,9.16,41828,39231292.0,5.29,-3.53,-0.34,0.74,48091972977.0
2011-11-17,9.3,9.24,9.37,9.22,22244,20647365.0,1.61,-0.65,-0.06,0.4,47781702183.6
2011-11-18,9.17,8.73,9.22,8.69,44582,39800931.0,5.74,-5.52,-0.51,0.79,45144400439.700005
2011-11-21,8.78,8.82,8.84,8.7,16706,14654638.0,1.6,1.03,0.09,0.3,45609806629.8
2011-11-22,8.73,9.06,9.09,8.6,27313,24159433.0,5.56,2.72,0.24,0.49,46850889803.4
2011-11-23,9.04,9.09,9.18,8.93,19363,17507789.0,2.76,0.33,0.03,0.34,47006025200.1
2011-11-24,9.0,9.05,9.16,8.86,20620,18628814.0,3.3,-0.44,-0.04,0.37,46799178004.5
2011-11-25,9.03,8.96,9.13,8.88,12697,11433711.0,2.76,-0.99,-0.09,0.23,46333771814.4
2011-11-28,8.96,8.87,9.0,8.82,11095,9871161.0,2.01,-1.0,-0.09,0.2,45868365624.299995
2011-11-29,8.98,8.98,9.02,8.83,24204,21631522.0,2.14,1.24,0.11,0.43,46437195412.200005
2011-11-30,8.99,8.38,8.99,8.3,32991,28387000.0,7.68,-6.68,-0.6,0.59,43334487478.200005
2011-12-01,8.72,8.55,8.78,8.54,27015,23392879.0,2.86,2.03,0.17,0.48,44213588059.5
2011-12-02,8.55,8.44,8.63,8.36,17218,14633699.0,3.16,-1.29,-0.11,0.31,43644758271.6
2011-12-05,8.44,8.15,8.49,8.05,16624,13734724.0,5.21,-3.44,-0.29,0.3,42145116103.5
2011-12-06,8.23,8.05,8.23,7.86,21542,17252862.0,4.54,-1.23,-0.1,0.38,41627998114.5
2011-12-07,8.06,8.06,8.15,7.91,11794,9513350.0,2.98,0.12,0.01,0.21,41679709913.4
2011-12-08,8.06,8.1,8.15,7.93,15638,12614627.0,2.73,0.5,0.04,0.28,41886557109.0
2011-12-09,8.08,8.04,8.13,7.95,15399,12395799.0,2.22,-0.74,-0.06,0.27,41576286315.6
2011-12-12,7.97,7.9,8.04,7.85,11840,9432579.0,2.36,-1.74,-0.14,0.21,40852321131.0
2011-12-13,7.88,7.53,7.88,7.47,27714,21166218.0,5.19,-4.68,-0.37,0.49,38938984571.700005
2011-12-14,7.56,7.18,7.57,7.12,31227,22920604.0,5.98,-4.65,-0.35,0.56,37129071610.2
2011-12-15,7.18,6.99,7.24,6.98,34177,24339404.0,3.62,-2.65,-0.19,0.61,36146547431.1
2011-12-16,7.03,7.36,7.38,7.03,30071,21564020.0,5.01,5.29,0.37,0.53,38059883990.4
2011-12-19,7.28,7.51,7.56,7.15,35172,25919042.0,5.57,2.04,0.15,0.63,38835560973.9
2011-12-20,7.45,7.44,7.66,7.38,20002,15051078.0,3.73,-0.93,-0.07,0.36,38473578381.6
2011-12-21,7.53,7.17,7.58,7.16,18572,13761231.0,5.65,-3.63,-0.27,0.33,37077359811.3
2011-12-22,7.17,7.29,7.42,6.99,26542,19057112.0,6.0,1.67,0.12,0.47,37697901398.1
2011-12-23,7.28,7.58,7.72,7.26,48787,36922246.0,6.31,3.98,0.29,0.87,39197543566.2
2011-12-26,7.56,7.72,7.78,7.48,34917,26787508.0,3.96,1.85,0.14,0.62,39921508750.799995
2011-12-27,7.68,7.5,7.7,7.45,27029,20383295.0,3.24,-2.85,-0.22,0.48,38783849175.0
2011-12-28,7.44,7.72,7.77,7.34,39335,29810087.0,5.73,2.93,0.22,0.7,39921508750.799995
2011-12-29,7.65,7.67,7.75,7.61,22264,17113764.0,1.81,-0.65,-0.05,0.4,39662949756.3
2011-12-30,7.68,7.84,7.88,7.65,31341,24416463.0,3.0,2.22,0.17,0.56,40542050337.6
2012-01-04,7.94,7.67,7.94,7.65,23385,18306889.0,3.7,-2.17,-0.17,0.42,39662949756.3
2012-01-05,7.65,7.33,7.69,7.3,29613,22116923.0,5.08,-4.43,-0.34,0.53,37904748593.7
2012-01-06,7.3,7.46,7.5,7.2,17537,12865073.0,4.09,1.77,0.13,0.31,38577001979.4
2012-01-09,7.4,7.9,7.93,7.37,30322,23484206.0,7.51,5.9,0.44,0.54,40852321131.0
2012-01-10,7.87,8.35,8.46,7.85,69998,57684486.0,7.72,5.7,0.45,1.25,43179352081.5
2012-01-11,8.36,8.4,8.54,8.22,49261,41347225.0,3.83,0.6,0.05,0.88,43437911076.0
2012-01-12,8.36,8.38,8.56,8.35,26477,22337893.0,2.5,-0.24,-0.02,0.47,43334487478.200005
2012-01-13,8.38,8.17,8.5,8.03,38536,31665162.0,5.61,-2.51,-0.21,0.69,42248539701.3
2012-01-16,8.13,7.92,8.18,7.87,23841,19102832.0,3.79,-3.06,-0.25,0.42,40955744728.8
2012-01-17,7.91,8.45,8.46,7.9,32995,27237109.0,7.07,6.69,0.53,0.59,43696470070.5
2012-01-18,8.53,8.28,8.55,8.18,27183,22822342.0,4.38,-2.01,-0.17,0.48,42817369489.2
2012-01-19,8.26,8.31,8.39,8.2,19934,16534398.0,2.29,0.36,0.03,0.35,42972504885.9
2012-01-20,8.31,8.44,8.49,8.28,24196,20280598.0,2.53,1.56,0.13,0.43,43644758271.6
2012-01-30,8.44,8.28,8.52,8.28,32698,27469528.0,2.84,-1.9,-0.16,0.58,42817369489.2
2012-01-31,8.25,8.2,8.32,8.08,18997,15506867.0,2.9,-0.97,-0.08,0.34,42403675098.0
2012-02-01,8.15,8.1,8.26,8.08,17588,14327580.0,2.2,-1.22,-0.1,0.31,41886557109.0
2012-02-02,8.13,8.26,8.29,8.1,16149,13194547.0,2.35,1.98,0.16,0.29,42713945891.4
2012-02-03,8.26,8.53,8.54,8.22,39746,33522511.0,3.87,3.27,0.27,0.71,44110164461.7
2012-02-06,8.55,8.5,8.58,8.37,39426,33342200.0,2.46,-0.35,-0.03,0.7,43955029065.0
2012-02-07,8.43,8.29,8.43,8.19,24934,20704684.0,2.82,-2.47,-0.21,0.44,42869081288.1
2012-02-08,8.26,8.53,8.55,8.26,33970,28628478.0,3.5,2.9,0.24,0.6,44110164461.7
2012-02-09,8.56,8.72,8.94,8.52,84038,73898385.0,4.92,2.23,0.19,1.49,45092688640.8
2012-02-10,8.74,8.7,8.95,8.53,57615,50338986.0,4.82,-0.23,-0.02,1.02,44989265043.0
2012-02-13,8.55,8.71,8.77,8.48,38076,32952938.0,3.33,0.11,0.01,0.68,45040976841.9
2012-02-14,8.7,9.26,9.58,8.62,212824,198508519.0,11.02,6.31,0.55,3.79,47885125781.4
2012-02-15,9.19,9.4,9.45,9.0,150922,139408546.0,4.86,1.51,0.14,2.68,48609090966.0
2012-02-16,9.37,9.26,9.41,9.17,58014,53791133.0,2.55,-1.49,-0.14,1.03,47885125781.4
2012-02-17,9.28,9.27,9.45,9.23,40318,37614943.0,2.38,0.11,0.01,0.72,47936837580.299995
2012-02-20,9.41,9.32,9.58,9.3,86810,82214433.0,3.02,0.54,0.05,1.54,48195396574.8
2012-02-21,9.31,9.38,9.43,9.06,45625,42083925.0,3.97,0.64,0.06,0.81,48505667368.200005
2012-02-22,9.48,9.54,9.58,9.35,68144,64602391.0,2.45,1.71,0.16,1.21,49333056150.6
2012-02-23,9.55,9.5,9.64,9.4,50325,47814821.0,2.52,-0.42,-0.04,0.9,49126208955.0
2012-02-24,9.5,9.72,9.86,9.41,81026,78243126.0,4.74,2.32,0.22,1.44,50263868530.8
2012-02-27,9.8,9.95,10.16,9.72,123437,123413019.0,4.53,2.37,0.23,2.2,51453239905.5
2012-02-28,9.89,9.89,9.94,9.73,54536,53608615.0,2.11,-0.6,-0.06,0.97,51142969112.100006
2012-02-29,9.81,9.68,9.85,9.66,44229,43102821.0,1.92,-2.12,-0.21,0.79,50057021335.2
2012-03-01,9.65,9.75,9.88,9.63,66647,65071660.0,2.58,0.72,0.07,1.19,50419003927.5
2012-03-02,9.81,9.89,9.89,9.65,88487,86433168.0,2.46,1.44,0.14,1.57,51142969112.100006
2012-03-05,9.87,9.95,10.13,9.85,81174,81321104.0,2.83,0.61,0.06,1.44,51453239905.5
2012-03-06,9.89,9.77,9.95,9.71,59771,58582279.0,2.41,-1.81,-0.18,1.06,50522427525.299995
2012-03-07,9.68,9.98,10.11,9.58,79389,78909680.0,5.42,2.15,0.21,1.41,51608375302.200005
2012-03-08,10.0,10.41,10.54,9.97,102086,105624358.0,5.71,4.31,0.43,1.82,53831982654.9
2012-03-09,10.38,10.91,11.0,10.35,151437,163353020.0,6.24,4.8,0.5,2.69,56417572599.9
2012-03-12,10.81,11.02,11.11,10.81,88196,97020409.0,2.75,1.01,0.11,1.57,56986402387.799995
2012-03-13,11.0,10.97,11.02,10.79,49455,53818486.0,2.09,-0.45,-0.05,0.88,56727843393.3
2012-03-14,11.05,10.28,11.2,10.04,123072,131345334.0,10.57,-6.29,-0.69,2.19,53159729269.2
2012-03-15,10.16,10.32,10.55,10.16,113348,117099962.0,3.79,0.39,0.04,2.02,53366576464.8
2012-03-16,10.37,11.11,11.2,10.37,133715,143451812.0,8.04,7.66,0.79,2.38,57451808577.899994
2012-03-19,11.06,11.2,11.4,10.88,88935,99138546.0,4.68,0.81,0.09,1.58,57917214768.0
2012-03-20,11.15,11.06,11.2,10.9,68858,76093132.0,2.68,-1.25,-0.14,1.22,57193249583.4
2012-03-21,11.05,11.08,11.18,10.64,73282,80235090.0,4.88,0.18,0.02,1.3,57296673181.2
2012-03-22,11.02,10.69,11.02,10.66,51766,55978082.0,3.25,-3.52,-0.39,0.92,55279913024.1
2012-03-23,10.55,10.33,10.68,10.2,58153,60665038.0,4.49,-3.37,-0.36,1.03,53418288263.7
2012-03-26,10.3,10.43,10.54,10.22,29634,30727648.0,3.1,0.97,0.1,0.53,53935406252.7
2012-03-27,10.43,10.53,10.76,10.43,43819,46554400.0,3.16,0.96,0.1,0.78,54452524241.7
2012-03-28,10.53,10.0,10.53,9.96,51077,52326389.0,5.41,-5.03,-0.53,0.91,51711798900.0
2012-03-29,9.9,9.94,10.08,9.5,114878,111900779.0,5.8,-0.6,-0.06,2.04,51401528106.6
2012-03-30,9.85,9.99,10.17,9.85,56722,56817377.0,3.22,0.5,0.05,1.01,51660087101.1
2012-04-05,10.03,10.24,10.32,9.8,33125,33581978.0,5.21,2.5,0.25,0.59,52952882073.6
2012-04-06,10.13,9.86,10.22,9.69,90559,89824719.0,5.18,-3.71,-0.38,1.61,50987833715.399994
2012-04-09,9.82,9.63,9.94,9.6,37136,36227828.0,3.45,-2.33,-0.23,0.66,49798462340.700005
2012-04-10,9.6,9.87,9.88,9.38,67399,64843175.0,5.19,2.49,0.24,1.2,51039545514.299995
2012-04-11,9.68,10.01,10.19,9.6,94836,94455580.0,5.98,1.42,0.14,1.69,51763510698.9
2012-04-12,10.05,10.43,10.48,9.91,171569,174790838.0,5.69,4.2,0.42,3.05,53935406252.7
2012-04-13,10.49,10.4,10.57,10.35,97875,102315857.0,2.11,-0.29,-0.03,1.74,53780270856.0
2012-04-16,10.38,10.48,10.65,10.14,88225,92528694.0,4.9,0.77,0.08,1.57,54193965247.200005
2012-04-17,10.48,9.97,10.52,9.92,102858,104551718.0,5.73,-4.87,-0.51,1.83,51556663503.3
2012-04-18,10.01,10.46,10.48,9.95,93388,95839156.0,5.32,4.91,0.49,1.66,54090541649.4
2012-04-19,10.41,10.59,10.65,10.21,93165,97369838.0,4.21,1.24,0.13,1.66,54762795035.1
2012-04-20,10.5,11.47,11.64,10.45,362947,408185696.0,11.24,8.31,0.88,6.46,59313433338.3
2012-04-23,11.45,11.91,12.22,11.45,409743,487660320.0,6.71,3.84,0.44,7.29,61588752489.9
2012-04-24,11.71,11.95,12.15,11.21,241544,282732624.0,7.89,0.34,0.04,4.3,61795599685.5
2012-04-25,11.88,12.41,12.56,11.72,376455,462151712.0,7.03,3.85,0.46,6.7,64174342434.9
2012-04-26,12.32,12.21,12.4,11.98,178426,217196547.0,3.38,-1.61,-0.2,3.17,63140106456.9
2012-04-27,12.1,11.9,12.18,11.71,133599,159407144.0,3.85,-2.54,-0.31,2.38,61537040691.0
2012-05-02,12.11,11.99,12.41,11.98,169892,207170967.0,3.61,0.76,0.09,3.02,62002446881.1
2012-05-03,12.08,12.12,12.35,11.79,129935,156812696.0,4.67,1.08,0.13,2.31,62674700266.799995
2012-05-04,12.03,11.91,12.07,11.63,114872,136358498.0,3.63,-1.73,-0.21,2.04,61588752489.9
2012-05-07,11.85,12.02,12.19,11.8,123519,148605562.0,3.27,0.92,0.11,2.2,62157582277.799995
2012-05-08,11.96,12.06,12.23,11.91,117663,142510394.0,2.66,0.33,0.04,2.09,62364429473.4
2012-05-09,11.9,11.48,11.91,11.41,129785,150680179.0,4.15,-4.81,-0.58,2.31,59365145137.200005
2012-05-10,11.41,11.46,11.55,11.18,88063,99813034.0,3.22,-0.17,-0.02,1.57,59261721539.4
2012-05-14,11.49,11.38,11.71,11.25,89246,102535469.0,4.01,-0.7,-0.08,1.59,58848027148.200005
2012-05-15,11.17,11.35,11.39,10.98,91310,101683772.0,3.6,-0.26,-0.03,1.62,58692891751.5
2012-05-16,11.26,11.25,11.47,11.12,59413,67145678.0,3.08,-0.88,-0.1,1.06,58175773762.5
2012-05-17,11.2,11.44,11.54,11.07,83111,94349298.0,4.18,1.69,0.19,1.48,59158297941.6
2012-05-18,11.31,11.13,11.46,11.05,54623,61267213.0,3.58,-2.71,-0.31,0.97,57555232175.700005
2012-05-21,11.1,10.84,11.17,10.7,53370,57933488.0,4.22,-2.61,-0.29,0.95,56055590007.6
2012-05-22,10.89,10.93,10.96,10.77,41969,45675854.0,1.75,0.83,0.09,0.75,56520996197.7
2012-05-23,10.98,11.11,11.26,10.86,76901,85200962.0,3.66,1.65,0.18,1.37,57451808577.899994
2012-05-24,11.08,10.87,11.14,10.77,57411,62591944.0,3.33,-2.16,-0.24,1.02,56210725404.299995
2012-05-25,10.83,10.35,10.9,10.2,109801,115532412.0,6.44,-4.78,-0.52,1.95,53521711861.5
2012-05-28,10.3,10.37,10.4,10.01,90588,92158456.0,3.77,0.19,0.02,1.61,53625135459.299995
2012-05-29,10.39,10.77,10.92,10.33,150241,160882521.0,5.69,3.86,0.4,2.67,55693607415.299995
2012-05-30,10.77,10.81,10.89,10.66,48046,51849332.0,2.14,0.37,0.04,0.85,55900454610.9
2012-05-31,10.65,10.74,10.83,10.56,51916,55652277.0,2.5,-0.65,-0.07,0.92,55538472018.6
2012-06-01,10.75,10.9,10.93,10.69,41191,44558722.0,2.23,1.49,0.16,0.73,56365860801.0
2012-06-04,10.66,10.26,10.75,10.25,50034,52351610.0,4.59,-5.87,-0.64,0.89,53056305671.4
2012-06-05,10.3,10.17,10.41,10.11,36591,37402157.0,2.92,-0.88,-0.09,0.65,52590899481.3
2012-06-06,10.28,10.27,10.43,10.14,61123,62946785.0,2.85,0.98,0.1,1.09,53108017470.299995
2012-06-07,10.39,10.44,10.54,10.14,38776,40316491.0,3.89,1.66,0.17,0.69,53987118051.6
2012-06-08,10.55,10.36,10.74,10.3,68856,72822668.0,4.21,-0.77,-0.08,1.22,53573423660.399994
2012-06-11,10.41,10.72,10.78,10.41,94375,100384695.0,3.57,3.47,0.36,1.68,55435048420.8
2012-06-12,10.65,10.77,10.87,10.55,54536,58637042.0,2.99,0.47,0.05,0.97,55693607415.299995
2012-06-13,10.87,10.94,10.97,10.65,75409,81968747.0,2.97,1.58,0.17,1.34,56572707996.6
2012-06-14,10.89,10.69,10.89,10.65,37174,39977759.0,2.19,-2.29,-0.25,0.66,55279913024.1
2012-06-15,10.69,10.44,10.83,10.28,51744,54363718.0,5.14,-2.34,-0.25,0.92,53987118051.6
2012-06-18,10.51,10.48,10.62,10.43,31304,32882001.0,1.82,0.38,0.04,0.56,54193965247.200005
2012-06-19,10.36,10.42,10.47,10.22,38424,39605831.0,2.39,-0.57,-0.06,0.68,53883694453.8
2012-06-20,10.38,10.2,10.44,10.06,48705,49713901.0,3.65,-2.11,-0.22,0.87,52746034878.0
2012-06-21,10.16,9.87,10.2,9.85,40977,40775769.0,3.43,-3.24,-0.33,0.73,51039545514.299995
2012-06-25,9.83,9.38,9.88,9.37,41143,39384122.0,5.17,-4.96,-0.49,0.73,48505667368.200005
2012-06-26,9.3,9.33,9.4,9.03,34976,32469116.0,3.94,-0.53,-0.05,0.62,48247108373.7
2012-06-27,9.42,8.96,9.42,8.9,53640,49199414.0,5.57,-3.97,-0.37,0.95,46333771814.4
2012-06-28,9.04,8.74,9.05,8.72,64159,57100211.0,3.68,-2.46,-0.22,1.14,45196112238.6
2012-06-29,8.67,8.91,8.96,8.49,83079,72091583.0,5.38,1.95,0.17,1.48,46075212819.9
2012-07-02,8.9,8.62,8.98,8.38,132920,114864638.0,6.73,-3.25,-0.29,2.36,44575570651.799995
2012-07-03,8.55,8.61,8.71,8.48,51202,44113167.0,2.67,-0.12,-0.01,0.91,44523858852.899994
2012-07-04,7.16,7.05,7.18,7.02,21394,15132223.0,1.86,-18.12,-1.56,0.32,36456818224.5
2012-07-05,7.0,6.51,7.02,6.35,119817,78563593.0,9.5,-7.66,-0.54,1.78,33664381083.899998
2012-07-06,6.51,6.69,6.7,6.4,53755,35237452.0,4.61,2.76,0.18,0.8,34595193464.1
2012-07-09,6.62,6.15,6.67,6.1,90562,57489535.0,8.52,-8.07,-0.54,1.34,31802756323.5
2012-07-10,6.13,6.14,6.25,6.09,57376,35422242.0,2.6,-0.16,-0.01,0.85,31751044524.6
2012-07-11,6.13,6.21,6.26,6.13,61535,38110487.0,2.12,1.14,0.07,0.91,32113027116.9
2012-07-12,6.22,6.32,6.37,6.04,114438,70706178.0,5.31,1.77,0.11,1.7,32681856904.800003
2012-07-13,6.26,6.26,6.4,6.18,66190,41673328.0,3.48,-0.95,-0.06,0.98,32371586111.399998
2012-07-16,6.28,6.02,6.29,5.98,78815,48297885.0,4.95,-3.83,-0.24,1.17,31130502937.8
2012-07-17,6.0,6.12,6.17,5.95,72901,44301036.0,3.65,1.66,0.1,1.08,31647620926.8
2012-07-18,6.07,6.47,6.5,6.02,126839,79504336.0,7.84,5.72,0.35,1.88,33457533888.3
2012-07-19,6.44,6.7,6.88,6.4,168958,112499572.0,7.42,3.55,0.23,2.5,34646905263.0
2012-07-20,6.64,6.55,6.68,6.46,97065,63642135.0,3.28,-2.24,-0.15,1.44,33871228279.5
2012-07-23,6.46,6.45,6.51,6.35,51185,32966408.0,2.44,-1.53,-0.1,0.76,33354110290.5
2012-07-24,6.4,6.59,6.65,6.31,55336,36192781.0,5.27,2.17,0.14,0.82,34078075475.1
2012-07-25,6.58,6.43,6.63,6.4,43697,28344881.0,3.49,-2.43,-0.16,0.65,33250686692.699997
2012-07-26,6.43,6.27,6.48,6.26,43343,27595169.0,3.42,-2.49,-0.16,0.64,32423297910.3
2012-07-27,6.3,6.32,6.45,6.19,49626,31445413.0,4.15,0.8,0.05,0.74,32681856904.800003
2012-07-30,6.32,6.1,6.36,6.05,58489,35992241.0,4.91,-3.48,-0.22,0.87,31544197329.0
2012-07-31,6.1,5.96,6.1,5.92,71992,43135952.0,2.95,-2.3,-0.14,1.07,30820232144.4
2012-08-01,5.96,6.12,6.15,5.95,44082,26798430.0,3.36,2.68,0.16,0.65,31647620926.8
2012-08-02,6.15,6.1,6.2,6.06,37476,22940505.0,2.29,-0.33,-0.02,0.56,31544197329.0
2012-08-03,6.12,6.21,6.22,6.08,43623,26903539.0,2.3,1.8,0.11,0.65,32113027116.9
2012-08-06,6.22,6.42,6.45,6.15,71438,45348404.0,4.83,3.38,0.21,1.06,33198974893.8
2012-08-07,6.42,6.47,6.53,6.34,63102,40632597.0,2.96,0.78,0.05,0.94,33457533888.3
2012-08-08,6.47,6.57,6.67,6.38,83927,54668473.0,4.48,1.55,0.1,1.24,33974651877.300003
2012-08-09,6.52,6.56,6.59,6.39,90260,58666277.0,3.04,-0.15,-0.01,1.34,33922940078.399998
2012-08-10,6.56,6.45,6.58,6.44,56413,36658376.0,2.13,-1.68,-0.11,0.84,33354110290.5
2012-08-13,6.42,6.2,6.46,6.16,77174,48501877.0,4.65,-3.88,-0.25,1.14,32061315318.0
2012-08-14,6.19,6.2,6.22,6.0,55078,33625159.0,3.55,0.0,0.0,0.82,32061315318.0
2012-08-15,6.19,6.11,6.19,6.05,32899,20130001.0,2.26,-1.45,-0.09,0.49,31595909127.9
2012-08-16,6.14,6.15,6.2,6.06,34112,20941333.0,2.29,0.65,0.04,0.51,31802756323.5
2012-08-17,6.16,6.26,6.27,6.11,42073,26015915.0,2.6,1.79,0.11,0.62,32371586111.399998
2012-08-20,6.18,6.21,6.26,6.1,32707,20151072.0,2.56,-0.8,-0.05,0.48,32113027116.9
2012-08-21,6.19,6.3,6.35,6.19,49093,30833939.0,2.58,1.45,0.09,0.73,32578433307.0
2012-08-22,6.33,6.17,6.33,6.16,43849,27353210.0,2.7,-2.06,-0.13,0.65,31906179921.3
2012-08-23,6.16,6.25,6.27,6.14,33542,20829190.0,2.11,1.3,0.08,0.5,32319874312.5
2012-08-24,6.24,6.2,6.39,6.19,61288,38561290.0,3.2,-0.8,-0.05,0.91,32061315318.0
2012-08-27,6.11,6.18,6.24,6.05,47149,28959131.0,3.06,-0.32,-0.02,0.7,31957891720.199997
2012-08-28,6.17,6.36,6.36,6.14,75168,47374984.0,3.56,2.91,0.18,1.11,32888704100.4
2012-08-29,6.35,6.26,6.46,6.25,60518,38533840.0,3.3,-1.57,-0.1,0.9,32371586111.399998
2012-08-30,6.25,6.43,6.44,6.07,82036,51504917.0,5.91,2.72,0.17,1.22,33250686692.699997
2012-08-31,6.38,6.35,6.43,6.29,53669,34136408.0,2.18,-1.24,-0.08,0.8,32836992301.5
2012-09-03,6.32,6.39,6.41,6.29,58189,37029121.0,1.89,0.63,0.04,0.86,33043839497.1
2012-09-04,6.35,6.26,6.39,6.21,53759,33715895.0,2.82,-2.03,-0.13,0.8,32371586111.399998
2012-09-05,6.23,6.21,6.28,6.13,37954,23537932.0,2.4,-0.8,-0.05,0.56,32113027116.9
2012-09-06,6.21,6.35,6.37,6.2,41951,26381249.0,2.74,2.25,0.14,0.62,32836992301.5
2012-09-07,6.41,6.62,6.73,6.37,171145,112512512.0,5.67,4.25,0.27,2.54,34233210871.8
2012-09-10,6.64,6.68,6.75,6.54,109117,72448884.0,3.17,0.91,0.06,1.62,34543481665.2
2012-09-11,6.62,6.64,6.72,6.56,64930,42954253.0,2.4,-0.6,-0.04,0.96,34336634469.6
2012-09-12,6.68,6.8,6.84,6.67,112631,76141000.0,2.56,2.41,0.16,1.67,35164023252.0
2012-09-13,6.9,6.58,6.99,6.56,129992,87997512.0,6.32,-3.24,-0.22,1.93,34026363676.2
2012-09-14,6.64,6.61,6.68,6.45,69633,45673138.0,3.5,0.46,0.03,1.03,34181499072.9
2012-09-17,6.57,6.33,6.66,6.32,56126,36573207.0,5.14,-4.24,-0.28,0.83,32733568703.7
2012-09-18,6.33,6.3,6.37,6.27,32394,20459839.0,1.58,-0.47,-0.03,0.48,32578433307.0
2012-09-19,6.35,6.31,6.37,6.25,30095,18981697.0,1.9,0.16,0.01,0.45,32630145105.899998
2012-09-20,6.31,6.04,6.31,5.98,71784,43999797.0,5.23,-4.28,-0.27,1.06,31233926535.6
2012-09-21,6.06,6.0,6.11,5.96,54770,33018273.0,2.48,-0.66,-0.04,0.81,31027079340.0
2012-09-24,5.99,5.97,6.04,5.78,54974,32459128.0,4.33,-0.5,-0.03,0.81,30871943943.3
2012-09-25,5.93,5.96,6.05,5.9,33897,20238027.0,2.51,-0.17,-0.01,0.5,30820232144.4
2012-09-26,5.92,5.96,6.1,5.78,45161,26663573.0,5.37,0.0,0.0,0.67,30820232144.4
2012-09-27,5.9,6.08,6.12,5.86,62125,37375032.0,4.36,2.01,0.12,0.92,31440773731.2
2012-09-28,6.02,6.16,6.18,6.01,50098,30641081.0,2.8,1.32,0.08,0.74,31854468122.4
2012-10-08,6.18,6.12,6.18,6.05,33834,20669053.0,2.11,-0.65,-0.04,0.5,31647620926.8
2012-10-09,6.13,6.36,6.43,6.13,67433,42299875.0,4.9,3.92,0.24,1.0,32888704100.4
2012-10-10,6.34,6.43,6.46,6.26,77140,49211624.0,3.14,1.1,0.07,1.14,33250686692.699997
2012-10-11,6.45,6.32,6.46,6.25,58830,37392125.0,3.27,-1.71,-0.11,0.87,32681856904.800003
2012-10-12,6.35,6.39,6.5,6.27,66884,42769341.0,3.64,1.11,0.07,0.99,33043839497.1
2012-10-15,6.34,6.29,6.38,6.22,27019,16936309.0,2.5,-1.56,-0.1,0.4,32526721508.1
2012-10-16,6.37,6.45,6.5,6.33,98324,63199837.0,2.7,2.54,0.16,1.46,33354110290.5
2012-10-17,6.45,6.37,6.47,6.33,44449,28414608.0,2.17,-1.24,-0.08,0.66,32940415899.3
2012-10-18,6.39,6.47,6.51,6.35,70113,45245176.0,2.51,1.57,0.1,1.04,33457533888.3
2012-10-19,6.44,6.42,6.53,6.41,39568,25594452.0,1.85,-0.77,-0.05,0.59,33198974893.8
2012-10-22,6.4,6.39,6.45,6.32,39246,25015371.0,2.02,-0.47,-0.03,0.58,33043839497.1
2012-10-23,6.39,6.42,6.49,6.37,46767,30012107.0,1.88,0.47,0.03,0.69,33198974893.8
2012-10-24,6.35,6.39,6.49,6.34,54340,34940327.0,2.34,-0.47,-0.03,0.81,33043839497.1
2012-10-25,6.4,6.43,6.57,6.37,89944,58305957.0,3.13,0.63,0.04,1.33,33250686692.699997
2012-10-26,6.4,6.19,6.44,6.09,68010,42332432.0,5.44,-3.73,-0.24,1.01,32009603519.100002
2012-10-29,6.19,6.13,6.19,6.04,39046,23831105.0,2.42,-0.97,-0.06,0.58,31699332725.7
2012-10-30,6.14,6.21,6.3,6.1,49176,30548600.0,3.26,1.31,0.08,0.73,32113027116.9
2012-10-31,6.18,6.24,6.38,6.12,48286,30168208.0,4.19,0.48,0.03,0.72,32268162513.600002
2012-11-01,6.24,6.36,6.4,6.22,71683,45389153.0,2.88,1.92,0.12,1.06,32888704100.4
2012-11-02,6.37,6.39,6.43,6.28,55780,35522588.0,2.36,0.47,0.03,0.83,33043839497.1
2012-11-05,6.38,6.53,6.63,6.33,146624,95593919.0,4.69,2.19,0.14,2.17,33767804681.7
2012-11-06,6.53,6.47,6.53,6.35,74030,47577763.0,2.76,-0.92,-0.06,1.1,33457533888.3
2012-11-07,6.45,6.4,6.49,6.37,52364,33564163.0,1.85,-1.08,-0.07,0.78,33095551296.0
2012-11-08,6.33,6.14,6.33,6.13,60963,37945784.0,3.13,-4.06,-0.26,0.9,31751044524.6
2012-11-09,6.11,6.16,6.2,6.1,39780,24454816.0,1.63,0.33,0.02,0.59,31854468122.4
2012-11-12,6.17,6.25,6.27,6.14,32836,20392236.0,2.11,1.46,0.09,0.49,32319874312.5
2012-11-13,6.23,6.21,6.23,6.09,37513,23135515.0,2.24,-0.64,-0.04,0.56,32113027116.9
2012-11-14,6.16,6.31,6.35,6.14,62527,39243664.0,3.38,1.61,0.1,0.93,32630145105.899998
2012-11-15,6.28,6.21,6.39,6.15,57664,36125188.0,3.8,-1.58,-0.1,0.85,32113027116.9
2012-11-16,6.19,6.16,6.2,5.98,46795,28423296.0,3.54,-0.81,-0.05,0.69,31854468122.4
2012-11-19,6.11,6.15,6.17,6.07,17874,10940033.0,1.62,-0.16,-0.01,0.26,31802756323.5
2012-11-20,6.18,6.18,6.23,6.09,38524,23708505.0,2.28,0.49,0.03,0.57,31957891720.199997
2012-11-21,6.17,6.22,6.25,6.08,29776,18408460.0,2.75,0.65,0.04,0.44,32164738915.8
2012-11-22,6.21,6.25,6.3,6.16,55086,34320466.0,2.25,0.48,0.03,0.82,32319874312.5
2012-11-23,6.31,6.34,6.4,6.26,86839,54946008.0,2.24,1.44,0.09,1.29,32785280502.6
2012-11-26,6.27,6.11,6.33,6.1,50058,30958677.0,3.63,-3.63,-0.23,0.74,31595909127.9
2012-11-27,6.09,5.88,6.15,5.87,49184,29448527.0,4.58,-3.76,-0.23,0.73,30406537753.2
2012-11-28,5.82,5.47,5.91,5.41,71079,40084133.0,8.5,-6.97,-0.41,1.05,28286353998.3
2012-11-29,5.51,5.46,5.54,5.42,31027,17040699.0,2.19,-0.18,-0.01,0.46,28234642199.4
2012-11-30,5.51,5.59,5.79,5.43,37010,20637002.0,6.59,2.38,0.13,0.55,28906895585.1
2012-12-03,5.65,5.42,5.65,5.29,68701,37304213.0,6.44,-3.04,-0.17,1.02,28027795003.8
2012-12-04,5.37,5.4,5.45,5.27,52386,28037881.0,3.32,-0.37,-0.02,0.78,27924371406.0
2012-12-05,5.4,5.62,5.69,5.36,94773,52948227.0,6.11,4.07,0.22,1.4,29062030981.8
2012-12-06,5.62,5.6,5.65,5.53,47513,26546323.0,2.14,-0.36,-0.02,0.7,28958607384.0
2012-12-07,5.55,5.84,5.87,5.55,109913,63342583.0,5.71,4.29,0.24,1.63,30199690557.6
2012-12-10,5.87,5.98,6.09,5.84,129571,77597285.0,4.28,2.4,0.14,1.92,30923655742.2
2012-12-11,5.96,5.95,6.11,5.91,84798,51226274.0,3.34,-0.5,-0.03,1.26,30768520345.5
2012-12-12,5.91,6.09,6.16,5.91,101747,61901560.0,4.2,2.35,0.14,1.51,31492485530.1
2012-12-13,6.17,6.03,6.18,5.96,112089,67989300.0,3.61,-0.99,-0.06,1.66,31182214736.7
2012-12-14,5.98,6.28,6.36,5.97,146730,91219156.0,6.47,4.15,0.25,2.18,32475009709.2
2012-12-17,6.33,6.35,6.56,6.28,137306,88049855.0,4.46,1.11,0.07,2.04,32836992301.5
2012-12-18,6.38,6.32,6.47,6.29,93158,59286725.0,2.83,-0.47,-0.03,1.38,32681856904.800003
2012-12-19,6.33,6.49,6.6,6.3,147216,95339236.0,4.75,2.69,0.17,2.18,33560957486.100002
2012-12-20,6.49,6.51,6.74,6.43,125949,82974651.0,4.78,0.31,0.02,1.87,33664381083.899998
2012-12-21,6.53,6.51,6.77,6.47,93114,61631006.0,4.61,0.0,0.0,1.38,33664381083.899998
2012-12-24,6.52,6.62,6.65,6.37,106707,69702799.0,4.3,1.69,0.11,1.58,34233210871.8
2012-12-25,6.61,6.9,7.08,6.57,203129,139547802.0,7.7,4.23,0.28,3.01,35681141241.0
2012-12-26,6.87,7.07,7.14,6.85,131863,92610717.0,4.2,2.46,0.17,1.95,36560241822.3
2012-12-27,7.05,6.93,7.13,6.89,105473,73404328.0,3.39,-1.98,-0.14,1.56,35836276637.7
2012-12-28,6.86,7.05,7.1,6.81,110865,77086068.0,4.18,1.73,0.12,1.64,36456818224.5
2012-12-31,7.03,7.3,7.36,7.0,169971,121627529.0,5.11,3.55,0.25,2.52,37749613197.0
2013-01-04,7.34,7.22,7.44,7.11,115059,83356013.0,4.52,-1.1,-0.08,1.71,37335918805.799995
2013-01-07,7.18,7.21,7.27,7.04,114346,81675903.0,3.19,-0.14,-0.01,1.7,37284207006.9
2013-01-08,7.21,7.03,7.21,6.95,158088,111097840.0,3.61,-2.5,-0.18,2.34,36353394626.700005
2013-01-09,7.02,6.92,7.06,6.85,107250,74426244.0,2.99,-1.56,-0.11,1.59,35784564838.8
2013-01-10,6.94,7.04,7.09,6.88,111650,78097725.0,3.03,1.73,0.12,1.66,36405106425.6
2013-01-11,7.03,6.76,7.03,6.74,105670,72472929.0,4.12,-3.98,-0.28,1.57,34957176056.4
2013-01-14,6.76,7.07,7.11,6.74,124889,87117914.0,5.47,4.59,0.31,1.85,36560241822.3
2013-01-15,7.09,7.2,7.37,7.06,115875,83747650.0,4.38,1.84,0.13,1.72,37232495208.0
2013-01-16,7.2,7.02,7.2,6.92,126754,89086464.0,3.89,-2.5,-0.18,1.88,36301682827.799995
2013-01-17,7.06,7.04,7.29,7.02,109252,78000345.0,3.85,0.28,0.02,1.62,36405106425.6
2013-01-18,7.06,7.17,7.23,6.97,91306,65013331.0,3.69,1.85,0.13,1.35,37077359811.3
2013-01-21,7.2,7.12,7.21,7.08,84512,60298010.0,1.81,-0.7,-0.05,1.25,36818800816.8
2013-01-22,7.12,6.96,7.17,6.89,99647,70193054.0,3.93,-2.25,-0.16,1.48,35991412034.4
2013-01-23,6.93,7.05,7.05,6.87,64273,44616118.0,2.59,1.29,0.09,0.95,36456818224.5
2013-01-24,7.02,6.81,7.14,6.75,87619,60668045.0,5.53,-3.4,-0.24,1.3,35215735050.9
2013-01-25,6.84,6.8,6.84,6.72,41978,28494885.0,1.76,-0.15,-0.01,0.62,35164023252.0
2013-01-28,6.78,6.84,6.85,6.68,131994,89004819.0,2.5,0.59,0.04,1.96,35370870447.6
2013-01-29,6.8,6.83,6.86,6.74,104627,71122246.0,1.75,-0.15,-0.01,1.55,35319158648.7
2013-01-30,6.82,6.7,6.87,6.6,135485,91176979.0,3.95,-1.9,-0.13,2.01,34646905263.0
2013-01-31,6.66,6.54,6.7,6.49,131768,86377923.0,3.13,-2.39,-0.16,1.95,33819516480.6
2013-02-01,6.54,6.77,6.78,6.5,118816,79128391.0,4.28,3.52,0.23,1.76,35008887855.299995
2013-02-04,6.83,7.03,7.15,6.8,297822,208709134.0,5.17,3.84,0.26,4.42,36353394626.700005
2013-02-05,6.91,7.02,7.05,6.86,94164,65627570.0,2.7,-0.14,-0.01,1.4,36301682827.799995
2013-02-06,7.06,7.06,7.2,6.97,112592,79767955.0,3.28,0.57,0.04,1.67,36508530023.4
2013-02-07,7.04,7.13,7.24,7.03,111254,79495652.0,2.97,0.99,0.07,1.65,36870512615.7
2013-02-08,7.13,7.24,7.25,7.1,110593,79602852.0,2.1,1.54,0.11,1.64,37439342403.6
2013-02-18,7.28,7.13,7.35,7.13,99070,71490115.0,3.04,-1.52,-0.11,1.47,36870512615.7
2013-02-19,7.11,6.88,7.12,6.79,99784,69210599.0,4.63,-3.51,-0.25,1.48,35577717643.2
2013-02-20,6.85,6.94,6.94,6.83,66280,45724184.0,1.6,0.87,0.06,0.98,35887988436.6
2013-02-21,6.89,6.68,6.89,6.66,67722,45745641.0,3.31,-3.75,-0.26,1.0,34543481665.2
2013-02-22,6.7,6.66,6.78,6.61,48820,32696198.0,2.54,-0.3,-0.02,0.72,34440058067.4
2013-02-25,6.68,6.75,6.78,6.67,39809,26755917.0,1.65,1.35,0.09,0.59,34905464257.5
2013-02-26,6.7,6.64,6.82,6.62,48770,32810391.0,2.96,-1.63,-0.11,0.72,34336634469.6
2013-02-27,6.74,6.73,6.75,6.64,36147,24225472.0,1.66,1.36,0.09,0.54,34802040659.700005
2013-02-28,6.75,6.88,6.92,6.68,68000,46379384.0,3.57,2.23,0.15,1.01,35577717643.2
2013-03-01,6.85,6.89,6.91,6.79,52549,35910021.0,1.74,0.15,0.01,0.78,35629429442.1
2013-03-04,6.78,6.4,6.78,6.31,111477,72530501.0,6.82,-7.11,-0.49,1.65,33095551296.0
2013-03-05,6.42,6.48,6.5,6.34,45189,29108208.0,2.5,1.25,0.08,0.67,33509245687.2
2013-03-06,6.51,6.52,6.54,6.43,70184,45536900.0,1.7,0.62,0.04,1.04,33716092882.8
2013-03-07,6.5,6.4,6.52,6.35,59331,38116557.0,2.61,-1.84,-0.12,0.88,33095551296.0
2013-03-08,6.41,6.36,6.44,6.33,33381,21316223.0,1.72,-0.63,-0.04,0.49,32888704100.4
2013-03-11,6.37,6.3,6.4,6.25,45060,28446137.0,2.36,-0.94,-0.06,0.67,32578433307.0
2013-03-12,6.33,6.08,6.33,5.98,90127,55333245.0,5.56,-3.49,-0.22,1.34,31440773731.2
2013-03-13,6.09,6.08,6.14,6.01,54821,33291185.0,2.14,0.0,0.0,0.81,31440773731.2
2013-03-14,6.06,6.07,6.15,6.04,35423,21598114.0,1.81,-0.16,-0.01,0.53,31389061932.300003
2013-03-15,6.06,6.05,6.22,6.0,66624,40730143.0,3.62,-0.33,-0.02,0.99,31285638334.5
2013-03-18,5.98,5.94,6.09,5.93,38570,23149309.0,2.64,-1.82,-0.11,0.57,30716808546.600002
2013-03-19,5.95,5.95,6.02,5.88,55198,32751666.0,2.36,0.17,0.01,0.82,30768520345.5
2013-03-20,5.96,6.23,6.23,5.93,95592,58430580.0,5.04,4.71,0.28,1.42,32216450714.7
2013-03-21,6.2,6.25,6.36,6.17,76243,47813995.0,3.05,0.32,0.02,1.13,32319874312.5
2013-03-22,6.24,6.25,6.31,6.15,60224,37449169.0,2.56,0.0,0.0,0.89,32319874312.5
2013-03-25,6.28,6.19,6.28,6.14,37946,23484369.0,2.24,-0.96,-0.06,0.56,32009603519.100002
2013-03-26,6.16,6.09,6.17,6.01,47363,28790529.0,2.58,-1.62,-0.1,0.7,31492485530.1
2013-03-27,6.07,6.07,6.17,6.06,35481,21645113.0,1.81,-0.33,-0.02,0.53,31389061932.300003
2013-03-28,6.03,5.83,6.03,5.81,57679,34085988.0,3.62,-3.95,-0.24,0.86,30147978758.7
2013-03-29,5.85,5.83,5.88,5.8,34931,20370000.0,1.37,0.0,0.0,0.52,30147978758.7
2013-04-01,5.82,5.9,5.94,5.81,22858,13478371.0,2.23,1.2,0.07,0.34,30509961351.0
2013-04-02,5.9,5.86,5.97,5.83,35675,21023186.0,2.37,-0.68,-0.04,0.53,30303114155.4
2013-04-03,5.86,6.04,6.1,5.79,112310,67162492.0,5.29,3.07,0.18,1.66,31233926535.6
2013-04-08,5.85,6.03,6.05,5.79,70607,41740103.0,4.3,-0.17,-0.01,1.05,31182214736.7
2013-04-09,6.03,6.05,6.11,5.98,39130,23640669.0,2.16,0.33,0.02,0.58,31285638334.5
2013-04-10,6.0,5.95,6.03,5.91,38185,22749493.0,1.98,-1.65,-0.1,0.57,30768520345.5
2013-04-11,5.98,6.01,6.11,5.97,54143,32793967.0,2.35,1.01,0.06,0.8,31078791138.899998
2013-04-12,5.98,5.9,6.04,5.9,24791,14769519.0,2.33,-1.83,-0.11,0.37,30509961351.0
2013-04-15,5.94,5.88,5.95,5.83,24485,14443828.0,2.03,-0.34,-0.02,0.31,30406537753.2
2013-04-16,5.83,6.0,6.0,5.82,24536,14536931.0,3.06,2.04,0.12,0.31,31027079340.0
2013-04-17,5.98,6.0,6.04,5.93,28261,16931684.0,1.83,0.0,0.0,0.36,31027079340.0
2013-04-18,5.98,6.03,6.05,5.94,21126,12705591.0,1.83,0.5,0.03,0.27,31182214736.7
2013-04-19,6.02,6.15,6.18,6.02,59540,36464369.0,2.65,1.99,0.12,0.75,31802756323.5
2013-04-22,6.11,6.11,6.14,6.06,32760,19963151.0,1.3,-0.65,-0.04,0.41,31595909127.9
2013-04-23,6.11,5.91,6.17,5.9,54196,32531594.0,4.42,-3.27,-0.2,0.69,30561673149.9
2013-04-24,5.91,5.97,6.0,5.88,63976,38042335.0,2.03,1.02,0.06,0.81,30871943943.3
2013-04-25,5.97,5.83,5.97,5.83,51992,30539265.0,2.35,-2.35,-0.14,0.66,30147978758.7
2013-04-26,5.84,5.84,5.91,5.81,31855,18645260.0,1.72,0.17,0.01,0.4,30199690557.6
2013-05-02,5.83,5.85,5.89,5.8,18882,11047980.0,1.54,0.17,0.01,0.24,30251402356.5
2013-05-03,5.87,6.0,6.05,5.86,45896,27503009.0,3.25,2.56,0.15,0.58,31027079340.0
2013-05-06,6.04,6.08,6.11,5.99,53490,32445921.0,2.0,1.33,0.08,0.68,31440773731.2
2013-05-07,6.09,6.08,6.1,6.01,43880,26572506.0,1.48,0.0,0.0,0.56,31440773731.2
2013-05-08,6.08,6.1,6.15,6.06,43319,26393896.0,1.48,0.33,0.02,0.55,31544197329.0
2013-05-09,6.1,6.02,6.1,5.95,44521,26748823.0,2.46,-1.31,-0.08,0.56,31130502937.8
2013-05-10,5.99,5.97,6.0,5.85,78414,46526686.0,2.49,-0.83,-0.05,0.99,30871943943.3
2013-05-13,5.96,5.87,5.97,5.79,106604,62358767.0,3.02,-1.68,-0.1,1.35,30354825954.3
2013-05-14,5.86,5.88,5.89,5.82,35932,21051925.0,1.19,0.17,0.01,0.45,30406537753.2
2013-05-15,5.88,5.91,5.91,5.85,28452,16735177.0,1.02,0.51,0.03,0.36,30561673149.9
2013-05-16,5.91,6.01,6.02,5.85,80829,48085151.0,2.88,1.69,0.1,1.02,31078791138.899998
2013-05-17,6.0,6.1,6.13,5.96,92971,56148742.0,2.83,1.5,0.09,1.18,31544197329.0
2013-05-20,6.1,6.16,6.2,6.07,102275,62769649.0,2.13,0.98,0.06,1.29,31854468122.4
2013-05-21,6.15,6.14,6.18,6.08,82277,50431738.0,1.62,-0.32,-0.02,1.04,31751044524.6
2013-05-22,6.11,6.21,6.27,6.11,124009,76927981.0,2.61,1.14,0.07,1.57,32113027116.9
2013-05-23,6.19,6.13,6.26,6.1,83297,51444780.0,2.58,-1.29,-0.08,1.05,31699332725.7
2013-05-24,6.13,6.15,6.17,6.03,73573,45011634.0,2.28,0.33,0.02,0.93,31802756323.5
2013-05-27,6.13,6.18,6.2,6.12,64551,39752537.0,1.3,0.49,0.03,0.82,31957891720.199997
2013-05-28,6.18,6.27,6.27,6.09,119482,73862746.0,2.91,1.46,0.09,1.51,32423297910.3
2013-05-29,6.33,6.37,6.48,6.32,175785,112627853.0,2.55,1.59,0.1,2.22,32940415899.3
2013-05-30,6.31,6.96,7.01,6.29,506075,344388528.0,11.3,9.26,0.59,6.4,35991412034.4
2013-05-31,6.9,6.88,7.01,6.78,224195,154335638.0,3.3,-1.15,-0.08,2.84,35577717643.2
2013-06-03,6.87,6.95,7.15,6.83,183428,128357996.0,4.65,1.02,0.07,2.32,35939700235.5
2013-06-04,6.94,7.03,7.06,6.73,247832,170856561.0,4.75,1.15,0.08,3.14,36353394626.700005
2013-06-05,7.0,6.85,7.15,6.76,206474,143965303.0,5.55,-2.56,-0.18,2.61,35422582246.5
2013-06-06,6.82,6.7,6.93,6.64,143662,97665279.0,4.23,-2.19,-0.15,1.82,34646905263.0
2013-06-07,6.74,6.54,6.75,6.51,130458,86184954.0,3.58,-2.39,-0.16,1.65,33819516480.6
2013-06-13,6.4,6.37,6.44,6.16,92459,58358595.0,4.28,-2.6,-0.17,1.17,32940415899.3
2013-06-14,6.41,6.44,6.48,6.3,248307,158419367.0,2.83,1.1,0.07,3.14,33302398491.600002
2013-06-17,6.5,6.31,6.65,6.29,245859,157050954.0,5.59,-2.02,-0.13,3.11,32630145105.899998
2013-06-18,6.3,6.31,6.35,6.21,107410,67526015.0,2.22,0.0,0.0,1.36,32630145105.899998
2013-06-19,6.13,6.05,6.13,5.92,68296,40995927.0,3.33,-4.12,-0.26,0.86,31285638334.5
2013-06-20,6.02,5.9,6.39,5.85,105766,64161266.0,8.93,-2.48,-0.15,1.34,30509961351.0
2013-06-21,5.91,5.96,5.97,5.73,97279,57091224.0,4.07,1.02,0.06,1.23,30820232144.4
2013-06-24,5.89,5.4,5.9,5.4,108894,61367945.0,8.39,-9.4,-0.56,1.38,27924371406.0
2013-06-25,5.36,5.36,5.49,4.98,90447,47794748.0,9.44,-0.74,-0.04,1.14,27717524210.4
2013-06-26,5.37,5.38,5.49,5.32,72446,39048257.0,3.17,0.37,0.02,0.92,27820947808.2
2013-06-27,5.42,5.25,5.46,5.22,95242,51031669.0,4.46,-2.42,-0.13,1.2,27148694422.5
2013-06-28,5.2,5.33,5.45,5.16,74243,39551704.0,5.52,1.52,0.08,0.94,27562388813.7
2013-07-01,5.39,5.38,5.4,5.28,42576,22752089.0,2.25,0.94,0.05,0.54,27820947808.2
2013-07-02,5.48,5.64,5.65,5.4,99114,54686180.0,4.65,4.83,0.26,1.25,29165454579.6
2013-07-03,5.62,5.55,5.71,5.44,99524,55460469.0,4.79,-1.6,-0.09,1.26,28700048389.5
2013-07-04,5.45,5.49,5.61,5.33,83831,45938078.0,5.05,-1.08,-0.06,1.06,28389777596.100002
2013-07-05,5.54,5.47,5.61,5.46,66113,36561968.0,2.73,-0.36,-0.02,0.84,28286353998.3
2013-07-08,5.43,5.54,5.71,5.35,130988,72845958.0,6.58,1.28,0.07,1.66,28648336590.6
2013-07-09,5.59,5.44,5.59,5.41,68386,37444153.0,3.25,-1.81,-0.1,0.87,28131218601.600002
2013-07-10,5.39,5.66,5.67,5.38,117299,65282401.0,5.33,4.04,0.22,1.48,29268878177.4
2013-07-11,5.6,5.81,5.93,5.53,169481,98140050.0,7.07,2.65,0.15,2.14,30044555160.899998
2013-07-12,5.79,5.69,5.86,5.66,104819,60371656.0,3.44,-2.07,-0.12,1.33,29424013574.100002
2013-07-15,5.73,5.76,5.82,5.67,60056,34531341.0,2.64,1.23,0.07,0.76,29785996166.399998
2013-07-16,5.77,5.75,5.78,5.64,62515,35683335.0,2.43,-0.17,-0.01,0.79,29734284367.5
2013-07-17,5.69,5.66,5.88,5.65,75735,43637483.0,4.0,-1.57,-0.09,0.96,29268878177.4
2013-07-18,5.68,5.52,5.73,5.47,61424,34285640.0,4.59,-2.47,-0.14,0.78,28544912992.8
2013-07-19,5.5,5.27,5.56,5.26,94034,50874952.0,5.43,-4.53,-0.25,1.19,27252118020.3
2013-07-22,5.28,5.35,5.36,5.21,44747,23641227.0,2.85,1.52,0.08,0.57,27665812411.5
2013-07-23,5.34,5.5,5.56,5.3,65597,36014259.0,4.86,2.8,0.15,0.83,28441489395.0
2013-07-24,5.5,5.5,5.57,5.43,68788,37780664.0,2.55,0.0,0.0,0.87,28441489395.0
2013-07-25,5.52,5.42,5.53,5.4,54624,29886590.0,2.36,-1.45,-0.08,0.69,28027795003.8
2013-07-26,5.42,5.57,5.63,5.4,80145,44410404.0,4.24,2.77,0.15,1.01,28803471987.300003
2013-07-29,5.53,5.38,5.53,5.35,51389,27863684.0,3.23,-3.41,-0.19,0.65,27820947808.2
2013-07-30,5.39,5.5,5.65,5.25,71064,38994254.0,7.43,2.23,0.12,0.9,28441489395.0
2013-07-31,5.5,5.54,5.61,5.5,44654,24745569.0,2.0,0.73,0.04,0.56,28648336590.6
2013-08-01,5.51,5.67,5.67,5.51,64254,36108204.0,2.89,2.35,0.13,0.81,29320589976.3
2013-08-02,5.68,5.81,5.91,5.66,141841,82372398.0,4.41,2.47,0.14,1.79,30044555160.899998
2013-08-05,5.82,5.86,5.89,5.76,55087,32180426.0,2.24,0.86,0.05,0.7,30303114155.4
2013-08-06,5.88,6.01,6.02,5.84,96730,57590202.0,3.07,2.56,0.15,1.22,31078791138.899998
2013-08-07,6.01,5.93,6.04,5.92,68321,40759669.0,2.0,-1.33,-0.08,0.86,30665096747.699997
2013-08-08,5.93,6.08,6.13,5.89,90725,54451701.0,4.05,2.53,0.15,1.15,31440773731.2
2013-08-09,6.04,6.21,6.28,6.04,145499,90115017.0,3.95,2.14,0.13,1.84,32113027116.9
2013-08-12,6.21,6.33,6.34,6.19,105602,66285005.0,2.42,1.93,0.12,1.34,32733568703.7
2013-08-13,6.34,6.3,6.36,6.19,112592,70648276.0,2.69,-0.47,-0.03,1.42,32578433307.0
2013-08-14,6.27,6.5,6.58,6.18,160180,102787811.0,6.35,3.17,0.2,2.03,33612669285.0
2013-08-15,6.46,6.44,6.64,6.4,164949,107811834.0,3.69,-0.92,-0.06,2.09,33302398491.600002
2013-08-16,6.38,6.36,6.64,6.34,138598,89763456.0,4.66,-1.24,-0.08,1.75,32888704100.4
2013-08-19,6.35,6.38,6.48,6.27,97038,62018342.0,3.3,0.31,0.02,1.23,32992127698.2
2013-08-20,6.37,6.43,6.53,6.33,65659,42336373.0,3.13,0.78,0.05,0.83,33250686692.699997
2013-08-21,6.48,6.43,6.65,6.42,139254,90729718.0,3.58,0.0,0.0,1.76,33250686692.699997
2013-08-22,6.4,6.41,6.56,6.37,58628,38075945.0,2.95,-0.31,-0.02,0.74,33147263094.9
2013-08-23,6.45,6.5,6.58,6.37,100875,65539502.0,3.28,1.4,0.09,1.28,33612669285.0
2013-08-26,6.53,6.88,6.97,6.53,137333,93967457.0,6.77,5.85,0.38,1.74,35577717643.2
2013-08-27,6.9,7.19,7.22,6.88,215735,153432087.0,4.94,4.51,0.31,2.73,37180783409.1
2013-08-28,7.15,7.14,7.26,7.06,114255,81680506.0,2.78,-0.7,-0.05,1.45,36922224414.6
2013-08-29,7.16,7.17,7.27,7.08,104616,74825569.0,2.66,0.42,0.03,1.32,37077359811.3
2013-08-30,7.23,7.59,7.75,7.23,234885,177053751.0,7.25,5.86,0.42,2.97,39249255365.1
2013-09-02,7.68,7.42,7.74,7.36,203745,153581416.0,5.01,-2.24,-0.17,2.58,38370154783.8
2013-09-03,7.33,7.29,7.4,6.94,249034,178102113.0,6.2,-1.75,-0.13,3.15,37697901398.1
2013-09-04,7.21,7.91,8.0,7.15,212330,161803910.0,11.66,8.5,0.62,2.69,40904032929.9
2013-09-05,7.76,7.75,8.04,7.63,141799,110812428.0,5.18,-2.02,-0.16,1.79,40076644147.5
2013-09-06,7.81,7.5,7.95,7.39,221110,166813523.0,7.23,-3.23,-0.25,2.8,38783849175.0
2013-09-25,7.8,8.25,8.25,7.66,420150,340445136.0,7.87,10.0,0.75,5.31,42662234092.5
2013-09-26,8.69,9.08,9.08,8.29,327876,282814176.0,9.58,10.06,0.83,4.15,46954313401.2
2013-09-27,9.29,9.1,9.36,8.72,257942,235092381.0,7.05,0.22,0.02,3.26,47057736999.0
2013-09-30,8.9,9.3,9.32,8.75,187996,170460933.0,6.26,2.2,0.2,2.38,48091972977.0
2013-10-08,9.23,9.96,10.02,9.15,219009,211890178.0,9.35,7.1,0.66,2.77,51504951704.4
2013-10-09,9.89,10.07,10.18,9.76,202926,203022802.0,4.22,1.1,0.11,2.57,52073781492.3
2013-10-10,10.06,10.0,10.26,9.71,209296,209670970.0,5.46,-0.7,-0.07,2.65,51711798900.0
2013-10-11,9.9,10.54,10.56,9.84,278967,285017120.0,7.2,5.4,0.54,3.53,54504236040.6
2013-10-14,10.49,10.99,11.21,10.35,253140,275702208.0,8.16,4.27,0.45,3.2,56831266991.1
2013-10-15,11.03,10.9,11.03,10.68,129462,139941949.0,3.18,-0.82,-0.09,1.64,56365860801.0
2013-10-16,10.89,10.66,10.97,10.0,139060,146614250.0,8.9,-2.2,-0.24,1.76,55124777627.4
2013-10-17,10.55,10.59,10.86,10.3,99899,105624431.0,5.25,-0.66,-0.07,1.26,54762795035.1
2013-10-18,10.55,11.02,11.09,10.41,193757,210075375.0,6.42,4.06,0.43,2.45,56986402387.799995
2013-10-21,11.0,11.13,11.25,10.82,129156,142589762.0,3.9,1.0,0.11,1.63,57555232175.700005
2013-10-22,11.01,10.84,11.26,10.42,267757,291988736.0,7.55,-2.61,-0.29,3.39,56055590007.6
2013-10-23,10.7,9.99,10.75,9.91,176759,180948763.0,7.75,-7.84,-0.85,2.24,51660087101.1
2013-10-24,9.88,9.8,9.99,9.6,88277,86532098.0,3.9,-1.9,-0.19,1.12,50677562922.0
2013-10-25,9.82,9.38,9.93,9.31,85467,80988852.0,6.33,-4.29,-0.42,1.08,48505667368.200005
2013-10-28,9.4,9.58,9.63,9.36,54336,51709892.0,2.88,2.13,0.2,0.69,49539903346.2
2013-10-29,9.6,9.42,9.63,8.88,88291,82172100.0,7.83,-1.67,-0.16,1.12,48712514563.8
2013-10-30,9.42,9.81,9.9,9.26,94321,90432059.0,6.79,4.14,0.39,1.19,50729274720.9
2013-10-31,9.73,9.88,9.95,9.57,116458,113691600.0,3.87,0.71,0.07,1.47,51091257313.200005
2013-11-01,9.83,9.79,9.88,9.41,84629,81636573.0,4.76,-0.91,-0.09,1.07,50625851123.1
2013-11-04,9.74,9.77,9.8,9.2,96584,92580936.0,6.13,-0.2,-0.02,1.22,50522427525.299995
2013-11-05,9.77,10.12,10.16,9.49,112335,111487416.0,6.86,3.58,0.35,1.42,52332340486.799995
2013-11-06,10.12,10.06,10.33,9.9,123720,126118643.0,4.25,-0.59,-0.06,1.57,52022069693.4
2013-11-07,10.09,10.09,10.24,9.93,105432,106474360.0,3.08,0.3,0.03,1.33,52177205090.1
2013-11-08,10.06,10.01,10.12,9.81,61286,61066794.0,3.07,-0.79,-0.08,0.78,51763510698.9
2013-11-11,10.01,10.09,10.12,9.85,107560,107991548.0,2.7,0.8,0.08,1.36,52177205090.1
2013-11-12,10.09,10.41,10.43,10.08,140113,144242971.0,3.47,3.17,0.32,1.77,53831982654.9
2013-11-13,10.42,10.13,10.46,10.05,95291,97286153.0,3.94,-2.69,-0.28,1.21,52384052285.700005
2013-11-14,10.25,10.38,10.53,10.09,144856,149619618.0,4.34,2.47,0.25,1.83,53676847258.200005
2013-11-15,10.37,10.75,10.82,10.29,147117,156413092.0,5.11,3.56,0.37,1.86,55590183817.5
2013-11-18,10.8,11.29,11.47,10.71,229034,255507931.0,7.07,5.02,0.54,2.9,58382620958.1
2013-11-19,11.29,11.26,11.44,11.1,107928,120870370.0,3.01,-0.27,-0.03,1.37,58227485561.4
2013-11-20,11.3,11.39,11.47,11.11,128528,144898372.0,3.2,1.15,0.13,1.63,58899738947.100006
2013-11-21,11.39,11.3,11.42,10.98,141878,159122327.0,3.86,-0.79,-0.09,1.79,58434332757.0
2013-11-22,11.32,11.35,11.64,11.06,159647,181488655.0,5.13,0.44,0.05,2.02,58692891751.5
2013-11-25,11.3,11.47,11.52,11.11,82706,94181698.0,3.61,1.06,0.12,1.05,59313433338.3
2013-11-26,11.46,11.46,11.61,11.33,75020,86191814.0,2.44,-0.09,-0.01,0.95,59261721539.4
2013-11-27,11.46,11.15,11.5,10.7,173071,191831665.0,6.98,-2.71,-0.31,2.19,57658655773.5
2013-11-28,11.15,10.83,11.15,10.74,132847,144456450.0,3.68,-2.87,-0.32,1.68,56003878208.7
2013-11-29,10.83,10.53,10.83,10.44,101964,108145749.0,3.6,-2.77,-0.3,1.29,54452524241.7
2013-12-02,10.19,10.19,10.32,9.61,125603,126745597.0,6.74,-3.23,-0.34,1.59,52694323079.1
2013-12-03,10.19,10.36,10.41,10.0,76507,78350968.0,4.02,1.67,0.17,0.97,53573423660.399994
2013-12-04,10.32,10.52,10.6,10.15,99249,103548033.0,4.34,1.54,0.16,1.26,54400812442.799995
2013-12-05,10.53,10.71,10.74,10.43,98050,104345219.0,2.95,1.81,0.19,1.24,55383336621.9
2013-12-06,10.68,10.95,11.06,10.6,84653,92347386.0,4.3,2.24,0.24,1.07,56624419795.5
2013-12-09,10.95,10.92,11.0,10.73,72745,79177442.0,2.47,-0.27,-0.03,0.92,56469284398.8
2013-12-10,10.92,10.85,11.06,10.71,64922,70614031.0,3.21,-0.64,-0.07,0.82,56107301806.5
2013-12-11,10.85,10.66,10.86,10.2,63521,67547277.0,6.08,-1.75,-0.19,0.8,55124777627.4
2013-12-12,10.63,11.04,11.09,10.55,79036,86468940.0,5.07,3.56,0.38,1.0,57089825985.6
2013-12-13,11.03,10.9,11.03,10.73,57806,62652257.0,2.72,-1.27,-0.14,0.73,56365860801.0
2013-12-16,10.9,10.83,11.25,10.68,67487,73406989.0,5.23,-0.64,-0.07,0.85,56003878208.7
2013-12-17,10.75,10.78,10.88,10.58,33753,36144074.0,2.77,-0.46,-0.05,0.43,55745319214.2
2013-12-18,10.78,11.2,11.27,10.77,153950,171595098.0,4.64,3.9,0.42,1.95,57917214768.0
2013-12-19,11.2,11.18,11.36,11.05,95537,106650537.0,2.77,-0.18,-0.02,1.21,57813791170.2
2013-12-20,11.18,11.37,11.41,11.18,168832,191091802.0,2.06,1.7,0.19,2.14,58796315349.299995
2013-12-23,11.38,11.47,11.48,11.18,110844,125885445.0,2.64,0.88,0.1,1.4,59313433338.3
2013-12-24,11.47,11.44,11.73,11.25,93411,107155349.0,4.18,-0.26,-0.03,1.18,59158297941.6
2013-12-25,11.35,11.09,11.55,10.91,78506,87469457.0,5.59,-3.06,-0.35,0.99,57348384980.1
2013-12-26,11.09,11.08,11.2,10.65,104327,113930251.0,4.96,-0.09,-0.01,1.32,57296673181.2
2013-12-27,11.07,11.2,11.25,11.0,64637,72105897.0,2.26,1.08,0.12,0.82,57917214768.0
2013-12-30,11.2,11.19,11.43,10.98,68242,75893864.0,4.02,-0.09,-0.01,0.86,57865502969.1
2013-12-31,11.16,11.35,11.4,11.02,88460,99521435.0,3.4,1.43,0.16,1.12,58692891751.5
2014-01-02,11.32,11.34,11.54,11.19,50974,57615772.0,3.08,-0.09,-0.01,0.64,58641179952.6
2014-01-03,11.3,11.17,11.39,11.07,34359,38314695.0,2.82,-1.5,-0.17,0.43,57762079371.3
2014-01-06,11.17,11.04,11.24,10.86,29662,32604535.0,3.4,-1.16,-0.13,0.38,57089825985.6
2014-01-07,11.0,11.0,11.01,10.77,31658,34593592.0,2.17,-0.36,-0.04,0.4,56882978790.0
2014-01-08,10.96,11.16,11.18,10.91,50365,55807235.0,2.45,1.45,0.16,0.64,57710367572.4
2014-01-09,11.16,11.02,11.23,10.9,48371,53375819.0,2.96,-1.25,-0.14,0.61,56986402387.799995
2014-01-10,11.02,10.88,11.02,10.65,38006,41167300.0,3.36,-1.27,-0.14,0.48,56262437203.200005
2014-01-13,10.82,10.8,11.02,10.64,59975,64767517.0,3.49,-0.74,-0.08,0.76,55848742812.0
2014-01-14,10.8,10.98,10.99,10.6,37850,40891416.0,3.61,1.67,0.18,0.48,56779555192.200005
2014-01-15,11.0,10.83,11.06,10.67,40837,44272443.0,3.55,-1.37,-0.15,0.52,56003878208.7
2014-01-16,10.83,10.96,11.01,10.75,82975,90597542.0,2.4,1.2,0.13,1.05,56676131594.4
2014-01-17,10.96,10.96,11.0,10.77,34470,37636998.0,2.1,0.0,0.0,0.44,56676131594.4
2014-01-20,10.96,10.94,11.3,10.84,74450,82475044.0,4.2,-0.18,-0.02,0.94,56572707996.6
2014-01-21,10.95,10.9,11.05,10.77,54356,59130447.0,2.56,-0.37,-0.04,0.69,56365860801.0
2014-01-22,10.86,11.53,11.53,10.81,192562,216829810.0,6.61,5.78,0.63,2.44,59623704131.7
2014-01-23,11.53,11.5,11.77,11.2,136270,157091654.0,4.94,-0.26,-0.03,1.72,59468568735.0
2014-01-24,11.55,11.68,11.69,11.3,141026,162140141.0,3.39,1.57,0.18,1.78,60399381115.2
2014-01-27,11.6,12.04,12.4,11.38,234590,279202416.0,8.73,3.08,0.36,2.97,62261005875.6
2014-01-28,12.07,12.25,12.36,11.83,106865,129504774.0,4.4,1.74,0.21,1.35,63346953652.5
2014-01-29,12.07,12.03,12.28,11.73,115470,137687881.0,4.49,-1.8,-0.22,1.46,62209294076.7
2014-01-30,12.03,11.58,12.1,11.5,87148,102081006.0,4.99,-3.74,-0.45,1.1,59882263126.2
2014-02-07,11.57,11.46,11.58,11.12,35311,40239735.0,3.97,-1.04,-0.12,0.45,59261721539.4
2014-02-10,11.5,11.66,11.8,11.37,113931,132326661.0,3.75,1.75,0.2,1.44,60295957517.4
2014-02-11,11.68,10.84,11.75,10.8,143955,162560532.0,8.15,-7.03,-0.82,1.82,56055590007.6
2014-02-12,10.85,11.04,11.22,10.67,147970,162370106.0,5.07,1.85,0.2,1.87,57089825985.6
2014-02-13,11.05,11.27,11.31,10.9,96933,107818173.0,3.71,2.08,0.23,1.23,58279197360.299995
2014-02-14,11.19,12.12,12.25,11.14,160415,188535940.0,9.85,7.54,0.85,2.03,62674700266.799995
2014-02-17,12.25,12.86,13.15,12.01,289897,370421520.0,9.41,6.11,0.74,3.67,66501373385.399994
2014-02-18,12.85,12.69,13.45,12.59,307784,404711504.0,6.69,-1.32,-0.17,3.89,65622272804.1
2014-02-19,12.66,12.49,13.02,12.37,142173,179206363.0,5.12,-1.58,-0.2,1.8,64588036826.1
2014-02-20,12.59,13.11,13.45,12.59,241472,316189840.0,6.89,4.96,0.62,3.05,67794168357.899994
2014-02-21,13.06,12.31,13.3,12.0,194040,243194776.0,9.92,-6.1,-0.8,2.45,63657224445.9
2014-02-24,11.98,12.34,12.37,11.61,183459,218673752.0,6.17,0.24,0.03,2.32,63812359842.6
2014-02-25,12.16,11.74,12.34,11.11,222900,258863580.0,9.97,-4.86,-0.6,2.82,60709651908.6
2014-02-26,11.48,11.65,11.79,11.35,53992,62752408.0,3.75,-0.77,-0.09,0.68,60244245718.5
2014-02-27,11.6,11.03,11.95,10.85,153793,175230135.0,9.44,-5.32,-0.62,1.95,57038114186.7
2014-02-28,10.75,9.93,10.75,9.93,217594,217937388.0,7.43,-9.97,-1.1,2.75,51349816307.7
2014-03-03,9.2,9.4,9.69,8.94,544941,504406576.0,7.55,-5.34,-0.53,6.89,48609090966.0
2014-03-05,9.97,10.34,10.34,9.8,490033,503210928.0,5.74,10.0,0.94,6.2,53470000062.6
2014-03-06,10.24,10.99,11.34,10.14,682185,735018768.0,11.61,6.29,0.65,8.63,56831266991.1
2014-03-07,10.71,10.39,10.9,10.2,336534,354264416.0,6.37,-5.46,-0.6,4.26,53728559057.100006
2014-03-10,10.0,9.35,10.0,9.35,340648,325694672.0,6.26,-10.01,-1.04,4.31,48350531971.5
2014-03-11,9.12,9.25,9.38,9.07,179683,165515862.0,3.32,-1.07,-0.1,2.27,47833413982.5
2014-03-12,9.19,8.91,9.19,8.6,224918,200272657.0,6.38,-3.68,-0.34,2.85,46075212819.9
2014-03-13,8.88,9.06,9.1,8.78,151472,134894377.0,3.59,1.68,0.15,1.92,46850889803.4
2014-03-14,8.9,8.73,9.03,8.7,147092,130371842.0,3.64,-3.64,-0.33,1.86,45144400439.700005
2014-03-17,8.74,9.01,9.04,8.74,144660,128987392.0,3.44,3.21,0.28,1.83,46592330808.9
2014-03-18,9.0,9.14,9.24,8.96,136663,124448384.0,3.11,1.44,0.13,1.73,47264584194.600006
2014-03-19,9.1,8.94,9.1,8.78,115356,102787348.0,3.5,-2.19,-0.2,1.46,46230348216.6
2014-03-20,8.88,8.56,8.96,8.53,130185,114467238.0,4.81,-4.25,-0.38,1.65,44265299858.4
2014-03-21,8.51,8.74,8.78,8.28,165600,140772590.0,5.84,2.1,0.18,2.09,45196112238.6
2014-03-24,8.71,8.52,8.71,8.38,218259,185788133.0,3.78,-2.52,-0.22,2.76,44058452662.799995
2014-03-25,8.5,8.69,8.74,8.44,161756,139671904.0,3.52,2.0,0.17,2.05,44937553244.1
2014-03-26,8.66,8.8,8.86,8.62,161423,141108904.0,2.76,1.27,0.11,2.04,45506383032.0
2014-03-27,8.71,8.67,8.77,8.53,132923,114873468.0,2.73,-1.48,-0.13,1.68,44834129646.3
2014-03-28,8.61,8.35,8.66,8.34,117012,99194260.0,3.69,-3.69,-0.32,1.48,43179352081.5
2014-03-31,8.35,8.29,8.49,8.27,60332,50426345.0,2.63,-0.72,-0.06,0.76,42869081288.1
2014-04-01,8.28,8.43,8.45,8.11,88407,73933940.0,4.1,1.69,0.14,1.12,43593046472.7
2014-04-02,8.4,8.37,8.48,8.31,78754,66115912.0,2.02,-0.71,-0.06,1.0,43282775679.299995
2014-04-03,8.4,8.28,8.43,8.27,131694,109943984.0,1.91,-1.08,-0.09,1.67,42817369489.2
2014-04-04,8.31,8.43,8.44,8.2,116918,97276648.0,2.9,1.81,0.15,1.48,43593046472.7
2014-04-08,8.35,8.52,8.52,8.34,114035,96331145.0,2.14,1.07,0.09,1.44,44058452662.799995
2014-04-09,8.56,8.8,8.85,8.56,194897,170719872.0,3.4,3.29,0.28,2.47,45506383032.0
2014-04-10,8.84,8.86,8.97,8.71,166939,147521752.0,2.95,0.68,0.06,2.11,45816653825.399994
2014-04-11,8.81,8.78,8.83,8.73,83997,73754182.0,1.13,-0.9,-0.08,1.06,45402959434.2
2014-04-14,8.81,8.65,8.85,8.51,166747,144512467.0,3.87,-1.48,-0.13,2.11,44730706048.5
2014-04-15,8.63,8.57,8.67,8.54,81713,70135668.0,1.5,-0.92,-0.08,1.03,44317011657.3
2014-04-16,8.5,8.6,8.62,8.5,73345,62883379.0,1.4,0.35,0.03,0.93,44472147054.0
2014-04-17,8.6,8.38,8.64,8.36,164734,139391266.0,3.26,-2.56,-0.22,2.08,43334487478.200005
2014-04-18,8.38,8.44,8.44,8.31,61791,51810937.0,1.55,0.72,0.06,0.78,43644758271.6
2014-04-21,8.38,8.27,8.44,8.25,88908,74210084.0,2.25,-2.01,-0.17,1.12,42765657690.299995
2014-04-22,8.28,8.0,8.32,7.84,168127,135121253.0,5.8,-3.26,-0.27,2.13,41369439120.0
2014-04-23,8.01,7.96,8.15,7.9,71953,57608749.0,3.13,-0.5,-0.04,0.91,41162591924.4
2014-04-24,7.92,7.9,8.03,7.89,75141,59845486.0,1.76,-0.75,-0.06,0.95,40852321131.0
2014-04-25,7.9,7.69,7.97,7.62,71387,55649627.0,4.43,-2.66,-0.21,0.9,39766373354.1
2014-04-28,7.69,7.56,7.69,7.45,69377,52347687.0,3.12,-1.69,-0.13,0.88,39094119968.4
2014-04-29,7.53,7.6,7.63,7.51,46665,35383175.0,1.59,0.53,0.04,0.59,39300967164.0
2014-04-30,7.61,7.63,7.65,7.58,39529,30111055.0,0.92,0.39,0.03,0.5,39456102560.7
2014-05-05,7.62,7.62,7.63,7.47,63522,47941990.0,2.1,-0.13,-0.01,0.8,39404390761.8
2014-05-06,7.65,7.77,7.84,7.64,73288,56857613.0,2.62,1.97,0.15,0.93,40180067745.299995
2014-05-07,7.77,7.6,7.77,7.57,56316,43216997.0,2.57,-2.19,-0.17,0.71,39300967164.0
2014-05-08,7.6,7.62,7.72,7.55,56702,43252770.0,2.24,0.26,0.02,0.72,39404390761.8
2014-05-09,7.62,7.56,7.67,7.5,38575,29149870.0,2.23,-0.79,-0.06,0.49,39094119968.4
2014-05-12,7.62,7.76,7.79,7.57,72690,55930181.0,2.91,2.65,0.2,0.92,40128355946.4
2014-05-13,7.76,7.72,7.77,7.67,47251,36421113.0,1.29,-0.52,-0.04,0.6,39921508750.799995
2014-05-14,7.72,7.71,7.8,7.68,39951,30895445.0,1.55,-0.13,-0.01,0.51,39869796951.9
2014-05-15,7.7,7.49,7.7,7.45,57661,43526154.0,3.24,-2.85,-0.22,0.73,38732137376.1
2014-05-16,7.49,7.37,7.51,7.28,62589,46059033.0,3.07,-1.6,-0.12,0.79,38111595789.3
2014-05-19,7.36,7.34,7.39,7.24,26960,19757599.0,2.04,-0.41,-0.03,0.34,37956460392.6
2014-05-20,7.37,7.34,7.44,7.34,37282,27564731.0,1.36,0.0,0.0,0.47,37956460392.6
2014-05-21,7.34,7.48,7.49,7.27,47571,35167742.0,3.0,1.91,0.14,0.6,38680425577.200005
2014-05-22,7.47,7.43,7.54,7.43,38937,29200654.0,1.47,-0.67,-0.05,0.49,38421866582.7
2014-05-23,7.41,7.53,7.54,7.41,33136,24843360.0,1.75,1.35,0.1,0.42,38938984571.700005
2014-05-26,7.55,7.75,7.78,7.54,91576,69895420.0,3.19,2.92,0.22,1.16,40076644147.5
2014-05-27,7.71,7.62,7.74,7.61,50655,38849425.0,1.68,-1.68,-0.13,0.64,39404390761.8
2014-05-28,7.64,7.68,7.75,7.55,57738,44110548.0,2.62,0.79,0.06,0.73,39714661555.2
2014-05-29,7.69,7.58,7.71,7.54,37553,28578832.0,2.21,-1.3,-0.1,0.48,39197543566.2
2014-05-30,7.52,7.49,7.57,7.4,48212,36101421.0,2.24,-1.19,-0.09,0.61,38732137376.1
2014-06-03,7.45,7.53,7.54,7.4,37001,27681056.0,1.87,0.53,0.04,0.47,38938984571.700005
2014-06-04,7.58,7.49,7.62,7.44,44229,33302831.0,2.39,-0.53,-0.04,0.56,38732137376.1
2014-06-05,7.47,7.52,7.52,7.41,50531,37717251.0,1.47,0.4,0.03,0.64,38887272772.799995
2014-06-06,7.52,7.54,7.59,7.47,52340,39427627.0,1.6,0.27,0.02,0.66,38990696370.6
2014-06-09,7.58,8.07,8.08,7.57,306801,242833626.0,6.76,7.03,0.53,3.88,41731421712.3
2014-06-10,8.1,8.05,8.16,7.89,150270,120340299.0,3.35,-0.25,-0.02,1.9,41627998114.5
2014-06-11,8.05,8.26,8.38,7.93,186528,152519822.0,5.59,2.61,0.21,2.36,42713945891.4
2014-06-12,8.22,8.22,8.36,8.15,111271,91777088.0,2.54,-0.48,-0.04,1.41,42507098695.8
2014-06-13,8.2,8.18,8.29,8.07,113242,92580958.0,2.68,-0.49,-0.04,1.43,42300251500.2
2014-06-16,8.28,8.43,8.55,8.22,194113,163803557.0,4.03,3.06,0.25,2.46,43593046472.7
2014-06-17,8.39,8.25,8.49,8.24,93012,77715110.0,2.97,-2.14,-0.18,1.18,42662234092.5
2014-06-18,8.24,8.14,8.24,8.1,63063,51430066.0,1.7,-1.33,-0.11,0.8,42093404304.600006
2014-06-19,8.15,8.08,8.33,7.97,96092,78583863.0,4.42,-0.74,-0.06,1.22,41783133511.2
2014-06-20,7.98,8.02,8.06,7.93,52869,42191888.0,1.61,-0.74,-0.06,0.67,41472862717.799995
2014-06-23,8.02,7.88,8.02,7.78,101482,79630255.0,2.99,-1.75,-0.14,1.28,40748897533.2
2014-06-24,7.85,7.84,7.9,7.73,81467,63673710.0,2.16,-0.51,-0.04,1.03,40542050337.6
2014-06-25,7.84,7.7,7.85,7.59,94374,72589881.0,3.32,-1.79,-0.14,1.19,39818085153.0
2014-06-26,7.75,7.77,7.8,7.71,81446,63255099.0,1.17,0.91,0.07,1.03,40180067745.299995
2014-06-27,7.79,7.89,8.1,7.75,143042,113933866.0,4.5,1.54,0.12,1.81,40800609332.1
2014-06-30,7.92,8.28,8.39,7.91,220677,181911883.0,6.08,4.94,0.39,2.79,42817369489.2
2014-07-01,8.3,8.25,8.35,8.18,85609,70544537.0,2.05,-0.36,-0.03,1.08,42662234092.5
2014-07-02,8.29,8.25,8.29,8.08,107324,87657215.0,2.55,0.0,0.0,1.36,42662234092.5
2014-07-03,8.2,8.34,8.38,8.15,144385,119732543.0,2.79,1.09,0.09,1.83,43127640282.6
2014-07-04,8.34,8.16,8.35,8.14,120394,98787162.0,2.52,-2.16,-0.18,1.52,42196827902.4
2014-07-07,8.16,8.21,8.23,8.08,73908,60328322.0,1.84,0.61,0.05,0.93,42455386896.9
2014-07-08,8.19,8.17,8.22,8.07,51493,41896175.0,1.83,-0.49,-0.04,0.65,42248539701.3
2014-07-09,8.16,7.89,8.16,7.8,92149,73902123.0,4.41,-3.43,-0.28,1.17,40800609332.1
2014-07-10,7.83,7.86,7.94,7.8,63392,49923196.0,1.77,-0.38,-0.03,0.8,40645473935.4
2014-07-11,7.92,8.15,8.15,7.9,125098,100999140.0,3.18,3.69,0.29,1.58,42145116103.5
2014-07-14,8.19,8.33,8.42,8.12,198716,164505432.0,3.68,2.21,0.18,2.51,43075928483.7
2014-07-15,8.28,8.18,8.3,8.09,145228,119014543.0,2.52,-1.8,-0.15,1.84,42300251500.2
2014-07-16,8.19,8.24,8.35,8.15,200151,165819308.0,2.44,0.73,0.06,2.53,42610522293.6
2014-07-17,8.3,8.39,8.56,8.24,216830,182085596.0,3.88,1.82,0.15,2.74,43386199277.100006
2014-07-18,8.29,8.25,8.48,8.23,132624,110372364.0,2.98,-1.67,-0.14,1.68,42662234092.5
2014-07-21,8.26,8.02,8.31,8.0,142273,115149607.0,3.76,-2.79,-0.23,1.8,41472862717.799995
2014-07-22,8.03,8.2,8.23,8.02,140361,113563901.0,2.62,2.24,0.18,1.78,42403675098.0
2014-07-23,8.18,7.95,8.2,7.92,173849,139480563.0,3.41,-3.05,-0.25,2.2,41110880125.5
2014-07-24,7.94,8.02,8.08,7.94,117405,94248376.0,1.76,0.88,0.07,1.49,41472862717.799995
2014-07-25,8.06,8.04,8.09,7.98,119591,95907559.0,1.37,0.25,0.02,1.51,41576286315.6
2014-07-28,8.06,8.32,8.39,8.05,299256,247772599.0,4.23,3.48,0.28,3.79,43024216684.8
2014-07-29,8.45,8.55,8.64,8.33,427794,362752640.0,3.73,2.76,0.23,5.41,44213588059.5
2014-07-30,8.6,8.44,8.63,8.41,225393,190962181.0,2.57,-1.29,-0.11,2.85,43644758271.6
2014-07-31,8.44,8.69,8.72,8.38,273087,232861401.0,4.03,2.96,0.25,3.45,44937553244.1
2014-08-01,8.77,9.0,9.38,8.74,637245,580543408.0,7.36,3.57,0.31,8.06,46540619010.0
2014-08-04,9.03,9.15,9.17,8.9,301131,273270320.0,3.0,1.67,0.15,3.81,47316295993.5
2014-08-05,9.18,9.09,9.26,9.04,216027,196805868.0,2.4,-0.66,-0.06,2.73,47006025200.1
2014-08-06,9.08,8.98,9.08,8.81,263459,235418386.0,2.97,-1.21,-0.11,3.33,46437195412.200005
2014-08-07,8.96,8.78,9.06,8.72,193023,171701754.0,3.79,-2.23,-0.2,2.44,45402959434.2
2014-08-08,8.76,8.87,9.03,8.76,184269,163928668.0,3.08,1.03,0.09,2.33,45868365624.299995
2014-08-11,8.93,8.98,9.02,8.81,186395,166434480.0,2.37,1.24,0.11,2.36,46437195412.200005
2014-08-12,9.01,8.9,9.01,8.82,199258,177404304.0,2.12,-0.89,-0.08,2.52,46023501021.0
2014-08-13,8.9,8.78,8.91,8.65,257839,225763631.0,2.92,-1.35,-0.12,3.26,45402959434.2
2014-08-14,8.88,8.75,8.94,8.72,183719,161776384.0,2.51,-0.34,-0.03,2.32,45247824037.5
2014-08-15,8.79,8.88,8.92,8.68,175970,155350591.0,2.74,1.49,0.13,2.23,45920077423.200005
2014-08-18,8.93,9.42,9.5,8.87,452945,415707216.0,7.09,6.08,0.54,5.73,48712514563.8
2014-08-19,9.44,9.31,9.47,9.21,334101,311444944.0,2.76,-1.17,-0.11,4.23,48143684775.9
2014-08-20,9.34,9.6,9.96,9.25,489457,473457008.0,7.63,3.11,0.29,6.19,49643326944.0
2014-08-21,9.6,9.67,9.7,9.35,265540,252204306.0,3.65,0.73,0.07,3.36,50005309536.3
2014-08-22,9.65,9.52,9.69,9.46,182212,173881639.0,2.38,-1.55,-0.15,2.3,49229632552.799995
2014-08-25,9.43,9.22,9.44,9.14,252255,233396512.0,3.15,-3.15,-0.3,3.19,47678278585.8
2014-08-26,9.17,9.43,9.46,9.09,236046,219774794.0,4.01,2.28,0.21,2.99,48764226362.7
2014-08-27,9.29,9.42,9.69,9.22,264907,251873579.0,4.98,-0.11,-0.01,3.35,48712514563.8
2014-08-28,9.4,9.21,9.4,9.15,163150,150894415.0,2.65,-2.23,-0.21,2.06,47626566786.9
2014-08-29,9.21,9.29,9.33,9.13,106742,98608281.0,2.17,0.87,0.08,1.35,48040261178.1
2014-09-01,9.27,9.43,9.47,9.23,143075,134085358.0,2.58,1.51,0.14,1.81,48764226362.7
2014-09-02,9.45,9.51,9.57,9.41,195198,185027713.0,1.7,0.85,0.08,2.47,49177920753.9
2014-09-03,9.51,9.59,9.65,9.46,184990,177088888.0,2.0,0.84,0.08,2.34,49591615145.1
2014-09-04,9.64,9.59,9.65,9.51,169159,161716898.0,1.46,0.0,0.0,2.14,49591615145.1
2014-09-05,9.57,9.96,10.15,9.53,325400,317251360.0,6.47,3.86,0.37,4.12,51504951704.4
2014-09-09,9.9,10.09,10.44,9.73,400235,402541696.0,7.13,1.31,0.13,5.06,52177205090.1
2014-09-10,10.23,9.97,10.23,9.93,209834,210215139.0,2.97,-1.19,-0.12,2.65,51556663503.3
2014-09-11,9.93,9.78,10.08,9.7,269357,266119373.0,3.81,-1.91,-0.19,3.41,50574139324.2
2014-09-12,9.8,9.96,10.01,9.76,190338,188451715.0,2.56,1.84,0.18,2.41,51504951704.4
2014-09-15,10.0,9.96,10.03,9.84,170760,169394744.0,1.91,0.0,0.0,2.16,51504951704.4
2014-09-16,10.0,9.49,10.1,9.44,302173,296325600.0,6.63,-4.72,-0.47,3.82,49074497156.1
2014-09-17,9.46,9.42,9.55,9.25,186486,175555488.0,3.16,-0.74,-0.07,2.36,48712514563.8
2014-09-18,9.43,9.54,9.57,9.3,132522,125043781.0,2.87,1.27,0.12,1.68,49333056150.6
2014-09-19,9.53,9.72,9.77,9.4,189003,181679692.0,3.88,1.89,0.18,2.39,50263868530.8
2014-09-22,9.67,9.28,9.67,9.26,237088,223348768.0,4.22,-4.53,-0.44,3.0,47988549379.2
2014-09-23,9.25,9.35,9.36,9.21,133379,124127837.0,1.62,0.75,0.07,1.69,48350531971.5
2014-09-24,9.3,9.48,9.52,9.28,159170,149957199.0,2.57,1.39,0.13,2.01,49022785357.200005
2014-09-25,9.58,9.5,9.79,9.43,250573,240791474.0,3.8,0.21,0.02,3.17,49126208955.0
2014-09-26,9.55,9.5,9.56,9.42,116356,110535379.0,1.47,0.0,0.0,1.47,49126208955.0
2014-09-29,9.52,9.7,9.71,9.52,187134,179933447.0,2.0,2.11,0.2,2.37,50160444933.0
2014-09-30,9.7,9.76,9.77,9.59,184922,179479403.0,1.86,0.62,0.06,2.34,50470715726.4
2014-10-08,9.87,9.99,10.11,9.86,346841,346502800.0,2.56,2.36,0.23,4.39,51660087101.1
2014-10-09,10.01,10.34,10.59,9.99,551444,568545552.0,6.01,3.5,0.35,6.98,53470000062.6
2014-10-10,10.31,10.38,10.48,10.15,321250,331640656.0,3.19,0.39,0.04,4.06,53676847258.200005
2015-02-13,11.42,11.42,11.42,11.42,2549,2910810.0,0.0,10.02,1.04,0.03,59054874343.8
2015-02-16,12.56,12.56,12.56,12.56,4476,5621529.0,0.0,9.98,1.14,0.06,64950019418.4
2015-02-17,13.82,13.82,13.82,13.82,9362,12938795.0,0.0,10.03,1.26,0.12,71465706079.8
2015-02-25,15.2,15.2,15.2,15.07,571637,868738000.0,0.94,9.99,1.38,7.23,78601934328.0
2015-02-26,15.15,14.26,15.16,14.13,1127147,1641279360.0,6.78,-6.18,-0.94,14.26,73741025231.4
2015-02-27,14.74,15.69,15.69,14.5,767503,1157592112.0,8.35,10.03,1.43,9.71,81135812474.09999
2015-03-02,16.77,16.37,17.24,15.8,1293559,2148693072.0,9.18,4.33,0.68,16.36,84652214799.3
2015-03-03,16.2,17.28,17.9,16.2,917231,1563345024.0,10.38,5.56,0.91,11.6,89357988499.20001
2015-03-04,17.35,17.33,18.18,16.82,600347,1046364880.0,7.87,0.29,0.05,7.59,89616547493.7
2015-03-05,17.13,17.01,17.32,16.47,596695,1009240208.0,4.9,-1.85,-0.32,7.55,87961769928.90001
2015-03-06,17.7,18.71,18.71,17.48,606956,1111178656.0,7.23,9.99,1.7,7.68,96752775741.90001
2015-03-09,19.29,18.68,19.87,18.36,847572,1621852080.0,8.07,-0.16,-0.03,10.72,96597640345.2
2015-03-10,18.69,18.89,19.09,18.2,563583,1044007104.0,4.76,1.12,0.21,7.13,97683588122.1
2015-03-11,18.8,18.07,18.98,18.0,435132,800725248.0,5.19,-4.34,-0.82,5.5,93443220612.3
2015-03-12,17.89,19.51,19.6,17.75,679658,1268682016.0,10.24,7.97,1.44,8.6,100889719653.90001
2015-03-13,20.0,19.26,21.46,19.2,882328,1792781920.0,11.58,-1.28,-0.25,11.16,99596924681.40001
2015-03-16,19.0,19.95,20.54,18.72,679136,1339851440.0,9.45,3.58,0.69,8.59,103165038805.5
2015-03-17,20.1,19.84,20.26,19.51,489550,968356720.0,3.76,-0.55,-0.11,6.19,102596209017.6
2015-03-18,19.7,19.88,20.47,19.61,409292,817421744.0,4.33,0.2,0.04,5.18,102803056213.2
2015-03-19,19.62,20.23,20.7,19.19,604686,1201672928.0,7.6,1.76,0.35,7.65,104612969174.7
2015-03-20,20.3,20.29,20.79,20.01,457550,933001904.0,3.86,0.3,0.06,5.79,104923239968.09999
2015-03-23,20.12,20.15,20.49,19.86,454342,911461248.0,3.1,-0.69,-0.14,5.75,104199274783.5
2015-03-24,20.11,20.61,20.9,19.61,583622,1187368240.0,6.4,2.28,0.46,7.38,106578017532.9
2015-03-25,20.87,21.63,22.6,20.3,690301,1489978000.0,11.16,4.95,1.02,8.73,111852621020.7
2015-03-26,21.5,21.8,22.95,21.01,556964,1220445568.0,8.97,0.79,0.17,7.05,112731721602.0
2015-03-27,21.6,21.11,21.9,20.9,353791,750816080.0,4.59,-3.17,-0.69,4.48,109163607477.9
2015-03-30,21.0,20.97,21.25,20.71,290035,605479216.0,2.56,-0.66,-0.14,3.67,108439642293.29999
2015-03-31,20.61,20.89,21.38,20.08,448058,931782336.0,6.2,-0.38,-0.08,5.67,108025947902.1
2015-04-01,20.84,20.78,20.99,20.41,401152,830341584.0,2.78,-0.53,-0.11,5.07,107457118114.20001
2015-04-02,21.1,22.23,22.35,20.79,656029,1408331424.0,7.51,6.98,1.45,8.3,114955328954.7
2015-04-03,21.98,22.13,22.86,21.71,486061,1084283888.0,5.17,-0.45,-0.1,6.15,114438210965.7
2015-04-07,22.13,21.91,22.35,21.62,383826,838982896.0,3.3,-0.99,-0.22,4.86,113300551389.9
2015-04-08,22.0,22.59,22.83,20.75,608774,1337444672.0,9.49,3.1,0.68,7.7,116816953715.1
2015-04-09,22.8,23.41,24.24,21.9,656232,1524494560.0,10.36,3.63,0.82,8.3,121057321224.9
2015-04-10,23.3,25.64,25.75,22.83,705685,1727581024.0,12.47,9.53,2.23,8.93,132589052379.6
2015-04-13,25.9,26.07,27.27,24.94,613813,1606160064.0,9.09,1.68,0.43,7.76,134812659732.3
2015-04-14,25.42,25.33,25.91,25.0,447715,1137606736.0,3.49,-2.84,-0.74,5.66,130985986613.7
2015-04-15,25.3,23.36,25.3,23.34,376590,909956816.0,7.74,-7.78,-1.97,4.76,120798762230.4
2015-04-16,23.0,23.71,24.35,22.53,255946,605534512.0,7.79,1.5,0.35,3.24,122608675191.90001
2015-04-17,24.28,23.15,24.65,23.09,330107,781716432.0,6.58,-2.36,-0.56,4.18,119712814453.5
2015-04-20,23.05,21.75,23.05,21.61,424832,944700064.0,6.22,-6.05,-1.4,5.37,112473162607.5
2015-04-21,21.61,22.41,22.61,21.51,270077,596544176.0,5.06,3.03,0.66,3.42,115886141334.9
2015-04-22,22.55,22.84,23.09,22.36,350225,796811024.0,3.26,1.92,0.43,4.43,118109748687.6
2015-04-23,23.3,24.3,24.5,22.82,395636,933443648.0,7.36,6.39,1.46,5.0,125659671327.0
2015-04-24,23.8,23.87,24.57,23.52,302818,727565696.0,4.32,-1.77,-0.43,3.83,123436063974.3
2015-04-27,24.07,23.88,24.48,23.6,258136,618788736.0,3.69,0.04,0.01,3.27,123487775773.2
2015-04-28,23.88,22.46,24.36,22.31,335127,775135120.0,8.58,-5.95,-1.42,4.24,116144700329.40001
2015-04-29,22.18,22.67,23.08,21.45,245767,548160240.0,7.26,0.93,0.21,3.11,117230648106.3
2015-04-30,23.3,23.34,24.1,23.02,253961,597024560.0,4.76,2.96,0.67,3.21,120695338632.6
2015-05-04,23.85,23.44,23.94,23.11,196988,463831008.0,3.56,0.43,0.1,2.49,121212456621.6
2015-05-05,23.4,22.16,23.4,21.85,209696,474205120.0,6.61,-5.46,-1.28,2.65,114593346362.4
2015-05-06,22.1,22.44,22.98,22.02,173728,390173536.0,4.33,1.26,0.28,2.2,116041276731.6
2015-05-07,22.3,21.84,22.55,21.72,122001,269542144.0,3.7,-2.67,-0.6,1.54,112938568797.6
2015-05-08,22.42,23.62,23.66,22.17,284607,650987840.0,6.82,8.15,1.78,3.6,122143269001.8
2015-05-11,23.92,24.59,24.97,23.41,376876,913780320.0,6.6,4.11,0.97,4.77,127159313495.1
2015-05-12,24.6,24.6,24.98,24.0,328126,802724864.0,3.99,0.04,0.01,4.15,127211025294.0
2015-05-13,24.88,26.84,27.06,24.52,579144,1523119648.0,10.33,9.11,2.24,7.33,138794468247.6
2015-05-14,26.85,28.41,29.5,25.7,589538,1595786960.0,14.16,5.85,1.57,7.46,146913220674.9
2015-05-15,28.0,27.38,29.0,27.09,364499,1017937744.0,6.72,-3.63,-1.03,4.61,141586905388.19998
2015-05-18,27.3,27.23,28.15,26.82,270352,744645648.0,4.86,-0.55,-0.15,3.42,140811228404.7
2015-05-19,27.45,27.63,28.0,26.8,261990,715776624.0,4.41,1.47,0.4,3.31,142879700360.69998
2015-05-20,28.81,27.89,29.49,27.8,315610,906495712.0,6.12,0.94,0.26,3.99,144224207132.1
2015-05-21,27.45,28.12,28.59,27.31,253619,711671504.0,4.59,0.82,0.23,3.21,145413578506.80002
2015-05-22,28.99,30.93,30.93,28.22,387279,1162090896.0,9.64,9.99,2.81,4.9,159944593997.7
2015-05-25,32.73,34.02,34.02,31.55,484302,1617187232.0,7.99,9.99,3.09,6.13,175923539857.80002
2015-05-26,34.49,34.73,36.97,34.1,549117,1940714736.0,8.44,2.09,0.71,6.95,179595077579.69998
2015-05-27,34.98,38.2,38.2,33.68,460394,1656698688.0,13.01,9.99,3.47,5.82,197539071798.0
2015-05-28,39.5,36.58,40.38,36.2,511406,1975158976.0,10.94,-4.24,-1.62,6.47,189161760376.19998
2015-05-29,36.55,40.24,40.24,34.31,553846,2123958160.0,16.21,10.01,3.66,7.01,208088278773.6
2015-06-01,41.51,39.8,41.98,38.8,600788,2401734864.0,7.9,-1.09,-0.44,7.6,205812959622.0
2015-06-02,39.15,39.79,40.26,38.62,414293,1629642048.0,4.12,-0.03,-0.01,5.24,205761247823.1
2015-06-03,40.0,43.01,43.36,39.82,389914,1641251152.0,8.9,8.09,3.22,4.93,222412447068.9
2015-06-04,43.0,40.97,43.01,38.71,408285,1651123808.0,10.0,-4.74,-2.04,5.16,211863240093.3
2015-06-05,41.42,40.19,41.99,39.4,337263,1369223328.0,6.32,-1.9,-0.78,4.27,207829719779.09998
2015-06-08,39.36,38.5,39.9,37.0,305122,1170433648.0,7.22,-4.21,-1.69,3.86,199090425765.0
2015-06-09,38.45,39.08,40.47,37.35,256326,1003082240.0,8.1,1.51,0.58,3.24,202089710101.19998
2015-06-10,38.89,40.17,41.0,37.6,275337,1100044592.0,8.7,2.79,1.09,3.48,207726296181.30002
2015-06-11,41.04,39.58,41.5,39.35,280270,1125422160.0,5.35,-1.47,-0.59,3.55,204675300046.19998
2015-06-12,38.64,38.93,39.58,38.41,253104,984169136.0,2.96,-1.64,-0.65,3.2,201314033117.7
2015-06-15,37.4,37.81,38.7,37.2,276289,1043473616.0,3.85,-2.88,-1.12,3.5,195522311640.90002
2015-06-16,37.5,37.52,38.51,37.1,182831,692188480.0,3.73,-0.77,-0.29,2.31,194022669472.80002
2015-06-17,37.77,37.79,38.59,34.85,252875,938411456.0,9.97,0.72,0.27,3.2,195418888043.1
2015-06-18,37.94,36.49,38.38,36.11,171553,643394880.0,6.01,-3.44,-1.3,2.17,188696354186.1
2015-06-19,35.6,32.71,36.3,32.71,191372,658882800.0,9.84,-10.36,-3.78,2.42,169149294201.9
2015-06-23,30.9,30.59,32.67,29.44,294329,895622448.0,9.87,-6.48,-2.12,3.72,158186392835.1
2015-06-24,31.01,31.57,32.97,30.78,242324,771084896.0,7.16,3.2,0.98,3.07,163254149127.3
2015-06-25,31.62,28.47,31.84,28.41,338350,1007276352.0,10.86,-9.82,-3.1,4.28,147223491468.3
2015-06-26,27.07,25.62,27.07,25.62,203374,527732736.0,5.09,-10.01,-2.85,2.57,132485628781.8
2015-06-29,23.5,23.06,25.99,23.06,315124,743749120.0,11.44,-9.99,-2.56,3.99,119247408263.4
2015-06-30,21.88,23.88,24.21,20.75,530209,1182665584.0,15.0,3.56,0.82,6.71,123487775773.2
2015-07-01,23.0,21.49,24.9,21.49,436736,1020984672.0,14.28,-10.01,-2.39,5.52,111128655836.09999
2015-07-02,20.9,19.34,21.1,19.34,552923,1095830880.0,8.19,-10.0,-2.15,6.99,100010619072.6
2015-07-03,18.0,17.41,19.65,17.41,456116,817208464.0,11.58,-9.98,-1.93,5.77,90030241884.9
2015-07-06,19.1,15.67,19.1,15.67,681766,1130501104.0,19.7,-9.99,-1.74,8.62,81032388876.3
2015-07-07,14.89,14.1,14.9,14.1,293526,419052448.0,5.11,-10.02,-1.57,3.71,72913636449.0
2015-07-08,12.69,13.47,15.0,12.69,1483978,1991820560.0,16.38,-4.47,-0.63,18.77,69655793118.3
2015-07-09,13.48,14.82,14.82,13.25,343966,490936576.0,11.66,10.02,1.35,4.35,76636885969.8
2015-07-10,16.3,16.3,16.3,16.3,30645,49950926.0,0.0,9.99,1.48,0.39,84290232207.0
2015-07-13,17.93,17.93,17.93,17.93,8030,14398328.0,0.0,10.0,1.63,0.1,92719255427.7
2015-07-14,19.72,19.72,19.72,19.72,31267,61658406.0,0.0,9.98,1.79,0.4,101975667430.79999
2015-07-15,20.6,20.12,21.6,19.0,1101428,2259722128.0,13.18,2.03,0.4,13.93,104044139386.8
2015-07-24,22.13,22.13,22.13,22.13,3220,7126767.0,0.0,9.99,2.01,0.04,114438210965.7
2015-07-27,24.34,24.34,24.34,23.01,788318,1914759072.0,6.01,9.99,2.21,9.97,125866518522.6
2015-07-28,22.7,22.34,25.89,21.91,822533,1896182128.0,16.35,-8.22,-2.0,10.41,115524158742.6
2015-07-29,23.01,23.08,23.85,20.18,684435,1497574096.0,16.43,3.31,0.74,8.66,119350831861.2
2015-07-30,22.74,21.08,22.98,21.0,540659,1199128000.0,8.58,-8.67,-2.0,6.84,109008472081.2
2015-07-31,20.19,18.97,20.6,18.97,418441,824775984.0,7.73,-10.01,-2.11,5.29,98097282513.29999
2015-08-03,18.0,17.07,18.4,17.07,391106,679810240.0,7.01,-10.02,-1.9,4.95,88272040722.3
2015-08-04,17.57,18.78,18.78,17.37,351280,637096752.0,8.26,10.02,1.71,4.44,97114758334.20001
2015-08-05,19.87,19.28,20.2,18.98,576761,1132224144.0,6.5,2.66,0.5,7.3,99700348279.20001
2015-08-06,17.86,18.25,18.74,17.5,772669,1398356976.0,6.43,-5.34,-1.03,8.09,94374032992.5
2015-08-07,18.71,19.3,19.9,18.19,740304,1404037344.0,9.37,5.75,1.05,7.75,99803771877.0
2015-08-10,19.37,21.23,21.23,19.2,795835,1609176432.0,10.52,10.0,1.93,8.33,109784149064.7
2015-08-11,21.95,21.75,22.88,21.18,987278,2177601984.0,8.01,2.45,0.52,10.34,112473162607.5
2015-08-12,21.05,20.97,21.94,20.66,643584,1373550112.0,5.89,-3.59,-0.78,6.74,108439642293.29999
2015-08-13,20.9,22.64,22.7,20.49,785057,1693264832.0,10.54,7.96,1.67,8.22,117075512709.6
2015-08-14,22.76,24.08,24.68,22.16,1001417,2334673984.0,11.13,6.36,1.44,10.49,124522011751.2
2015-08-17,23.8,23.93,24.49,22.8,810502,1913814048.0,7.02,-0.62,-0.15,8.49,123746334767.7
2015-08-18,23.99,21.54,24.1,21.54,673531,1521360672.0,10.7,-9.99,-2.39,7.05,111387214830.59999
2015-08-19,20.02,21.66,22.38,19.39,652128,1339513824.0,13.88,0.56,0.12,6.83,112007756417.4
2015-08-20,21.21,19.6,21.43,19.49,491103,1008353264.0,8.96,-9.51,-2.06,5.14,101355125844.0
2015-08-21,18.75,18.01,19.62,17.83,437361,819558672.0,9.13,-8.11,-1.59,4.58,93132949818.90001
2015-08-24,16.4,16.21,16.95,16.21,268570,438568720.0,4.11,-9.99,-1.8,2.81,83824826016.90001
2015-08-25,14.59,14.59,15.47,14.59,472744,700344528.0,5.43,-9.99,-1.62,4.95,75447514595.1
2015-08-26,14.7,14.11,15.66,13.42,644993,948346592.0,15.35,-3.29,-0.48,6.75,72965348247.9
2015-08-27,14.78,15.52,15.52,13.95,601599,889324416.0,11.13,9.99,1.41,6.3,80256711892.8
2015-08-28,15.81,17.07,17.07,15.6,741306,1209934048.0,9.47,9.99,1.55,7.76,88272040722.3
2015-08-31,17.01,16.76,17.89,16.42,687558,1181343488.0,8.61,-1.82,-0.31,7.2,86668974956.40001
2015-09-01,16.5,15.08,16.51,15.08,508253,793067888.0,8.53,-10.02,-1.68,5.32,77981392741.2
2015-09-02,13.68,14.47,15.88,13.68,606210,881022400.0,14.59,-4.05,-0.61,6.35,74826973008.3
2015-09-07,15.08,15.62,15.92,14.85,895323,1403492576.0,7.39,7.95,1.15,9.38,80773829881.8
2015-09-08,15.4,16.71,16.88,14.56,714056,1113964000.0,14.85,6.98,1.09,7.48,86410415961.90001
2015-09-09,16.8,17.12,17.68,15.82,1208440,2032363840.0,11.13,2.45,0.41,12.66,88530599716.8
2015-09-10,16.49,16.24,17.0,16.21,492679,820577776.0,4.61,-5.14,-0.88,5.16,83979961413.59999
2015-09-11,16.22,16.51,16.77,15.94,453506,743852544.0,5.11,1.66,0.27,4.75,85376179983.90001
2015-09-14,16.98,14.86,16.98,14.86,451019,711655984.0,12.84,-9.99,-1.65,4.72,76843733165.4
2015-09-15,14.18,13.37,14.5,13.37,572589,784856720.0,7.6,-10.03,-1.49,6.0,69138675129.3
2015-09-16,13.5,14.71,14.71,13.31,584295,818868432.0,10.47,10.02,1.34,6.12,76068056181.90001
2015-09-17,14.83,14.05,15.49,14.0,673475,1003317248.0,10.13,-4.49,-0.66,7.05,72655077454.5
2015-09-18,14.2,14.53,14.66,13.8,420704,601074368.0,6.12,3.42,0.48,4.41,75137243801.7
2015-09-21,14.09,15.98,15.98,14.09,587302,884667456.0,13.01,9.98,1.45,6.15,82635454642.2
2015-09-22,16.1,16.14,16.68,15.5,720729,1158583904.0,7.38,1.0,0.16,7.55,83462843424.6
2015-09-23,15.69,15.57,16.12,15.37,481324,757564976.0,4.65,-3.53,-0.57,5.04,80515270887.3
2015-09-24,16.01,15.93,16.29,15.52,402240,638819648.0,4.95,2.31,0.36,4.21,82376895647.7
2015-09-25,15.8,14.83,15.98,14.5,482216,728511744.0,9.29,-6.91,-1.1,5.05,76688597768.7
2015-09-28,14.92,15.27,15.3,14.21,328330,490431216.0,7.35,2.97,0.44,3.44,78963916920.3
2015-09-29,14.85,14.47,14.92,14.31,319310,466111360.0,3.99,-5.24,-0.8,3.34,74826973008.3
2015-09-30,14.7,14.49,14.94,14.42,218429,320074800.0,3.59,0.14,0.02,2.29,74930396606.1
2015-10-08,15.18,15.41,15.54,14.87,436642,665737376.0,4.62,6.35,0.92,4.57,79687882104.9
2015-10-12,15.91,16.78,16.95,15.82,1003088,1673148720.0,7.33,8.89,1.37,10.5,86772398554.20001
2015-10-13,16.53,16.91,17.03,16.47,694513,1164995328.0,3.34,0.77,0.13,7.27,87444651939.9
2015-10-14,16.9,16.97,17.51,16.64,793317,1354970544.0,5.14,0.35,0.06,8.31,87754922733.29999
2015-10-15,16.91,18.11,18.34,16.81,806547,1427743712.0,9.02,6.72,1.14,8.45,93650067807.9
2015-10-16,18.23,18.54,18.69,17.67,792664,1429527344.0,5.63,2.37,0.43,8.3,95873675160.59999
2015-10-19,18.92,18.14,18.98,17.73,641942,1167087184.0,6.74,-2.16,-0.4,6.72,93805203204.6
2015-10-20,18.0,18.94,19.2,17.77,725060,1341777856.0,7.88,4.41,0.8,7.59,97942147116.6
2015-10-21,18.9,17.24,19.01,17.05,864596,1552298208.0,10.35,-8.98,-1.7,9.05,89151141303.59999
2015-10-22,17.51,17.77,17.96,16.82,513006,897542800.0,6.61,3.07,0.53,5.37,91891866645.3
2015-10-23,17.8,18.43,18.9,17.59,660908,1200181888.0,7.37,3.71,0.66,6.92,95304845372.7
2015-10-26,18.7,18.84,19.06,18.08,681526,1268011808.0,5.32,2.22,0.41,7.14,97425029127.6
2015-10-27,18.6,18.97,19.05,17.53,651502,1199443280.0,8.07,0.69,0.13,9.5,98097282513.29999
2015-10-28,18.77,18.38,19.95,18.35,824893,1583037184.0,8.43,-3.11,-0.59,12.02,95046286378.2
2015-10-29,18.85,18.9,19.3,18.3,661584,1254134064.0,5.44,2.83,0.52,9.64,97735299921.0
2015-10-30,19.08,18.52,19.08,18.18,488361,908038960.0,4.76,-2.01,-0.38,7.12,95770251562.8
2015-11-02,17.9,17.82,18.57,17.7,417649,753554208.0,4.7,-3.78,-0.7,6.09,92150425639.8
2015-11-03,18.0,17.58,18.07,17.35,291084,515545056.0,4.04,-1.35,-0.24,4.24,90909342466.2
2015-11-04,17.59,19.34,19.34,17.59,928622,1763161632.0,9.95,10.01,1.76,13.54,100010619072.6
2015-11-05,19.77,19.48,20.15,19.34,1297358,2557851680.0,4.19,0.72,0.14,18.91,100734584257.2
2015-11-06,19.36,19.97,19.99,19.3,802942,1578074080.0,3.54,2.52,0.49,11.7,103268462403.29999
2015-11-09,19.97,20.08,20.39,19.52,794974,1589438960.0,4.36,0.55,0.11,11.59,103837292191.2
2015-11-10,20.03,19.84,20.67,19.69,711307,1431963808.0,4.88,-1.2,-0.24,10.37,102596209017.6
2015-11-11,19.72,19.85,19.9,19.3,664690,1299576656.0,3.02,0.05,0.01,9.69,102647920816.5
2015-11-12,19.8,19.42,19.86,19.19,535621,1042330576.0,3.38,-2.17,-0.43,7.81,100424313463.8
2015-11-13,19.2,19.74,20.29,18.9,683614,1331092384.0,7.16,1.65,0.32,9.97,102079091028.59999
2015-11-16,19.3,20.85,21.26,19.18,929129,1895262464.0,10.54,5.62,1.11,13.54,107819100706.5
2015-11-17,21.05,20.26,21.24,20.12,738788,1533683664.0,5.37,-2.83,-0.59,10.77,104768104571.40001
2015-11-18,20.4,19.62,20.72,19.49,525622,1056561344.0,6.07,-3.16,-0.64,7.66,101458549441.8
2015-11-19,19.68,20.28,20.35,19.55,396800,790370656.0,4.08,3.36,0.66,5.78,104871528169.20001
2015-11-20,20.31,20.1,20.57,19.96,416036,841391552.0,3.01,-0.89,-0.18,6.06,103940715789.0
2015-11-23,20.15,20.02,20.67,19.9,453455,916833680.0,3.83,-0.4,-0.08,6.61,103527021397.8
2015-11-24,19.99,20.23,20.48,19.8,414486,836788032.0,3.4,1.05,0.21,6.04,104612969174.7
2015-11-25,20.2,20.87,20.97,20.11,585581,1207664656.0,4.25,3.16,0.64,8.54,107922524304.3
2015-11-26,21.0,20.31,21.11,20.1,541066,1112064832.0,4.84,-2.68,-0.56,7.89,105026663565.9
2015-11-27,20.25,19.13,20.81,18.97,675758,1352361920.0,9.06,-5.81,-1.18,9.85,98924671295.7
2015-11-30,19.61,21.04,21.04,19.22,1135750,2325494080.0,9.51,9.98,1.91,16.56,108801624885.59999
2015-12-01,21.5,20.58,21.92,20.06,1406021,2975811552.0,8.84,-2.19,-0.46,20.5,106422882136.2
2015-12-02,19.89,19.41,20.08,18.53,745511,1446500240.0,7.53,-5.69,-1.17,10.87,100372601664.9
2015-12-03,19.43,19.84,19.87,19.02,401619,785642128.0,4.38,2.22,0.43,5.85,102596209017.6
2015-12-04,19.63,19.17,19.68,19.04,408852,790110096.0,3.23,-3.38,-0.67,5.96,99131518491.3
2015-12-07,19.18,19.42,19.46,18.9,328225,629109856.0,2.92,1.3,0.25,4.78,100424313463.8
2015-12-08,19.2,18.61,19.26,18.6,326856,617218416.0,3.4,-4.17,-0.81,4.76,96235657752.9
2015-12-09,18.53,18.33,18.76,18.23,292838,540403776.0,2.85,-1.5,-0.28,4.27,94787727383.7
2015-12-10,18.33,18.42,18.8,18.25,265388,491132400.0,3.0,0.49,0.09,3.87,95253133573.8
2015-12-11,18.4,18.39,18.64,18.25,222273,409897824.0,2.12,-0.16,-0.03,3.24,95097998177.1
2015-12-14,18.19,18.79,18.81,18.07,235251,433523552.0,4.02,2.18,0.4,3.43,97166470133.09999
2015-12-15,18.83,18.91,19.06,18.61,274345,517637296.0,2.39,0.64,0.12,4.0,97787011719.9
2015-12-16,19.04,18.76,19.18,18.71,240889,456093728.0,2.49,-0.79,-0.15,3.51,97011334736.40001
2015-12-17,18.86,19.15,19.42,18.86,427244,818335216.0,2.99,2.08,0.39,6.23,99028094893.5
2015-12-18,19.13,18.7,19.25,18.58,326964,617152720.0,3.5,-2.35,-0.45,4.77,96701063943.0
2015-12-21,18.6,19.0,19.16,18.51,266935,505118352.0,3.48,1.6,0.3,3.89,98252417910.0
2015-12-22,19.13,19.41,19.5,18.75,384643,736554736.0,3.95,2.16,0.41,5.61,100372601664.9
2015-12-23,19.33,18.91,19.48,18.88,327993,629432240.0,3.09,-2.58,-0.5,4.78,97787011719.9
2015-12-24,18.95,18.8,19.03,18.62,202103,379484224.0,2.17,-0.58,-0.11,2.95,97218181932.0
2015-12-25,18.76,19.17,19.19,18.69,260260,492944000.0,2.66,1.97,0.37,3.79,99131518491.3
2015-12-28,19.1,18.34,19.35,18.3,376710,712807488.0,5.48,-4.33,-0.83,5.49,94839439182.6
2015-12-29,18.3,18.25,18.44,17.96,212606,386654528.0,2.62,-0.49,-0.09,3.1,94374032992.5
2015-12-30,18.33,18.26,18.38,18.01,240709,437706720.0,2.03,0.05,0.01,3.51,94425744791.40001
2015-12-31,18.29,17.62,18.34,17.6,237432,426876336.0,4.05,-3.5,-0.64,3.46,91116189661.8
2016-01-04,17.7,15.86,17.82,15.86,241164,402172128.0,11.12,-9.99,-1.76,3.52,82014913055.4
2016-01-05,14.88,15.38,15.94,14.64,342191,525495008.0,8.2,-3.03,-0.48,4.99,79532746708.2
2016-01-06,15.48,15.74,15.78,15.41,299865,467014256.0,2.41,2.34,0.36,4.37,81394371468.6
2016-01-07,15.5,14.17,15.5,14.17,93069,136716052.0,8.45,-9.97,-1.57,1.36,73275619041.3
2016-01-08,14.55,14.49,14.91,13.22,381374,548770352.0,11.93,2.26,0.32,5.56,74930396606.1
2016-01-11,13.95,13.04,14.27,13.04,332906,453804752.0,8.49,-10.01,-1.45,4.85,67432185765.6
2016-01-12,13.08,13.28,13.48,12.83,254896,337104544.0,4.98,1.84,0.24,3.72,68673268939.2
2016-01-13,13.43,12.96,13.6,12.9,267201,356304144.0,5.27,-2.41,-0.32,3.9,67018491374.4
2016-01-14,12.59,13.51,13.55,12.45,257837,338025968.0,8.49,4.24,0.55,3.76,69862640313.9
2016-01-15,13.39,12.8,13.54,12.66,257663,336481072.0,6.51,-5.26,-0.71,3.76,66191102592.0
2016-01-18,12.5,12.97,13.33,12.45,249878,323744016.0,6.88,1.33,0.17,3.64,67070203173.3
2016-01-19,12.89,13.5,13.64,12.87,282066,375495856.0,5.94,4.09,0.53,4.11,69810928515.0
2016-01-20,13.52,14.85,14.85,13.52,500972,727533888.0,9.85,10.0,1.35,7.3,76792021366.5
2016-01-21,14.58,13.55,14.72,13.51,604528,864104400.0,8.15,-8.75,-1.3,8.81,70069487509.5
2016-01-22,13.84,13.95,14.15,13.5,337310,467183056.0,4.8,2.95,0.4,4.92,72137959465.5
2016-01-25,14.09,13.9,14.19,13.71,289118,403710688.0,3.44,-0.36,-0.05,4.21,71879400471.0
2016-01-26,13.62,12.51,13.8,12.51,363389,476554752.0,9.28,-10.0,-1.39,5.3,64691460423.9
2016-01-27,12.62,12.27,12.74,11.64,362737,441767520.0,8.79,-1.92,-0.24,5.29,63450377250.299995
2016-01-28,12.18,11.83,12.72,11.79,295220,364253840.0,7.58,-3.59,-0.44,4.3,61175058098.7
2016-01-29,11.89,12.55,12.74,11.89,288066,356524144.0,7.19,6.09,0.72,4.2,64898307619.5
2016-02-01,12.4,12.31,12.65,12.01,192683,238643178.0,5.1,-1.91,-0.24,2.81,63657224445.9
2016-02-02,12.31,12.82,12.88,12.3,242415,308134688.0,4.71,4.14,0.51,3.53,66294526189.8
2016-02-03,12.6,12.76,12.83,12.41,191501,240916081.0,3.28,-0.47,-0.06,2.79,65984255396.4
2016-02-04,12.87,13.16,13.36,12.8,293453,382218288.0,4.39,3.13,0.4,4.28,68052727352.4
2016-02-05,13.03,12.93,13.28,12.9,202176,264329201.0,2.89,-1.75,-0.23,2.95,66863355977.7
2016-02-15,12.3,12.68,12.78,12.29,208204,260530115.0,3.79,-1.93,-0.25,3.04,65570561005.2
2016-02-16,12.95,13.35,13.42,12.88,314617,416413504.0,4.26,5.28,0.67,4.59,69035251531.5
2016-02-17,13.2,13.59,13.69,13.11,371196,496526272.0,4.34,1.8,0.24,5.41,70276334705.1
2016-02-18,13.65,13.36,13.8,13.31,336999,455843552.0,3.61,-1.69,-0.23,4.91,69086963330.4
2016-02-19,13.45,13.36,13.47,13.22,224311,299479744.0,1.87,0.0,0.0,3.27,69086963330.4
2016-02-22,13.62,13.71,13.85,13.45,370253,506714672.0,2.99,2.62,0.35,5.4,70896876291.90001
2016-02-23,13.69,13.47,13.81,13.2,293659,396301312.0,4.45,-1.75,-0.24,4.28,69655793118.3
2016-02-24,13.32,13.77,13.79,13.1,359293,483235520.0,5.12,2.23,0.3,5.24,71207147085.3
2016-02-25,13.75,12.39,13.75,12.39,413888,537248208.0,9.88,-10.02,-1.38,6.03,64070918837.100006
2016-02-26,12.49,12.22,12.58,11.86,287663,353176544.0,5.81,-1.37,-0.17,4.19,63191818255.8
2016-02-29,12.05,11.29,12.13,11.11,287548,327479056.0,8.35,-7.61,-0.93,4.19,58382620958.1
2016-03-01,11.37,11.6,11.77,11.18,217825,249068148.0,5.23,2.75,0.31,3.18,59985686724.0
2016-03-02,11.6,12.3,12.48,11.54,321366,387662816.0,8.1,6.03,0.7,4.68,63605512647.0
2016-03-03,12.33,12.38,12.72,12.21,336913,420371456.0,4.15,0.65,0.08,4.91,64019207038.200005
2016-03-04,12.3,11.89,12.43,11.63,267424,322382256.0,6.46,-3.96,-0.49,3.9,61485328892.100006
2016-03-07,12.28,12.28,12.44,12.05,218171,267196179.0,3.28,3.28,0.39,3.18,63502089049.2
2016-03-08,12.29,12.35,12.37,11.81,236025,285438592.0,4.56,0.57,0.07,3.44,63864071641.5
2016-03-09,12.01,11.98,12.13,11.85,173496,208307644.0,2.27,-3.0,-0.37,2.53,61950735082.200005
2016-03-10,12.02,11.81,12.16,11.8,169666,202706040.0,3.01,-1.42,-0.17,2.47,61071634500.9
2016-03-11,11.65,11.93,12.0,11.55,144426,170841275.0,3.81,1.02,0.12,2.11,61692176087.7
2016-03-14,12.09,12.3,12.48,12.09,240565,296606848.0,3.27,3.1,0.37,3.51,63605512647.0
2016-03-15,12.35,12.2,12.43,12.1,179246,219597124.0,2.68,-0.81,-0.1,2.61,63088394658.0
2016-03-16,12.31,11.94,12.36,11.87,148013,178202044.0,4.02,-2.13,-0.26,2.16,61743887886.6
2016-03-17,12.05,12.36,12.49,11.99,262197,321762016.0,4.19,3.52,0.42,3.82,63915783440.399994
2016-03-18,12.46,12.86,13.0,12.36,417760,531896112.0,5.18,4.05,0.5,6.09,66501373385.399994
2016-03-21,13.05,13.22,13.37,12.95,480753,631740048.0,3.27,2.8,0.36,7.01,68362998145.8
2016-03-22,13.01,13.1,13.39,12.96,352530,464232960.0,3.25,-0.91,-0.12,5.14,67742456559.0
2016-03-23,13.1,13.25,13.34,13.03,276943,364833008.0,2.37,1.15,0.15,4.04,68518133542.5
2016-03-24,13.1,13.15,13.75,12.89,470667,625155696.0,6.49,-0.75,-0.1,6.86,68001015553.5
2016-03-25,13.05,13.38,13.52,13.03,497207,661350080.0,3.73,1.75,0.23,7.25,69190386928.2
2016-03-28,13.45,13.33,13.75,13.27,504924,681826704.0,3.59,-0.37,-0.05,7.36,68931827933.7
2016-03-29,13.3,12.97,13.33,12.87,298679,390970736.0,3.45,-2.7,-0.36,4.35,67070203173.3
2016-03-30,13.11,13.46,13.47,13.04,279023,370059792.0,3.32,3.78,0.49,4.07,69604081319.40001
2016-03-31,13.49,13.35,13.58,13.3,259979,348490512.0,2.08,-0.82,-0.11,3.79,69035251531.5
2016-04-01,13.28,13.12,13.34,12.95,277707,364007984.0,2.92,-1.72,-0.23,4.05,67845880156.799995
2016-04-05,13.12,13.53,13.57,13.08,360343,482371440.0,3.73,3.13,0.41,5.25,69966063911.7
2016-04-06,13.49,14.1,14.39,13.43,703472,980261648.0,7.1,4.21,0.57,10.25,72913636449.0
2016-04-07,14.01,13.57,14.12,13.51,489236,673084864.0,4.33,-3.76,-0.53,7.13,70172911107.3
2016-04-08,13.44,13.39,13.53,13.15,247080,328816480.0,2.8,-1.33,-0.18,3.6,69242098727.1
2016-04-11,13.58,13.6,13.75,13.45,284907,388913536.0,2.24,1.57,0.21,4.15,70328046504.0
2016-04-12,13.56,13.45,13.67,13.26,203511,272774864.0,3.01,-1.1,-0.15,2.97,69552369520.5
2016-04-13,13.49,13.64,13.88,13.46,414825,568123600.0,3.12,1.41,0.19,6.05,70534893699.6
2016-04-14,13.75,13.7,13.81,13.48,231798,315763424.0,2.42,0.44,0.06,3.38,70845164493.0
2016-04-15,13.7,13.6,13.77,13.5,193458,263245934.0,1.97,-0.73,-0.1,2.82,70328046504.0
2016-04-18,13.4,13.21,13.46,13.14,221965,294780464.0,2.35,-2.87,-0.39,3.24,68311286346.9
2016-04-19,13.34,13.26,13.38,13.15,152605,202010937.0,1.74,0.38,0.05,2.22,68569845341.4
2016-04-20,13.3,12.52,13.34,12.3,325483,417064240.0,7.84,-5.58,-0.74,4.74,64743172222.799995
2016-04-21,12.48,12.6,13.06,12.46,309882,397522064.0,4.79,0.64,0.08,4.52,65156866614.0
2016-04-22,12.43,12.64,12.7,12.31,198001,247650957.0,3.1,0.32,0.04,2.89,65363713809.600006
2016-04-25,12.5,12.79,12.85,12.23,162206,203261650.0,4.91,1.19,0.15,2.36,66139390793.1
2016-04-26,12.85,12.79,12.9,12.5,133932,170245438.0,3.13,0.0,0.0,1.95,66139390793.1
2016-04-27,12.76,12.57,12.8,12.52,106489,134806145.0,2.19,-1.72,-0.22,1.55,65001731217.3
2016-04-28,12.6,12.41,12.63,12.21,123890,153615039.0,3.34,-1.27,-0.16,1.81,64174342434.9
2016-04-29,12.44,12.44,12.63,12.4,94869,118865323.0,1.85,0.24,0.03,1.38,64329477831.6
2016-05-03,12.46,12.82,12.85,12.28,203665,257812093.0,4.58,3.05,0.38,2.97,66294526189.8
2016-05-04,12.72,12.75,12.87,12.68,144678,184775406.0,1.48,-0.55,-0.07,2.11,65932543597.5
2016-05-05,12.81,12.87,12.94,12.72,156610,201173684.0,1.73,0.94,0.12,2.28,66553085184.299995
2016-05-06,12.86,12.22,12.94,12.2,240396,301209344.0,5.75,-5.05,-0.65,3.5,63191818255.8
2016-05-09,12.15,11.8,12.17,11.73,147351,175496228.0,3.6,-3.44,-0.42,2.15,61019922702.0
2016-05-10,11.81,11.87,11.91,11.76,79800,94497242.0,1.27,0.59,0.07,1.16,61381905294.299995
2016-05-11,11.96,11.79,11.99,11.72,87397,103727363.0,2.27,-0.67,-0.08,1.27,60968210903.1
2016-05-12,11.6,11.78,11.78,11.48,102373,119247520.0,2.54,-0.08,-0.01,1.49,60916499104.2
2016-05-13,11.76,11.69,11.89,11.6,74939,87979337.0,2.46,-0.76,-0.09,1.09,60451092914.1
2016-05-16,11.69,11.87,11.89,11.62,79290,93381228.0,2.31,1.54,0.18,1.16,61381905294.299995
2016-05-17,11.92,11.89,12.08,11.8,112409,133988939.0,2.36,0.17,0.02,1.64,61485328892.100006
2016-05-18,11.78,11.51,11.83,11.36,126495,146060878.0,3.95,-3.2,-0.38,1.84,59520280533.9
2016-05-19,11.57,11.51,11.73,11.49,82741,95967699.0,2.09,0.0,0.0,1.21,59520280533.9
2016-05-20,11.4,11.66,11.69,11.38,92575,107139307.0,2.69,1.3,0.15,1.35,60295957517.4
2016-05-23,11.66,11.77,11.83,11.66,84803,99611099.0,1.46,0.94,0.11,1.24,60864787305.299995
2016-05-24,11.78,11.63,11.78,11.55,76908,89470364.0,1.95,-1.19,-0.14,1.12,60140822120.700005
2016-05-25,11.75,11.63,11.8,11.59,79256,92757315.0,1.81,0.0,0.0,1.16,60140822120.700005
2016-05-26,11.58,11.63,11.68,11.36,106511,122485901.0,2.75,0.0,0.0,1.55,60140822120.700005
2016-05-27,11.56,11.83,12.18,11.54,307312,364325920.0,5.5,1.72,0.2,4.48,61175058098.7
2016-05-30,11.72,11.72,11.9,11.65,127733,150233378.0,2.11,-0.93,-0.11,1.86,60606228310.8
2016-05-31,11.75,12.2,12.22,11.71,268839,323849536.0,4.35,4.1,0.48,3.92,63088394658.0
2016-06-01,12.2,12.25,12.35,12.13,216493,264765997.0,1.8,0.41,0.05,3.16,63346953652.5
2016-06-02,12.23,12.28,12.31,12.16,150413,183985144.0,1.22,0.24,0.03,2.19,63502089049.2
2016-06-03,12.31,12.27,12.38,12.16,173345,212923895.0,1.79,-0.08,-0.01,2.53,63450377250.299995
2016-06-06,12.3,12.44,12.7,12.24,310554,386887296.0,3.75,1.39,0.17,4.53,64329477831.6
2016-06-07,12.42,12.43,12.53,12.31,204952,254842261.0,1.77,-0.08,-0.01,2.99,64277766032.7
2016-06-08,12.35,12.44,12.53,12.22,212238,263217671.0,2.49,0.08,0.01,3.09,64329477831.6
2016-06-13,12.24,11.66,12.35,11.63,205543,249168528.0,5.79,-6.27,-0.78,3.0,60295957517.4
2016-06-14,11.66,11.9,12.02,11.62,125793,149208218.0,3.43,2.06,0.24,1.83,61537040691.0
2016-06-15,11.75,12.18,12.27,11.7,191447,232200058.0,4.79,2.35,0.28,2.79,62984971060.2
2016-06-16,12.18,12.23,12.35,12.11,139537,170584907.0,1.97,0.41,0.05,2.03,63243530054.700005
2016-06-17,12.24,12.39,12.57,12.24,208080,258433247.0,2.7,1.31,0.16,3.03,64070918837.100006
2016-06-20,9.37,9.36,9.51,9.32,117131,110087132.0,1.53,-24.46,-3.03,1.31,48402243770.399994
2016-06-21,9.36,9.1,9.4,9.03,269902,248614522.0,3.95,-2.78,-0.26,3.03,47057736999.0
2016-06-22,9.13,9.23,9.24,9.08,121355,111212736.0,1.76,1.43,0.13,1.36,47729990384.700005
2016-06-23,9.21,9.09,9.22,9.06,120517,109953069.0,1.73,-1.52,-0.14,1.35,47006025200.1
2016-06-24,9.11,9.09,9.18,8.67,195873,175407084.0,5.61,0.0,0.0,2.2,47006025200.1
2016-06-27,8.99,9.17,9.24,8.97,151302,138028138.0,2.97,0.88,0.08,1.7,47419719591.3
2016-06-28,9.11,9.27,9.35,9.02,212425,195147086.0,3.6,1.09,0.1,2.38,47936837580.299995
2016-06-29,9.31,9.43,9.57,9.21,366158,344581536.0,3.88,1.73,0.16,4.11,48764226362.7
2016-06-30,9.33,9.36,9.44,9.3,147319,137976789.0,1.48,-0.74,-0.07,1.65,48402243770.399994
2016-07-01,9.42,9.35,9.48,9.34,139391,131037455.0,1.5,-0.11,-0.01,1.56,48350531971.5
2016-07-04,9.31,9.51,9.55,9.26,289127,274131232.0,3.1,1.71,0.16,3.24,49177920753.9
2016-07-05,9.5,9.59,9.66,9.47,242542,232089347.0,2.0,0.84,0.08,2.72,49591615145.1
2016-07-06,9.53,9.52,9.61,9.48,190128,181311867.0,1.36,-0.73,-0.07,2.13,49229632552.799995
2016-07-07,9.49,9.62,9.63,9.33,318582,303397328.0,3.15,1.05,0.1,3.57,49746750541.799995
2016-07-08,9.8,9.64,9.95,9.62,575093,564841264.0,3.43,0.21,0.02,6.45,49850174139.600006
2016-07-11,9.52,9.48,9.66,9.42,299852,286672304.0,2.49,-1.66,-0.16,3.36,49022785357.200005
2016-07-12,9.48,9.6,9.63,9.35,253709,240786071.0,2.95,1.27,0.12,2.84,49643326944.0
2016-07-13,9.6,9.73,9.74,9.56,292471,283062912.0,1.88,1.35,0.13,3.28,50315580329.700005
2016-07-14,9.71,9.68,9.73,9.62,166295,160623698.0,1.13,-0.51,-0.05,1.86,50057021335.2
2016-07-15,9.72,9.62,9.72,9.57,157783,152017349.0,1.55,-0.62,-0.06,1.77,49746750541.799995
2016-07-18,9.61,9.52,9.66,9.45,145249,138476372.0,2.18,-1.04,-0.1,1.63,49229632552.799995
2016-07-19,9.52,9.57,9.58,9.47,116153,110598580.0,1.16,0.53,0.05,1.3,49488191547.3
2016-07-20,9.57,9.49,9.61,9.48,128890,122934339.0,1.36,-0.84,-0.08,1.45,49074497156.1
2016-07-21,9.5,9.55,9.63,9.49,161108,154133893.0,1.48,0.63,0.06,1.81,49384767949.5
2016-07-22,9.54,9.47,9.57,9.44,148414,140668605.0,1.36,-0.84,-0.08,1.66,48971073558.3
2016-07-25,9.52,9.72,9.77,9.52,374672,362703760.0,2.64,2.64,0.25,4.2,50263868530.8
2016-07-26,9.68,9.73,9.74,9.63,242564,234832382.0,1.13,0.1,0.01,2.72,50315580329.700005
2016-07-27,9.74,9.33,9.76,9.05,362534,341735760.0,7.3,-4.11,-0.4,4.07,48247108373.7
2016-07-28,9.28,9.24,9.37,9.1,187154,172763664.0,2.89,-0.96,-0.09,2.1,47781702183.6
2016-07-29,9.27,9.18,9.29,9.15,131865,121361076.0,1.52,-0.65,-0.06,1.48,47471431390.2
2016-08-01,9.19,8.98,9.2,8.9,131675,118795473.0,3.27,-2.18,-0.2,1.48,46437195412.200005
2016-08-02,9.01,9.12,9.14,8.99,105108,95029070.0,1.67,1.56,0.14,1.18,47161160596.799995
2016-08-03,9.09,9.36,9.44,9.05,242125,224632631.0,4.28,2.63,0.24,2.72,48402243770.399994
2016-08-04,9.29,9.28,9.32,9.17,165109,152684837.0,1.6,-0.85,-0.08,1.85,47988549379.2
2016-08-05,9.26,9.34,9.46,9.2,182260,170119264.0,2.8,0.65,0.06,2.04,48298820172.6
2016-08-08,9.34,9.78,9.89,9.28,453574,437492480.0,6.53,4.71,0.44,5.09,50574139324.2
2016-08-09,9.69,9.71,9.76,9.62,283331,274662096.0,1.43,-0.72,-0.07,3.18,50212156731.9
2016-08-10,9.71,9.58,9.77,9.56,195263,188607476.0,2.16,-1.34,-0.13,2.19,49539903346.2
2016-08-11,9.63,9.41,9.65,9.4,179616,170569474.0,2.61,-1.77,-0.17,2.01,48660802764.9
2016-08-12,9.41,9.57,9.59,9.4,150235,142946721.0,2.02,1.7,0.16,1.68,49488191547.3
2016-08-15,9.7,9.82,9.89,9.65,380177,372042848.0,2.51,2.61,0.25,4.26,50780986519.8
2016-08-16,9.82,9.85,9.94,9.75,318125,312455952.0,1.93,0.31,0.03,3.57,50936121916.5
2016-08-17,9.8,10.31,10.7,9.74,945110,971339520.0,9.75,4.67,0.46,10.6,53314864665.9
2016-08-18,10.23,10.32,10.55,10.2,565188,584934352.0,3.39,0.1,0.01,6.34,53366576464.8
2016-08-19,10.3,10.53,10.63,10.25,492262,515167776.0,3.68,2.03,0.21,5.52,54452524241.7
2016-08-22,10.53,10.2,10.74,10.11,393214,407910064.0,5.98,-3.13,-0.33,4.41,52746034878.0
2016-08-23,10.18,10.19,10.26,10.05,267496,271626592.0,2.06,-0.1,-0.01,3.0,52694323079.1
2016-08-24,10.2,10.12,10.26,10.06,230374,233985083.0,1.96,-0.69,-0.07,2.58,52332340486.799995
2016-08-25,10.04,9.93,10.06,9.78,316674,313393664.0,2.77,-1.88,-0.19,3.55,51349816307.7
2016-08-26,9.93,9.91,10.08,9.89,235645,235109144.0,1.91,-0.2,-0.02,2.64,51246392709.9
2016-08-29,9.92,10.07,10.17,9.91,222298,223816114.0,2.62,1.61,0.16,2.49,52073781492.3
2016-08-30,10.1,10.07,10.16,9.98,169184,170094320.0,1.79,0.0,0.0,1.9,52073781492.3
2016-08-31,10.05,10.12,10.14,9.93,165418,166064162.0,2.09,0.5,0.05,1.85,52332340486.799995
2016-09-01,10.12,10.02,10.21,9.97,219730,221118297.0,2.37,-0.99,-0.1,2.46,51815222497.799995
2016-09-02,9.96,10.36,10.49,9.91,626425,643335104.0,5.79,3.39,0.34,7.02,53573423660.399994
2016-09-05,10.26,10.28,10.36,10.2,345472,354742832.0,1.54,-0.77,-0.08,3.87,53159729269.2
2016-09-06,10.28,10.27,10.33,10.02,330104,336135184.0,3.02,-0.1,-0.01,3.7,53108017470.299995
2016-09-07,10.26,10.33,10.57,10.25,447654,464449888.0,3.12,0.58,0.06,5.02,53418288263.7
2016-09-08,10.26,10.27,10.32,10.18,211020,216280360.0,1.36,-0.58,-0.06,2.37,53108017470.299995
2016-09-09,10.34,10.05,10.38,10.03,290085,296513728.0,3.41,-2.14,-0.22,3.25,51970357894.5
2016-09-12,9.85,9.82,9.94,9.56,385705,377522064.0,3.78,-2.29,-0.23,4.33,50780986519.8
2016-09-13,9.83,9.84,9.89,9.72,161933,158895005.0,1.73,0.2,0.02,1.82,50884410117.6
2016-09-14,9.78,9.75,9.92,9.69,175628,172433481.0,2.34,-0.91,-0.09,1.97,50419003927.5
2016-09-19,9.75,9.81,9.86,9.75,130668,127892529.0,1.13,0.62,0.06,1.47,50729274720.9
2016-09-20,9.81,9.7,9.84,9.6,148191,143869344.0,2.45,-1.12,-0.11,1.66,50160444933.0
2016-09-21,9.72,9.71,9.81,9.7,100807,98240635.0,1.13,0.1,0.01,1.13,50212156731.9
2016-09-22,9.8,9.78,9.84,9.76,132148,129484446.0,0.82,0.72,0.07,1.48,50574139324.2
2016-09-23,9.81,9.8,9.85,9.76,124673,122201976.0,0.92,0.2,0.02,1.4,50677562922.0
2016-09-26,9.8,9.91,10.24,9.8,460480,461832208.0,4.49,1.12,0.11,5.16,51246392709.9
2016-09-27,9.8,10.07,10.1,9.7,305480,300759440.0,4.04,1.61,0.16,3.43,52073781492.3
2016-09-28,10.02,10.05,10.16,9.97,280558,282478528.0,1.89,-0.2,-0.02,3.15,51970357894.5
2016-09-29,10.08,10.08,10.24,9.97,271013,273320752.0,2.69,0.3,0.03,3.04,52125493291.2
2016-09-30,10.06,10.28,10.34,10.03,442066,452842528.0,3.08,1.98,0.2,4.96,53159729269.2
2016-10-10,10.28,10.39,10.43,10.17,414371,426248864.0,2.53,1.07,0.11,4.65,53728559057.100006
2016-10-11,10.45,10.32,10.5,10.27,301247,311262080.0,2.21,-0.67,-0.07,3.38,53366576464.8
2016-10-12,10.33,10.28,10.48,10.26,278875,288348880.0,2.13,-0.39,-0.04,3.13,53159729269.2
2016-10-13,10.25,10.64,10.73,10.19,800490,842835776.0,5.25,3.5,0.36,8.98,55021354029.600006
2016-10-14,10.56,10.8,11.09,10.52,981732,1063527024.0,5.36,1.5,0.16,11.01,55848742812.0
2016-10-17,10.77,10.61,11.12,10.53,769683,834760880.0,5.46,-1.76,-0.19,8.63,54866218632.899994
2016-10-18,10.56,10.79,10.81,10.47,462094,491537040.0,3.2,1.7,0.18,5.18,55797031013.1
2016-10-19,10.9,10.99,11.23,10.85,688172,759902864.0,3.52,1.85,0.2,7.72,56831266991.1
2016-10-20,10.92,10.87,11.07,10.82,386600,421140608.0,2.27,-1.09,-0.12,4.34,56210725404.299995
2016-10-21,10.8,10.7,10.95,10.53,364491,391420336.0,3.86,-1.56,-0.17,4.09,55331624823.0
2016-10-24,10.72,10.82,10.92,10.57,383298,412989456.0,3.27,1.12,0.12,4.3,55952166409.8
2016-10-25,10.77,10.73,10.88,10.64,284214,304547024.0,2.22,-0.83,-0.09,3.19,55486760219.700005
2016-10-26,10.7,10.55,10.77,10.51,285137,302104736.0,2.42,-1.68,-0.18,3.2,54555947839.5
2016-10-27,10.56,10.63,10.66,10.52,207572,219762201.0,1.33,0.76,0.08,2.33,54969642230.700005
2016-10-28,10.6,10.36,10.68,10.35,264734,278135248.0,3.1,-2.54,-0.27,2.97,53573423660.399994
2016-10-31,10.3,10.38,10.46,10.28,157621,163491341.0,1.74,0.19,0.02,1.77,53676847258.200005
2016-11-01,10.4,10.52,10.54,10.33,198348,207304367.0,2.02,1.35,0.14,2.22,54400812442.799995
2016-11-02,10.48,10.31,10.48,10.3,216659,224783871.0,1.71,-2.0,-0.21,2.43,53314864665.9
2016-11-03,10.27,10.54,10.61,10.24,328756,344718032.0,3.59,2.23,0.23,3.69,54504236040.6
2016-11-04,10.48,10.39,10.61,10.36,198478,207839259.0,2.37,-1.42,-0.15,2.23,53728559057.100006
2016-11-07,10.39,10.34,10.45,10.29,169956,175973083.0,1.54,-0.48,-0.05,1.91,53470000062.6
2016-11-08,10.42,10.45,10.46,10.34,188578,196185359.0,1.16,1.06,0.11,2.11,54038829850.5
2016-11-09,10.46,10.18,10.46,10.03,279261,286562080.0,4.11,-2.58,-0.27,3.13,52642611280.2
2016-11-10,10.29,10.34,10.38,10.2,191780,197856457.0,1.77,1.57,0.16,2.15,53470000062.6
2016-11-11,10.34,10.44,10.48,10.31,237243,246811623.0,1.64,0.97,0.1,2.66,53987118051.6
2016-11-14,10.39,10.5,10.53,10.37,266187,278578704.0,1.53,0.57,0.06,2.98,54297388845.0
2016-11-15,10.51,10.48,10.53,10.4,177940,186091683.0,1.24,-0.19,-0.02,2.0,54193965247.200005
2016-11-16,10.49,10.55,10.64,10.44,284892,300482928.0,1.91,0.67,0.07,3.19,54555947839.5
2016-11-17,10.54,10.39,10.55,10.32,210466,218984424.0,2.18,-1.52,-0.16,2.36,53728559057.100006
2016-11-18,10.39,10.26,10.42,10.24,157204,162545040.0,1.73,-1.25,-0.13,1.76,53056305671.4
2016-11-21,10.28,10.32,10.38,10.26,145256,150009210.0,1.17,0.58,0.06,1.63,53366576464.8
2016-11-22,10.34,10.53,10.53,10.31,235221,245614051.0,2.13,2.03,0.21,2.64,54452524241.7
2016-11-23,10.55,10.41,10.58,10.39,215234,225678461.0,1.8,-1.14,-0.12,2.41,53831982654.9
2016-11-24,10.44,10.69,10.82,10.37,588542,626431584.0,4.32,2.69,0.28,6.6,55279913024.1
2016-11-25,10.64,10.69,10.74,10.45,367690,389749968.0,2.71,0.0,0.0,4.12,55279913024.1
2016-11-28,10.73,10.81,10.85,10.62,374312,401879296.0,2.15,1.12,0.12,4.2,55900454610.9
2016-11-29,10.76,10.58,11.05,10.55,518927,558858096.0,4.63,-2.13,-0.23,5.82,54711083236.2
2016-11-30,10.52,10.48,10.66,10.43,248027,261026648.0,2.17,-0.95,-0.1,2.78,54193965247.200005
2016-12-01,10.49,10.43,10.56,10.39,220971,231221883.0,1.62,-0.48,-0.05,2.48,53935406252.7
2016-12-02,10.44,10.14,10.47,10.13,301695,309498800.0,3.26,-2.78,-0.29,3.38,52435764084.600006
2016-12-05,10.01,10.16,10.18,9.98,165237,167091664.0,1.97,0.2,0.02,1.85,52539187682.4
2016-12-06,10.18,10.07,10.19,10.07,100539,101899038.0,1.18,-0.89,-0.09,1.13,52073781492.3
2016-12-07,10.1,10.22,10.23,10.07,117284,119057160.0,1.59,1.49,0.15,1.32,52849458475.8
2016-12-08,10.23,10.13,10.25,10.12,104911,106654756.0,1.27,-0.88,-0.09,1.18,52384052285.700005
2016-12-09,10.13,10.16,10.24,10.07,134882,136964170.0,1.68,0.3,0.03,1.51,52539187682.4
2016-12-12,10.16,9.77,10.18,9.68,331959,326888064.0,4.92,-3.84,-0.39,3.72,50522427525.299995
2016-12-13,9.73,9.76,9.8,9.67,108033,105259469.0,1.33,-0.1,-0.01,1.21,50470715726.4
2016-12-14,9.76,9.59,9.76,9.56,133378,128750162.0,2.05,-1.74,-0.17,1.5,49591615145.1
2016-12-15,9.56,9.7,9.74,9.53,106198,102706001.0,2.19,1.15,0.11,1.19,50160444933.0
2016-12-16,9.76,10.25,10.67,9.75,514835,529073552.0,9.48,5.67,0.55,5.77,53004593872.5
2016-12-19,10.2,10.16,10.27,10.07,215496,218399732.0,1.95,-0.88,-0.09,2.42,52539187682.4
2016-12-20,10.24,10.19,10.35,10.1,173192,177039781.0,2.46,0.3,0.03,1.94,52694323079.1
2016-12-21,10.26,10.22,10.4,10.18,182943,187696669.0,2.16,0.29,0.03,2.05,52849458475.8
2016-12-22,10.25,10.18,10.27,10.08,161532,164286269.0,1.86,-0.39,-0.04,1.81,52642611280.2
2016-12-23,10.19,10.04,10.19,9.91,152276,152750729.0,2.75,-1.38,-0.14,1.71,51918646095.6
2016-12-26,10.01,10.26,10.34,9.81,186680,187702320.0,5.28,2.19,0.22,2.09,53056305671.4
2016-12-27,10.2,10.22,10.29,10.14,136401,139248398.0,1.46,-0.39,-0.04,1.53,52849458475.8
2016-12-28,10.22,10.14,10.48,10.13,223345,230049077.0,3.42,-0.78,-0.08,2.5,52435764084.600006
2016-12-29,10.08,10.31,10.46,10.07,319548,330063648.0,3.85,1.68,0.17,3.58,53314864665.9
2016-12-30,10.25,10.33,10.4,10.18,226316,233008596.0,2.13,0.19,0.02,2.54,53418288263.7
2017-01-03,10.38,10.47,10.57,10.27,336749,351455184.0,2.9,1.36,0.14,3.78,54142253448.3
2017-01-04,10.47,10.66,10.82,10.4,629259,671114576.0,4.01,1.81,0.19,7.06,55124777627.4
2017-01-05,10.59,10.74,11.08,10.5,707441,763559072.0,5.44,0.75,0.08,7.93,55538472018.6
2017-01-06,10.65,10.58,10.76,10.57,327903,348894848.0,1.77,-1.49,-0.16,3.68,54711083236.2
2017-01-09,10.52,10.81,10.9,10.52,407526,438073072.0,3.59,2.17,0.23,4.57,55900454610.9
2017-01-10,10.8,10.56,10.85,10.55,319455,341369568.0,2.78,-2.31,-0.25,3.58,54607659638.4
2017-01-11,10.51,10.51,10.66,10.44,215076,226824601.0,2.08,-0.47,-0.05,2.41,54349100643.9
2017-01-12,10.52,10.36,10.56,10.34,186352,194763117.0,2.09,-1.43,-0.15,2.09,53573423660.399994
2017-01-13,10.38,10.34,10.49,10.31,185883,193120515.0,1.74,-0.19,-0.02,2.08,53470000062.6
2017-01-16,10.35,10.39,10.44,9.82,406226,414597952.0,6.0,0.48,0.05,4.56,53728559057.100006
2017-01-17,10.3,10.28,10.37,10.11,168653,172851269.0,2.5,-1.06,-0.11,1.89,53159729269.2
2017-01-18,10.29,10.49,10.58,10.24,269836,282610704.0,3.31,2.04,0.21,3.03,54245677046.1
2017-01-19,10.45,10.51,10.69,10.42,227965,240590860.0,2.57,0.19,0.02,2.56,54349100643.9
2017-01-20,10.48,10.64,10.64,10.38,273282,287834800.0,2.47,1.24,0.13,3.06,55021354029.600006
2017-01-23,10.72,10.71,10.79,10.58,262722,280292560.0,1.97,0.66,0.07,2.95,55383336621.9
2017-01-24,10.66,10.63,10.76,10.59,180726,192686522.0,1.59,-0.75,-0.08,2.03,54969642230.700005
2017-01-25,10.58,10.86,10.9,10.52,370833,398857472.0,3.57,2.16,0.23,4.16,56159013605.399994
2017-01-26,10.83,10.74,10.93,10.71,269415,290490912.0,2.03,-1.1,-0.12,3.02,55538472018.6
2017-02-03,10.75,10.72,10.78,10.62,152944,163309978.0,1.49,-0.19,-0.02,1.72,55435048420.8
2017-02-06,10.7,10.86,10.88,10.65,361144,389960016.0,2.15,1.31,0.14,4.05,56159013605.399994
2017-02-07,10.83,10.95,11.11,10.71,495910,540867776.0,3.68,0.83,0.09,5.56,56624419795.5
2017-02-08,10.88,10.89,10.93,10.76,303807,329282352.0,1.55,-0.55,-0.06,3.41,56314149002.100006
2017-02-09,10.9,10.94,10.98,10.79,431738,469423600.0,1.74,0.46,0.05,4.84,56572707996.6
2017-02-10,10.96,11.05,11.16,10.85,599182,659802528.0,2.83,1.01,0.11,6.72,57141537784.5
2017-02-13,11.05,11.14,11.26,10.92,560951,621551584.0,3.08,0.81,0.09,6.29,57606943974.600006
2017-02-14,11.1,10.97,11.12,10.95,358642,395922224.0,1.53,-1.53,-0.17,4.02,56727843393.3
2017-02-15,10.96,10.98,11.32,10.94,717589,798398672.0,3.46,0.09,0.01,8.05,56779555192.200005
2017-02-16,10.92,11.04,11.13,10.83,434249,476945616.0,2.73,0.55,0.06,4.87,57089825985.6
2017-02-17,11.14,10.73,11.17,10.71,447321,488524496.0,4.17,-2.81,-0.31,5.02,55486760219.700005
2017-02-20,10.84,10.97,10.99,10.79,315246,343258192.0,1.86,2.24,0.24,3.53,56727843393.3
2017-02-21,11.0,11.05,11.09,10.94,297753,327934192.0,1.37,0.73,0.08,3.34,57141537784.5
2017-02-22,10.98,11.39,11.48,10.97,788266,889408176.0,4.62,3.08,0.34,8.84,58899738947.100006
2017-02-23,11.37,11.43,11.46,11.21,527268,598136448.0,2.19,0.35,0.04,5.91,59106586142.7
2017-02-24,11.38,11.39,11.54,11.34,396413,453178096.0,1.75,-0.35,-0.04,4.45,58899738947.100006
2017-02-27,11.45,11.22,11.5,11.2,341906,388069728.0,2.63,-1.49,-0.17,3.83,58020638365.8
2017-02-28,11.22,11.33,11.38,11.19,243358,274693632.0,1.69,0.98,0.11,2.73,58589468153.7
2017-03-01,11.32,11.22,11.35,11.2,253725,286094960.0,1.32,-0.97,-0.11,2.85,58020638365.8
2017-03-02,11.29,11.08,11.31,11.06,300289,334329232.0,2.23,-1.25,-0.14,3.37,57296673181.2
2017-03-03,11.02,11.1,11.15,10.96,180042,199041467.0,1.71,0.18,0.02,2.02,57400096779.0
2017-03-06,11.11,11.17,11.22,11.07,203276,226702477.0,1.35,0.63,0.07,2.28,57762079371.3
2017-03-07,11.18,11.06,11.19,11.01,228018,252380645.0,1.61,-0.98,-0.11,2.56,57193249583.4
2017-03-08,11.06,11.08,11.12,10.99,157542,174299051.0,1.18,0.18,0.02,1.77,57296673181.2
2017-03-09,11.06,10.83,11.06,10.77,277965,302233168.0,2.62,-2.26,-0.25,3.12,56003878208.7
2017-03-10,10.82,10.73,10.87,10.73,149375,161109154.0,1.29,-0.92,-0.1,1.67,55486760219.700005
2017-03-13,10.77,10.86,10.87,10.71,169982,183860531.0,1.49,1.21,0.13,1.91,56159013605.399994
2017-03-14,10.83,10.84,10.88,10.7,188069,203215248.0,1.66,-0.18,-0.02,2.11,56055590007.6
2017-03-15,10.8,10.9,10.98,10.73,187526,203937931.0,2.31,0.55,0.06,2.1,56365860801.0
2017-03-16,10.92,10.94,10.99,10.87,203630,222334009.0,1.1,0.37,0.04,2.28,56572707996.6
2017-03-17,10.9,10.78,10.97,10.74,192460,208897893.0,2.1,-1.46,-0.16,2.16,55745319214.2
2017-03-20,10.76,10.75,10.79,10.64,173993,186222337.0,1.39,-0.28,-0.03,1.95,55590183817.5
2017-03-21,10.74,10.79,10.8,10.71,128546,138276984.0,0.84,0.37,0.04,1.44,55797031013.1
2017-03-22,10.74,10.58,10.74,10.56,193602,206137381.0,1.67,-1.95,-0.21,2.17,54711083236.2
2017-03-23,10.61,10.63,10.72,10.5,161758,171624058.0,2.08,0.47,0.05,1.81,54969642230.700005
2017-03-24,10.59,10.79,10.82,10.55,197632,211433181.0,2.54,1.51,0.16,2.22,55797031013.1
2017-03-27,10.82,10.8,10.89,10.72,167972,181494443.0,1.58,0.09,0.01,1.88,55848742812.0
2017-03-28,10.79,10.82,10.85,10.73,112304,121202652.0,1.11,0.19,0.02,1.26,55952166409.8
2017-03-29,10.84,10.81,10.94,10.72,168993,182959626.0,2.03,-0.09,-0.01,1.89,55900454610.9
2017-03-30,10.8,10.64,10.8,10.51,205063,217955814.0,2.68,-1.57,-0.17,2.3,55021354029.600006
2017-03-31,10.64,10.64,10.69,10.57,96825,102923817.0,1.13,0.0,0.0,1.09,55021354029.600006
2017-04-05,10.65,10.89,10.9,10.64,193109,208814580.0,2.44,2.35,0.25,2.17,56314149002.100006
2017-04-06,10.88,10.9,10.94,10.82,154797,168413025.0,1.1,0.09,0.01,1.74,56365860801.0
2017-04-07,10.88,10.85,10.92,10.83,152028,165260898.0,0.83,-0.46,-0.05,1.7,56107301806.5
2017-04-10,10.87,11.02,11.14,10.81,350563,385170944.0,3.04,1.57,0.17,3.93,56986402387.799995
2017-04-11,11.01,11.09,11.16,10.87,367744,405253136.0,2.63,0.64,0.07,4.12,57348384980.1
2017-04-12,11.03,11.0,11.13,10.92,228638,252011095.0,1.89,-0.81,-0.09,2.56,56882978790.0
2017-04-13,10.94,10.98,11.05,10.9,148500,163043778.0,1.36,-0.18,-0.02,1.67,56779555192.200005
2017-04-14,10.94,10.7,10.96,10.66,199764,215833576.0,2.73,-2.55,-0.28,2.24,55331624823.0
2017-04-17,10.68,10.64,10.69,10.5,159059,168399636.0,1.78,-0.56,-0.06,1.78,55021354029.600006
2017-04-18,10.64,10.46,10.74,10.45,130544,138291062.0,2.73,-1.69,-0.18,1.46,54090541649.4
2017-04-19,10.41,10.46,10.49,10.21,175709,181917096.0,2.68,0.0,0.0,1.97,54090541649.4
2017-04-20,10.46,10.49,10.5,10.3,112269,116933229.0,1.91,0.29,0.03,1.26,54245677046.1
2017-04-21,10.4,10.65,10.7,10.4,123206,130028422.0,2.86,1.53,0.16,1.38,55073065828.5
2017-04-24,10.61,10.75,10.78,10.33,183829,194316032.0,4.23,0.94,0.1,2.06,55590183817.5
2017-04-25,10.92,10.65,10.94,10.63,181094,194948458.0,2.88,-0.93,-0.1,2.03,55073065828.5
2017-04-26,10.7,10.79,10.8,10.65,134713,144797348.0,1.41,1.31,0.14,1.51,55797031013.1
2017-04-27,10.8,10.87,10.98,10.6,216495,233930289.0,3.52,0.74,0.08,2.43,56210725404.299995
2017-04-28,10.88,10.84,10.95,10.76,153853,166436714.0,1.75,-0.28,-0.03,1.73,56055590007.6
2017-05-02,10.84,11.04,11.08,10.77,302354,331968704.0,2.86,1.85,0.2,3.39,57089825985.6
2017-05-03,11.01,11.02,11.05,10.92,172619,189605825.0,1.18,-0.18,-0.02,1.94,56986402387.799995
2017-05-04,11.01,10.86,11.03,10.8,204667,223389486.0,2.09,-1.45,-0.16,2.29,56159013605.399994
2017-05-05,10.82,10.9,10.91,10.62,225038,242135363.0,2.67,0.37,0.04,2.52,56365860801.0
2017-05-08,10.82,11.01,11.02,10.8,222734,243571264.0,2.02,1.01,0.11,2.5,56934690588.9
2017-05-09,10.99,10.52,11.05,10.25,328910,349402480.0,7.27,-4.45,-0.49,3.69,54400812442.799995
2017-05-10,10.42,10.4,10.57,10.26,177730,185327906.0,2.95,-1.14,-0.12,1.99,53780270856.0
2017-05-11,10.3,10.48,10.55,10.13,253157,262433509.0,4.04,0.77,0.08,2.84,54193965247.200005
2017-05-12,10.48,10.44,10.54,10.4,85111,89068111.0,1.34,-0.38,-0.04,0.95,53987118051.6
2017-05-15,10.47,10.46,10.56,10.43,102225,107304161.0,1.25,0.19,0.02,1.15,54090541649.4
2017-05-16,10.5,10.63,10.64,10.42,123149,129883406.0,2.1,1.63,0.17,1.38,54969642230.700005
2017-05-17,10.63,10.72,10.85,10.57,132461,142029471.0,2.63,0.85,0.09,1.49,55435048420.8
2017-05-18,10.66,10.76,10.8,10.62,95129,102053686.0,1.68,0.37,0.04,1.07,55641895616.4
2017-05-19,10.75,10.74,10.78,10.66,66202,70867963.0,1.12,-0.19,-0.02,0.74,55538472018.6
2017-05-22,10.69,10.75,10.77,10.44,129349,137464646.0,3.07,0.09,0.01,1.45,55590183817.5
2017-05-23,10.65,10.77,10.79,10.56,175489,188062155.0,2.14,0.19,0.02,1.97,55693607415.299995
2017-05-24,10.73,10.77,10.78,10.53,132543,141302404.0,2.32,0.0,0.0,1.49,55693607415.299995
2017-05-25,10.7,10.91,10.95,10.68,209742,227742915.0,2.51,1.3,0.14,2.35,56417572599.9
2017-05-26,10.88,10.91,10.99,10.83,137750,150360323.0,1.47,0.0,0.0,1.54,56417572599.9
2017-05-31,10.95,11.05,11.08,10.87,223867,245831998.0,1.92,1.28,0.14,2.51,57141537784.5
2017-06-01,11.08,11.16,11.18,10.91,369481,409392416.0,2.44,1.0,0.11,4.14,57710367572.4
2017-06-02,11.14,11.13,11.21,11.0,205684,228864474.0,1.88,-0.27,-0.03,2.31,57555232175.700005
2017-06-05,11.15,11.16,11.21,11.09,147087,164291754.0,1.08,0.27,0.03,1.65,57710367572.4
2017-06-06,11.14,11.16,11.18,11.04,157488,174997297.0,1.25,0.0,0.0,1.77,57710367572.4
2017-06-07,11.16,11.24,11.26,11.12,208467,233455850.0,1.25,0.72,0.08,2.34,58124061963.6
2017-06-08,7.2,7.08,7.26,7.07,210465,150630650.0,1.69,-37.01,-4.16,1.57,36611953621.2
2017-06-09,7.03,7.04,7.08,6.94,314977,220590552.0,1.98,-0.56,-0.04,2.35,36405106425.6
2017-06-12,7.04,7.19,7.24,7.0,371467,266410362.0,3.41,2.13,0.15,2.78,37180783409.1
2017-06-13,7.18,7.43,7.55,7.15,611700,450912704.0,5.56,3.34,0.24,4.57,38421866582.7
2017-06-14,7.33,7.25,7.4,7.22,384398,280868160.0,2.42,-2.42,-0.18,2.87,37491054202.5
2017-06-15,7.24,7.26,7.33,7.22,255630,185733025.0,1.52,0.14,0.01,1.91,37542766001.4
2017-06-16,7.26,7.15,7.28,7.14,218157,157086665.0,1.93,-1.52,-0.11,1.63,36973936213.5
2017-06-19,7.13,7.2,7.21,7.08,216854,155003897.0,1.82,0.7,0.05,1.62,37232495208.0
2017-06-20,7.23,7.14,7.24,7.13,193408,138650637.0,1.53,-0.83,-0.06,1.45,36922224414.6
2017-06-21,7.17,7.1,7.19,7.06,197592,140418118.0,1.82,-0.56,-0.04,1.48,36715377219.0
2017-06-22,7.11,7.11,7.24,7.09,305268,219070307.0,2.11,0.14,0.01,2.28,36767089017.9
2017-06-23,7.1,7.11,7.13,6.98,249344,175701993.0,2.11,0.0,0.0,1.86,36767089017.9
2017-06-26,7.09,7.24,7.25,7.07,292708,210622548.0,2.53,1.83,0.13,2.19,37439342403.6
2017-06-27,7.24,7.2,7.27,7.16,163248,117661692.0,1.52,-0.55,-0.04,1.22,37232495208.0
2017-06-28,7.2,7.12,7.2,7.09,159306,113710507.0,1.53,-1.11,-0.08,1.19,36818800816.8
2017-06-29,7.1,7.29,7.29,7.09,323001,232746931.0,2.81,2.39,0.17,2.41,37697901398.1
2017-06-30,7.25,7.29,7.35,7.23,252420,184134762.0,1.65,0.0,0.0,1.89,37697901398.1
2017-07-03,7.3,7.28,7.31,7.21,185539,134474553.0,1.37,-0.14,-0.01,1.39,37646189599.200005
2017-07-04,7.28,7.17,7.31,7.16,189956,137043580.0,2.06,-1.51,-0.11,1.42,37077359811.3
2017-07-05,7.15,7.23,7.28,7.15,203676,146716459.0,1.81,0.84,0.06,1.52,37387630604.700005
2017-07-06,7.23,7.21,7.25,7.17,187526,135091428.0,1.11,-0.28,-0.02,1.4,37284207006.9
2017-07-07,7.18,7.12,7.22,7.08,274701,195540891.0,1.94,-1.25,-0.09,2.05,36818800816.8
2017-07-10,7.1,7.09,7.16,7.08,165464,117740284.0,1.12,-0.42,-0.03,1.24,36663665420.1
2017-07-11,7.08,7.1,7.18,7.06,175008,124606627.0,1.69,0.14,0.01,1.31,36715377219.0
2017-07-12,7.08,7.1,7.13,7.02,192615,136261369.0,1.55,0.0,0.0,1.44,36715377219.0
2017-07-13,7.08,7.1,7.15,7.07,144277,102502401.0,1.13,0.0,0.0,1.08,36715377219.0
2017-07-14,7.13,7.06,7.13,7.05,106989,75687043.0,1.13,-0.56,-0.04,0.8,36508530023.4
2017-07-17,7.05,6.69,7.08,6.68,344112,234228673.0,5.67,-5.24,-0.37,2.57,34595193464.1
2017-07-18,6.69,6.73,6.77,6.64,166354,111573913.0,1.94,0.6,0.04,1.24,34802040659.700005
2017-07-19,6.73,6.86,6.88,6.71,197468,134585061.0,2.53,1.93,0.13,1.48,35474294045.4
2017-07-20,6.85,6.91,6.96,6.85,168775,116401014.0,1.6,0.73,0.05,1.26,35732853039.9
2017-07-21,6.89,7.03,7.04,6.86,226890,158656885.0,2.6,1.74,0.12,1.7,36353394626.700005
2017-07-24,6.99,7.03,7.07,6.96,176422,123898329.0,1.56,0.0,0.0,1.32,36353394626.700005
2017-07-25,7.01,6.98,7.07,6.94,154460,107858503.0,1.85,-0.71,-0.05,1.15,36094835632.200005
2017-07-26,6.94,7.39,7.39,6.94,811097,586351312.0,6.45,5.87,0.41,6.06,38215019387.1
2017-07-27,7.42,7.39,7.47,7.27,561692,413507280.0,2.71,0.0,0.0,4.2,38215019387.1
2017-07-28,7.34,7.66,7.85,7.33,894942,683983824.0,7.04,3.65,0.27,6.69,39611237957.4
2017-07-31,7.59,7.69,7.76,7.48,598420,456299520.0,3.66,0.39,0.03,4.47,39766373354.1
2017-08-01,7.63,7.59,7.84,7.54,528762,404944880.0,3.9,-1.3,-0.1,3.95,39249255365.1
2017-08-02,7.56,7.47,7.58,7.4,403756,302385568.0,2.37,-1.58,-0.12,3.02,38628713778.299995
2017-08-03,7.47,7.56,7.62,7.41,350050,263164152.0,2.81,1.2,0.09,2.62,39094119968.4
2017-08-04,7.52,7.36,7.56,7.32,329264,245550630.0,3.17,-2.65,-0.2,2.46,38059883990.4
2017-08-07,7.32,7.48,7.53,7.26,249935,186178852.0,3.67,1.63,0.12,1.87,38680425577.200005
2017-08-08,7.48,7.42,7.53,7.37,228458,169635439.0,2.14,-0.8,-0.06,1.71,38370154783.8
2017-08-09,7.42,7.36,7.42,7.29,207119,151924187.0,1.75,-0.81,-0.06,1.55,38059883990.4
2017-08-10,7.34,7.29,7.43,7.22,260181,190220248.0,2.85,-0.95,-0.07,1.94,37697901398.1
2017-08-11,7.27,7.22,7.45,7.2,342362,250277074.0,3.43,-0.96,-0.07,2.56,37335918805.799995
2017-08-14,7.22,7.32,7.35,7.19,219796,160111861.0,2.22,1.39,0.1,1.64,37853036794.8
2017-08-15,7.32,7.28,7.36,7.25,155372,113361584.0,1.5,-0.55,-0.04,1.16,37646189599.200005
2017-08-16,7.26,7.39,7.46,7.26,260549,192155957.0,2.75,1.51,0.11,1.95,38215019387.1
2017-08-17,7.37,7.44,7.45,7.35,255041,188879802.0,1.35,0.68,0.05,1.91,38473578381.6
2017-08-18,7.4,7.46,7.55,7.36,291027,216639014.0,2.55,0.27,0.02,2.18,38577001979.4
2017-08-21,7.45,7.39,7.52,7.36,203175,150347990.0,2.14,-0.94,-0.07,1.52,38215019387.1
2017-08-22,7.39,7.27,7.39,7.23,251940,183642215.0,2.17,-1.62,-0.12,1.88,37594477800.299995
2017-08-23,7.25,7.24,7.3,7.2,119346,86396894.0,1.38,-0.41,-0.03,0.89,37439342403.6
2017-08-24,7.19,7.13,7.24,7.11,185061,132621610.0,1.8,-1.52,-0.11,1.38,36870512615.7
2017-08-25,7.13,7.21,7.25,7.12,141644,101929997.0,1.82,1.12,0.08,1.06,37284207006.9
2017-08-28,7.21,7.4,7.41,7.21,313689,230192573.0,2.77,2.64,0.19,2.34,38266731186.0
2017-08-29,7.46,7.31,7.49,7.29,337716,249074127.0,2.7,-1.22,-0.09,2.52,37801324995.9
2017-08-30,7.33,7.4,7.47,7.31,295451,218766009.0,2.19,1.23,0.09,2.21,38266731186.0
2017-08-31,7.39,7.58,7.6,7.37,443921,333109824.0,3.11,2.43,0.18,3.32,39197543566.2
2017-09-01,7.56,7.55,7.63,7.5,301252,227094941.0,1.72,-0.4,-0.03,2.25,39042408169.5
2017-09-04,7.52,7.53,7.59,7.46,271281,204068084.0,1.72,-0.26,-0.02,2.03,38938984571.700005
2017-09-05,7.52,7.57,7.58,7.45,287806,216400544.0,1.73,0.53,0.04,2.15,39145831767.3
2017-09-06,7.59,7.51,7.59,7.45,245305,184316635.0,1.85,-0.79,-0.06,1.83,38835560973.9
2017-09-07,7.48,7.61,7.8,7.48,541654,414925344.0,4.26,1.33,0.1,4.05,39352678962.9
2017-09-08,7.63,7.7,7.79,7.57,462154,355054752.0,2.89,1.18,0.09,3.45,39818085153.0
2017-09-11,7.71,8.03,8.12,7.69,910543,725998928.0,5.58,4.29,0.33,6.81,41524574516.7
2017-09-12,7.99,8.02,8.08,7.89,517711,413341472.0,2.37,-0.12,-0.01,3.87,41472862717.799995
2017-09-13,7.97,7.94,8.0,7.87,331382,262399022.0,1.62,-1.0,-0.08,2.48,41059168326.6
2017-09-14,7.94,7.81,8.05,7.74,434575,341374752.0,3.9,-1.64,-0.13,3.25,40386914940.9
2017-09-15,7.81,7.85,7.89,7.71,247621,192995076.0,2.3,0.51,0.04,1.85,40593762136.5
2017-09-18,7.88,7.8,7.94,7.74,275227,215807335.0,2.55,-0.64,-0.05,2.06,40335203142.0
2017-09-19,7.76,7.71,7.8,7.68,248330,191738634.0,1.54,-1.15,-0.09,1.86,39869796951.9
2017-09-20,7.68,7.77,7.8,7.68,168255,130502822.0,1.56,0.78,0.06,1.26,40180067745.299995
2017-09-21,7.77,7.73,7.88,7.68,240985,187809348.0,2.57,-0.51,-0.04,1.8,39973220549.700005
2017-09-22,7.76,7.75,7.76,7.67,154965,119618645.0,1.16,0.26,0.02,1.16,40076644147.5
2017-09-25,7.83,7.73,7.92,7.72,232221,181735759.0,2.58,-0.26,-0.02,1.74,39973220549.700005
2017-09-26,7.71,7.77,7.8,7.7,147542,114196505.0,1.29,0.52,0.04,1.1,40180067745.299995
2017-09-27,7.81,7.94,7.99,7.81,352410,279165632.0,2.32,2.19,0.17,2.63,41059168326.6
2017-09-28,7.96,7.87,7.98,7.85,218556,172481443.0,1.64,-0.88,-0.07,1.63,40697185734.3
2017-09-29,7.87,7.87,7.96,7.86,183339,144816467.0,1.27,0.0,0.0,1.37,40697185734.3
2017-10-09,8.0,8.11,8.14,7.92,487701,391284928.0,2.8,3.05,0.24,3.65,41938268907.899994
2017-10-10,8.11,8.11,8.22,8.07,391817,319035760.0,1.85,0.0,0.0,2.93,41938268907.899994
2017-10-11,8.13,8.27,8.32,8.08,524688,430579392.0,2.96,1.97,0.16,3.92,42765657690.299995
2017-10-12,8.29,8.21,8.33,8.12,374605,307280624.0,2.54,-0.73,-0.06,2.8,42455386896.9
2017-10-13,8.18,8.13,8.29,8.12,309408,253082443.0,2.07,-0.97,-0.08,2.31,42041692505.700005
2017-10-16,8.16,8.22,8.37,8.09,456439,376573424.0,3.44,1.11,0.09,3.41,42507098695.8
2017-10-17,8.18,8.15,8.26,8.11,238492,194786914.0,1.82,-0.85,-0.07,1.78,42145116103.5
2017-10-18,8.16,8.1,8.22,8.1,241931,196935110.0,1.47,-0.61,-0.05,1.81,41886557109.0
2017-10-19,8.1,7.73,8.11,7.69,537993,423885600.0,5.19,-4.57,-0.37,4.02,39973220549.700005
2017-10-20,7.71,7.83,7.84,7.69,211325,164458955.0,1.94,1.29,0.1,1.58,40490338538.7
2017-10-23,7.84,7.87,7.9,7.78,177317,139018486.0,1.53,0.51,0.04,1.33,40697185734.3
2017-10-24,7.87,7.77,7.87,7.71,177217,137861463.0,2.03,-1.27,-0.1,1.32,40180067745.299995
2017-10-25,7.84,7.88,7.98,7.81,271131,214358591.0,2.19,1.42,0.11,2.03,40748897533.2
2017-10-26,7.87,8.03,8.04,7.83,265251,211260720.0,2.66,1.9,0.15,1.98,41524574516.7
2017-10-27,7.97,7.8,8.0,7.77,331071,261058174.0,2.86,-2.86,-0.23,2.47,40335203142.0
2017-10-30,7.71,7.56,7.76,7.48,374382,284592896.0,3.59,-3.08,-0.24,2.8,39094119968.4
2017-10-31,7.58,7.6,7.66,7.48,175244,132981451.0,2.38,0.53,0.04,1.31,39300967164.0
2017-11-01,7.59,7.6,7.67,7.57,152495,116094822.0,1.32,0.0,0.0,1.14,39300967164.0
2017-11-02,7.59,7.48,7.6,7.47,175127,131644336.0,1.71,-1.58,-0.12,1.31,38680425577.200005
2017-11-03,7.5,7.59,7.62,7.49,179482,135755201.0,1.74,1.47,0.11,1.34,39249255365.1
2017-11-06,7.56,7.74,7.76,7.53,195622,150159351.0,3.03,1.98,0.15,1.46,40024932348.6
2017-11-07,7.76,7.82,7.85,7.7,230955,180094781.0,1.94,1.03,0.08,1.73,40438626739.8
2017-11-08,7.8,7.79,7.84,7.75,132129,103003559.0,1.15,-0.38,-0.03,0.99,40283491343.1
2017-11-09,7.77,7.72,7.79,7.66,186307,143609954.0,1.67,-0.9,-0.07,1.39,39921508750.799995
2017-11-10,7.74,8.02,8.05,7.69,391271,308868224.0,4.66,3.89,0.3,2.92,41472862717.799995
2017-11-13,8.04,7.97,8.04,7.9,262025,208604373.0,1.75,-0.62,-0.05,1.96,41214303723.299995
2017-11-14,7.94,7.96,8.16,7.91,255940,205461328.0,3.14,-0.13,-0.01,1.91,41162591924.4
2017-11-15,7.92,7.81,7.94,7.8,188324,147771455.0,1.76,-1.88,-0.15,1.41,40386914940.9
2017-11-16,7.85,8.01,8.07,7.84,342546,273622048.0,2.94,2.56,0.2,2.56,41421150918.9
2017-11-17,8.0,7.75,8.04,7.66,336212,263213243.0,4.74,-3.25,-0.26,2.51,40076644147.5
2017-11-20,7.68,7.69,7.72,7.49,193038,146547110.0,2.97,-0.77,-0.06,1.44,39766373354.1
2017-11-21,7.67,7.7,7.75,7.61,171996,132466959.0,1.82,0.13,0.01,1.29,39818085153.0
2017-11-22,7.71,7.63,7.75,7.55,190824,145825802.0,2.6,-0.91,-0.07,1.43,39456102560.7
2017-11-23,7.61,7.32,7.62,7.3,272262,203409274.0,4.19,-4.06,-0.31,2.04,37853036794.8
2017-11-24,7.3,7.34,7.39,7.27,145670,106821987.0,1.64,0.27,0.02,1.09,37956460392.6
2017-11-27,7.34,7.2,7.39,7.19,137964,100463721.0,2.72,-1.91,-0.14,1.03,37232495208.0
2017-11-28,7.21,7.34,7.36,7.17,110502,80412272.0,2.64,1.94,0.14,0.83,37956460392.6
2017-11-29,7.32,7.3,7.34,7.18,140903,102163003.0,2.18,-0.54,-0.04,1.05,37749613197.0
2017-11-30,7.29,7.26,7.37,7.25,108859,79475139.0,1.64,-0.55,-0.04,0.81,37542766001.4
2017-12-01,7.27,7.31,7.33,7.23,75405,54980205.0,1.38,0.69,0.05,0.56,37801324995.9
2017-12-04,7.3,7.19,7.33,7.18,118114,85402530.0,2.05,-1.64,-0.12,0.88,37180783409.1
2017-12-05,7.17,7.08,7.2,7.02,151522,107541496.0,2.5,-1.53,-0.11,1.13,36611953621.2
2017-12-06,7.07,7.16,7.17,7.0,115916,82243879.0,2.4,1.13,0.08,0.87,37025648012.4
2017-12-07,7.15,7.12,7.18,7.1,85021,60708768.0,1.12,-0.56,-0.04,0.64,36818800816.8
2017-12-08,7.11,7.27,7.29,7.08,128141,92498271.0,2.95,2.11,0.15,0.96,37594477800.299995
2017-12-11,7.25,7.3,7.34,7.23,152383,111061276.0,1.51,0.41,0.03,1.14,37749613197.0
2017-12-12,7.25,7.16,7.29,7.16,99008,71479732.0,1.78,-1.92,-0.14,0.74,37025648012.4
2017-12-13,7.15,7.21,7.23,7.14,72207,51819432.0,1.26,0.7,0.05,0.54,37284207006.9
2017-12-14,7.21,7.14,7.24,7.13,107220,76782648.0,1.53,-0.97,-0.07,0.8,36922224414.6
2017-12-15,7.13,7.18,7.23,7.12,98938,71031154.0,1.54,0.56,0.04,0.74,37129071610.2
2017-12-18,7.17,7.15,7.24,7.1,94637,67801697.0,1.95,-0.42,-0.03,0.71,36973936213.5
2017-12-19,7.16,7.26,7.31,7.14,120625,87189131.0,2.38,1.54,0.11,0.9,37542766001.4
2017-12-20,7.26,7.07,7.26,7.06,167128,119459711.0,2.75,-2.62,-0.19,1.25,36560241822.3
2017-12-21,7.05,7.02,7.09,6.98,167696,117962124.0,1.56,-0.71,-0.05,1.25,36301682827.799995
2017-12-22,7.02,6.92,7.05,6.9,182506,127261269.0,2.14,-1.42,-0.1,1.36,35784564838.8
2017-12-25,6.86,6.75,6.87,6.65,279252,188379538.0,3.18,-2.46,-0.17,2.09,34905464257.5
2017-12-26,6.75,6.82,6.84,6.72,94168,63858324.0,1.78,1.04,0.07,0.7,35267446849.8
2017-12-27,6.81,6.77,6.84,6.75,90460,61480149.0,1.32,-0.73,-0.05,0.68,35008887855.299995
2017-12-28,6.77,6.78,6.85,6.75,90565,61710963.0,1.48,0.15,0.01,0.68,35060599654.200005
2017-12-29,6.79,6.82,6.84,6.72,72242,49115168.0,1.77,0.59,0.04,0.54,35267446849.8
2018-01-02,6.84,6.95,6.98,6.83,142621,98838229.0,2.2,1.91,0.13,1.07,35939700235.5
2018-01-03,6.97,6.97,6.98,6.92,98397,68433350.0,0.86,0.29,0.02,0.74,36043123833.299995
2018-01-04,7.02,7.12,7.2,7.01,281174,200734365.0,2.73,2.15,0.15,2.1,36818800816.8
2018-01-05,7.11,7.14,7.19,7.07,178785,127517619.0,1.69,0.28,0.02,1.34,36922224414.6
2018-01-08,7.13,7.17,7.17,7.06,136937,97617685.0,1.54,0.42,0.03,1.02,37077359811.3
2018-01-09,7.14,7.15,7.25,7.11,119304,85503920.0,1.95,-0.28,-0.02,0.89,36973936213.5
2018-01-10,7.14,7.11,7.14,7.03,111133,78736494.0,1.54,-0.56,-0.04,0.83,36767089017.9
2018-01-11,7.1,7.1,7.12,7.04,70693,50039222.0,1.13,-0.14,-0.01,0.53,36715377219.0
2018-01-12,7.09,7.12,7.19,7.07,97635,69727004.0,1.69,0.28,0.02,0.73,36818800816.8
2018-01-15,7.13,7.06,7.21,7.04,169008,120553916.0,2.39,-0.84,-0.06,1.26,36508530023.4
2018-01-16,7.06,7.18,7.18,7.06,132701,94866506.0,1.7,1.7,0.12,0.99,37129071610.2
2018-01-17,7.19,7.26,7.34,7.14,234244,170137897.0,2.79,1.11,0.08,1.75,37542766001.4
2018-01-18,7.24,7.2,7.25,7.14,128515,92539271.0,1.52,-0.83,-0.06,0.96,37232495208.0
2018-01-19,7.23,7.18,7.24,7.12,115944,83315997.0,1.67,-0.28,-0.02,0.87,37129071610.2
2018-01-22,7.18,7.19,7.22,7.11,107694,77148802.0,1.53,0.14,0.01,0.81,37180783409.1
2018-01-23,7.19,7.23,7.32,7.19,135505,98285620.0,1.81,0.56,0.04,1.01,37387630604.700005
2018-01-24,7.25,7.42,7.46,7.23,326272,240707773.0,3.18,2.63,0.19,2.44,38370154783.8
2018-01-25,7.39,7.36,7.53,7.35,188308,139955901.0,2.43,-0.81,-0.06,1.41,38059883990.4
2018-01-26,7.4,7.4,7.43,7.33,125757,92936777.0,1.36,0.54,0.04,0.94,38266731186.0
2018-01-29,7.41,7.28,7.45,7.22,182266,133340032.0,3.11,-1.62,-0.12,1.36,37646189599.200005
2018-01-30,7.23,7.14,7.33,7.14,142949,103222387.0,2.61,-1.92,-0.14,1.07,36922224414.6
2018-01-31,7.13,7.04,7.18,7.03,152799,108444536.0,2.1,-1.4,-0.1,1.14,36405106425.6
2018-02-01,7.03,6.84,7.11,6.77,191628,132982685.0,4.83,-2.84,-0.2,1.43,35370870447.6
2018-02-02,6.8,6.89,7.02,6.75,191627,132018790.0,3.95,0.73,0.05,1.43,35629429442.1
2018-02-05,6.76,6.89,6.9,6.76,114213,78354840.0,2.03,0.0,0.0,0.85,35629429442.1
2018-02-06,6.8,6.44,6.87,6.4,245589,163607771.0,6.82,-6.53,-0.45,1.84,33302398491.600002
2018-02-07,6.59,6.53,6.67,6.39,171238,112378863.0,4.35,1.4,0.09,1.28,33767804681.7
2018-02-08,6.53,6.62,6.69,6.53,75543,50015701.0,2.45,1.38,0.09,0.56,34233210871.8
2018-02-09,6.45,6.25,6.55,6.15,229685,145582026.0,6.04,-5.59,-0.37,1.72,32319874312.5
2018-02-12,6.37,6.42,6.52,6.35,154354,99055616.0,2.72,2.72,0.17,1.15,33198974893.8
2018-02-13,6.44,6.59,6.6,6.41,163363,106701180.0,2.96,2.65,0.17,1.22,34078075475.1
2018-02-14,6.59,6.55,6.62,6.52,72083,47186778.0,1.52,-0.61,-0.04,0.54,33871228279.5
2018-02-22,6.62,6.63,6.67,6.52,97492,64337113.0,2.29,1.22,0.08,0.73,34284922670.7
2018-02-23,6.62,6.61,6.63,6.54,75649,49943281.0,1.36,-0.3,-0.02,0.57,34181499072.9
2018-02-26,6.65,6.7,6.75,6.58,133177,88893344.0,2.57,1.36,0.09,1.0,34646905263.0
2018-02-27,6.71,6.69,6.75,6.66,88379,59212911.0,1.34,-0.15,-0.01,0.66,34595193464.1
2018-02-28,6.67,6.69,6.73,6.63,87508,58573471.0,1.49,0.0,0.0,0.65,34595193464.1
2018-03-01,6.66,6.7,6.73,6.62,88487,59219183.0,1.64,0.15,0.01,0.66,34646905263.0
2018-03-02,6.66,6.61,6.69,6.57,120341,79650100.0,1.79,-1.34,-0.09,0.9,34181499072.9
2018-03-05,6.61,6.64,6.65,6.58,63560,42072544.0,1.06,0.45,0.03,0.48,34336634469.6
2018-03-06,6.64,6.73,6.76,6.63,107480,71963354.0,1.96,1.36,0.09,0.8,34802040659.700005
2018-03-07,6.8,6.7,6.82,6.68,123612,83513017.0,2.08,-0.45,-0.03,0.92,34646905263.0
2018-03-08,6.75,6.76,6.78,6.69,89279,60227159.0,1.34,0.9,0.06,0.67,34957176056.4
2018-03-09,6.79,6.77,6.81,6.73,113059,76466694.0,1.18,0.15,0.01,0.85,35008887855.299995
2018-03-12,6.8,6.85,6.86,6.77,140417,95799430.0,1.33,1.18,0.08,1.05,35422582246.5
2018-03-13,6.85,6.82,6.91,6.78,138316,94664065.0,1.9,-0.44,-0.03,1.03,35267446849.8
2018-03-14,6.82,6.69,6.83,6.68,128287,86457816.0,2.2,-1.91,-0.13,0.96,34595193464.1
2018-03-15,6.67,6.63,6.72,6.57,102344,67891102.0,2.24,-0.9,-0.06,0.77,34284922670.7
2018-03-16,6.65,6.66,6.74,6.61,99280,66369999.0,1.96,0.45,0.03,0.74,34440058067.4
2018-03-19,6.65,6.65,6.73,6.62,96012,63961535.0,1.65,-0.15,-0.01,0.72,34388346268.5
2018-03-20,6.61,6.55,6.63,6.5,105469,69210399.0,1.95,-1.5,-0.1,0.79,33871228279.5
2018-03-21,6.53,6.59,6.68,6.53,113433,75168179.0,2.29,0.61,0.04,0.85,34078075475.1
2018-03-22,6.6,6.6,6.71,6.57,94444,62624149.0,2.12,0.15,0.01,0.71,34129787274.0
2018-03-23,6.35,6.29,6.45,6.14,217798,137739333.0,4.7,-4.7,-0.31,1.63,32526721508.1
2018-03-26,6.25,6.53,6.6,6.14,201444,129154658.0,7.31,3.82,0.24,1.51,33767804681.7
2018-03-27,6.55,6.63,6.72,6.48,192057,127018987.0,3.68,1.53,0.1,1.44,34284922670.7
2018-03-28,6.52,6.47,6.56,6.43,140280,90881920.0,1.96,-2.41,-0.16,1.05,33457533888.3
2018-03-29,6.46,6.71,6.75,6.42,252333,166521447.0,5.1,3.71,0.24,1.89,34698617061.9
2018-03-30,6.75,6.66,6.75,6.59,230087,153095876.0,2.38,-0.75,-0.05,1.72,34440058067.4
2018-04-02,6.59,6.53,6.66,6.5,162420,106677531.0,2.4,-1.95,-0.13,1.21,33767804681.7
2018-04-03,6.39,6.47,6.53,6.35,134739,86932770.0,2.76,-0.92,-0.06,1.01,33457533888.3
2018-04-04,6.49,6.32,6.51,6.31,130650,83905950.0,3.09,-2.32,-0.15,0.98,32681856904.800003
2018-04-09,6.32,6.39,6.45,6.26,102734,65476351.0,3.01,1.11,0.07,0.77,33043839497.1
2018-04-10,6.42,6.48,6.49,6.37,79472,51032042.0,1.88,1.41,0.09,0.59,33509245687.2
2018-04-11,6.49,6.46,6.53,6.45,66196,42918223.0,1.23,-0.31,-0.02,0.49,33405822089.4
2018-04-12,6.53,6.42,6.53,6.42,82540,53472817.0,1.7,-0.62,-0.04,0.62,33198974893.8
2018-04-13,6.46,6.38,6.47,6.36,82929,53087196.0,1.71,-0.62,-0.04,0.62,32992127698.2
2018-04-16,6.39,6.36,6.44,6.34,76789,49065586.0,1.57,-0.31,-0.02,0.57,32888704100.4
2018-04-17,6.37,6.3,6.41,6.28,93971,59751929.0,2.04,-0.94,-0.06,0.7,32578433307.0
2018-04-18,6.35,6.34,6.39,6.2,83255,52501919.0,3.02,0.63,0.04,0.62,32785280502.6
2018-04-19,6.35,6.34,6.37,6.27,88983,56236292.0,1.58,0.0,0.0,0.67,32785280502.6
2018-04-20,6.32,6.16,6.32,6.13,119372,74202566.0,3.0,-2.84,-0.18,0.89,31854468122.4
2018-04-23,6.17,6.23,6.24,6.11,76861,47476505.0,2.11,1.14,0.07,0.57,32216450714.7
2018-04-24,6.23,6.3,6.35,6.2,96924,61141588.0,2.41,1.12,0.07,0.72,32578433307.0
2018-04-25,6.28,6.28,6.33,6.25,58951,37054586.0,1.27,-0.32,-0.02,0.44,32475009709.2
2018-04-26,6.3,6.17,6.33,6.15,86614,53873242.0,2.87,-1.75,-0.11,0.65,31906179921.3
2018-04-27,6.18,6.21,6.24,6.12,98792,60940212.0,1.94,0.65,0.04,0.74,32113027116.9
2018-05-02,6.22,6.22,6.27,6.17,100159,62275887.0,1.61,0.16,0.01,0.75,32164738915.8
2018-05-03,6.29,6.41,6.42,6.26,189940,120964642.0,2.57,3.05,0.19,1.42,33147263094.9
2018-05-04,6.35,6.31,6.41,6.29,104400,66100382.0,1.87,-1.56,-0.1,0.78,32630145105.899998
2018-05-07,6.34,6.36,6.39,6.32,114890,73046191.0,1.11,0.79,0.05,0.86,32888704100.4
2018-05-08,6.35,6.39,6.4,6.33,100431,64034806.0,1.1,0.47,0.03,0.75,33043839497.1
2018-05-09,6.39,6.51,6.54,6.35,191956,124053333.0,2.97,1.88,0.12,1.43,33664381083.899998
2018-05-10,6.5,6.47,6.51,6.42,126801,81804324.0,1.38,-0.61,-0.04,0.95,33457533888.3
2018-05-11,6.52,6.41,6.55,6.4,114932,74290750.0,2.32,-0.93,-0.06,0.86,33147263094.9
2018-05-14,6.41,6.39,6.44,6.37,82190,52645817.0,1.09,-0.31,-0.02,0.61,33043839497.1
2018-05-15,6.39,6.42,6.42,6.31,81291,51819305.0,1.72,0.47,0.03,0.61,33198974893.8
2018-05-16,6.41,6.36,6.41,6.33,59090,37574450.0,1.25,-0.93,-0.06,0.44,32888704100.4
2018-05-17,6.36,6.32,6.38,6.32,59364,37614820.0,0.94,-0.63,-0.04,0.44,32681856904.800003
2018-05-18,6.32,6.42,6.43,6.3,112664,72005530.0,2.06,1.58,0.1,0.84,33198974893.8
2018-05-21,6.52,6.5,6.54,6.47,207503,135008823.0,1.09,1.25,0.08,1.55,33612669285.0
2018-05-22,6.57,6.55,6.65,6.49,203289,133358308.0,2.46,0.77,0.05,1.52,33871228279.5
2018-05-23,6.65,6.53,6.72,6.51,157095,103585597.0,3.21,-0.31,-0.02,1.17,33767804681.7
2018-05-24,6.55,6.46,6.55,6.44,125170,81032398.0,1.68,-1.07,-0.07,0.94,33405822089.4
2018-05-25,6.44,6.37,6.46,6.37,99615,63903305.0,1.39,-1.39,-0.09,0.74,32940415899.3
2018-05-28,6.37,6.33,6.39,6.26,98857,62417867.0,2.04,-0.63,-0.04,0.74,32733568703.7
2018-05-29,6.3,6.38,6.41,6.3,84981,54209480.0,1.74,0.79,0.05,0.64,32992127698.2
2018-05-30,6.33,6.27,6.35,6.25,93130,58631608.0,1.57,-1.72,-0.11,0.7,32423297910.3
2018-05-31,6.1,6.09,6.16,6.0,93173,56803852.0,2.55,-2.87,-0.18,0.7,31492485530.1
2018-06-01,6.08,6.08,6.14,6.04,87918,53620377.0,1.64,-0.16,-0.01,0.66,31440773731.2
2018-06-04,6.09,6.03,6.14,6.0,67919,41159440.0,2.3,-0.82,-0.05,0.51,31182214736.7
2018-06-05,6.02,6.08,6.08,5.96,86155,51859569.0,1.99,0.83,0.05,0.64,31440773731.2
2018-06-06,6.06,6.03,6.07,6.0,54954,33144729.0,1.15,-0.82,-0.05,0.41,31182214736.7
2018-06-07,6.04,6.03,6.07,6.02,52477,31702725.0,0.83,0.0,0.0,0.39,31182214736.7
2018-06-08,6.03,5.95,6.05,5.93,97142,57915482.0,1.99,-1.33,-0.08,0.73,30768520345.5
2018-06-11,5.94,5.89,5.99,5.87,72318,42734000.0,2.02,-1.01,-0.06,0.54,30458249552.1
2018-06-12,5.92,5.89,5.93,5.83,56645,33306777.0,1.7,0.0,0.0,0.42,30458249552.1
2018-06-13,5.9,5.81,5.9,5.8,69673,40664001.0,1.7,-1.36,-0.08,0.52,30044555160.899998
2018-06-14,5.81,5.77,5.85,5.75,65080,37739169.0,1.72,-0.69,-0.04,0.49,29837707965.3
2018-06-15,5.77,5.59,5.79,5.38,169711,94496593.0,7.11,-3.12,-0.18,1.27,28906895585.1
2018-06-19,5.44,5.13,5.5,5.03,221325,116784458.0,8.41,-8.23,-0.46,1.65,26528152835.7
2018-06-20,5.08,5.16,5.23,5.07,119141,61470961.0,3.12,0.58,0.03,0.89,26683288232.4
2018-06-21,5.19,5.12,5.27,5.09,101462,52501151.0,3.49,-0.78,-0.04,0.76,26476441036.8
2018-06-22,5.12,5.18,5.21,5.05,71605,36939394.0,3.13,1.17,0.06,0.54,26786711830.199997
2018-06-25,5.26,5.19,5.33,5.17,76604,40023465.0,3.09,0.19,0.01,0.57,26838423629.100002
2018-06-26,5.07,5.18,5.21,5.02,72027,37010399.0,3.66,-0.19,-0.01,0.54,26786711830.199997
2018-06-27,5.18,5.07,5.19,5.05,94156,48099682.0,2.7,-2.12,-0.11,0.7,26217882042.300003
2018-06-28,5.08,5.1,5.15,5.05,79074,40383877.0,1.97,0.59,0.03,0.59,26373017439.0
2018-06-29,5.09,5.23,5.26,5.07,81169,42058934.0,3.73,2.55,0.13,0.61,27045270824.7
2018-07-02,5.22,5.12,5.22,5.1,91150,46923459.0,2.29,-2.1,-0.11,0.68,26476441036.8
2018-07-03,5.14,5.16,5.18,5.08,83609,42928859.0,1.95,0.78,0.04,0.63,26683288232.4
2018-07-04,5.16,5.05,5.17,5.04,87748,44751298.0,2.52,-2.13,-0.11,0.66,26114458444.5
2018-07-05,5.06,4.88,5.09,4.87,97437,48618884.0,4.36,-3.37,-0.17,0.73,25235357863.2
2018-07-06,4.94,4.97,5.02,4.8,98471,48635912.0,4.51,1.84,0.09,0.74,25700764053.3
2018-07-09,5.02,5.06,5.08,4.97,93650,47164175.0,2.21,1.81,0.09,0.7,26166170243.399998
2018-07-10,5.06,5.11,5.12,5.02,60251,30516741.0,1.98,0.99,0.05,0.45,26424729237.9
2018-07-11,5.05,4.94,5.05,4.88,94546,46753443.0,3.33,-3.33,-0.17,0.71,25545628656.600002
2018-07-12,4.94,5.07,5.08,4.91,74652,37531016.0,3.44,2.63,0.13,0.56,26217882042.300003
2018-07-13,5.07,5.04,5.09,5.03,56020,28336600.0,1.18,-0.59,-0.03,0.42,26062746645.6
2018-07-16,5.07,5.08,5.09,5.03,50470,25524834.0,1.19,0.79,0.04,0.38,26269593841.2
2018-07-17,5.09,5.17,5.23,5.04,97617,50258656.0,3.74,1.77,0.09,0.73,26735000031.3
2018-07-18,5.2,5.15,5.21,5.13,68324,35322959.0,1.55,-0.39,-0.02,0.51,26631576433.5
2018-07-19,5.15,5.08,5.18,5.05,70210,35849575.0,2.52,-1.36,-0.07,0.52,26269593841.2
2018-07-20,5.08,5.2,5.24,5.07,78646,40612289.0,3.35,2.36,0.12,0.59,26890135428.0
2018-07-23,5.18,5.35,5.4,5.15,127622,67814133.0,4.81,2.88,0.15,0.95,27665812411.5
2018-07-24,5.37,5.38,5.44,5.29,131115,70473257.0,2.8,0.56,0.03,0.98,27820947808.2
2018-07-25,5.38,5.38,5.41,5.35,80865,43495539.0,1.12,0.0,0.0,0.6,27820947808.2
2018-07-26,5.38,5.4,5.42,5.35,95187,51241904.0,1.3,0.37,0.02,0.71,27924371406.0
2018-07-27,5.4,5.43,5.55,5.39,134060,73415818.0,2.96,0.56,0.03,1.0,28079506802.699997
2018-07-30,5.41,5.34,5.42,5.33,80802,43317547.0,1.66,-1.66,-0.09,0.6,27614100612.6
2018-07-31,5.42,5.42,5.48,5.35,87273,47316212.0,2.43,1.5,0.08,0.65,28027795003.8
2018-08-01,5.43,5.3,5.53,5.3,135182,73236201.0,4.24,-2.21,-0.12,1.01,27407253417.0
2018-08-02,5.33,5.23,5.34,5.09,131655,68727886.0,4.72,-1.32,-0.07,0.98,27045270824.7
2018-08-03,5.23,5.18,5.28,5.16,64627,33767939.0,2.29,-0.96,-0.05,0.48,26786711830.199997
2018-08-06,5.19,5.06,5.21,5.05,72347,37064826.0,3.09,-2.32,-0.12,0.54,26166170243.399998
2018-08-07,5.08,5.2,5.21,5.08,87483,45039306.0,2.57,2.77,0.14,0.65,26890135428.0
2018-08-08,5.21,5.18,5.25,5.16,67290,34995732.0,1.73,-0.38,-0.02,0.5,26786711830.199997
2018-08-09,5.17,5.24,5.27,5.13,99307,51901813.0,2.7,1.16,0.06,0.74,27096982623.600002
2018-08-10,5.4,5.31,5.47,5.26,148321,79345764.0,4.01,1.34,0.07,1.11,27458965215.899998
2018-08-13,5.2,5.23,5.25,5.14,114697,59624456.0,2.07,-1.51,-0.08,0.86,27045270824.7
2018-08-14,5.21,5.2,5.24,5.17,54847,28549873.0,1.34,-0.57,-0.03,0.41,26890135428.0
2018-08-15,5.19,5.12,5.25,5.1,65402,33851245.0,2.88,-1.54,-0.08,0.49,26476441036.8
2018-08-16,5.06,5.08,5.14,5.01,74257,37751755.0,2.54,-0.78,-0.04,0.56,26269593841.2
2018-08-17,5.11,4.95,5.14,4.93,89301,44858390.0,4.13,-2.56,-0.13,0.67,25597340455.5
2018-08-20,4.95,5.03,5.03,4.93,57569,28684760.0,2.02,1.62,0.08,0.43,26011034846.7
2018-08-21,5.03,5.06,5.07,5.02,54121,27311703.0,0.99,0.6,0.03,0.4,26166170243.399998
2018-08-22,5.06,4.99,5.06,4.98,44942,22517371.0,1.58,-1.38,-0.07,0.34,25804187651.100002
2018-08-23,4.99,5.03,5.05,4.98,38821,19521879.0,1.4,0.8,0.04,0.29,26011034846.7
2018-08-24,5.02,5.02,5.05,4.97,40745,20412786.0,1.59,-0.2,-0.01,0.3,25959323047.8
2018-08-27,5.02,5.13,5.15,5.01,84991,43267216.0,2.79,2.19,0.11,0.64,26528152835.7
2018-08-28,5.14,5.1,5.15,5.1,58992,30208055.0,0.97,-0.58,-0.03,0.44,26373017439.0
2018-08-29,5.09,5.09,5.16,5.08,68176,34832020.0,1.57,-0.2,-0.01,0.51,26321305640.1
2018-08-30,5.09,5.03,5.11,5.03,52807,26744423.0,1.57,-1.18,-0.06,0.39,26011034846.7
2018-08-31,5.03,4.99,5.04,4.98,56458,28276303.0,1.19,-0.8,-0.04,0.42,25804187651.100002
2018-09-03,4.95,4.97,5.01,4.9,72225,35720640.0,2.2,-0.4,-0.02,0.54,25700764053.3
2018-09-04,4.97,5.0,5.03,4.92,66862,33234680.0,2.21,0.6,0.03,0.5,25855899450.0
2018-09-05,4.98,4.92,5.01,4.92,51361,25490526.0,1.8,-1.6,-0.08,0.38,25442205058.8
2018-09-06,4.93,4.88,4.98,4.86,59217,29111958.0,2.44,-0.81,-0.04,0.44,25235357863.2
2018-09-07,4.88,4.85,4.95,4.84,55994,27399436.0,2.25,-0.61,-0.03,0.42,25080222466.5
2018-09-10,4.87,4.83,4.89,4.82,46084,22402326.0,1.44,-0.41,-0.02,0.34,24976798868.7
2018-09-11,4.85,4.79,4.86,4.77,54553,26275577.0,1.86,-0.83,-0.04,0.41,24769951673.1
2018-09-12,4.79,4.84,4.9,4.79,44837,21721856.0,2.3,1.04,0.05,0.34,25028510667.6
2018-09-13,4.87,4.89,4.91,4.82,57463,27936774.0,1.86,1.03,0.05,0.43,25287069662.1
2018-09-14,4.87,4.88,4.92,4.86,35391,17292133.0,1.23,-0.2,-0.01,0.26,25235357863.2
2018-09-17,4.87,4.8,4.87,4.78,47081,22647626.0,1.84,-1.64,-0.08,0.35,24821663472.0
2018-09-18,4.81,4.95,4.95,4.8,64533,31523126.0,3.13,3.13,0.15,0.48,25597340455.5
2018-09-19,4.95,4.94,4.97,4.9,70219,34678260.0,1.41,-0.2,-0.01,0.52,25545628656.600002
2018-09-20,4.94,4.93,4.97,4.9,44396,21905618.0,1.42,-0.2,-0.01,0.33,25493916857.699997
2018-09-21,4.94,5.0,5.02,4.9,78784,39201797.0,2.43,1.42,0.07,0.59,25855899450.0
2018-09-25,4.96,4.96,5.03,4.93,60752,30210146.0,2.0,-0.8,-0.04,0.45,25649052254.4
2018-09-26,4.97,4.97,5.03,4.96,65487,32734574.0,1.41,0.2,0.01,0.49,25700764053.3
2018-09-27,4.99,4.9,5.01,4.89,65047,32145891.0,2.41,-1.41,-0.07,0.49,25338781461.0
2018-09-28,4.91,4.98,4.99,4.91,53439,26531308.0,1.63,1.63,0.08,0.4,25752475852.2
2018-10-08,4.94,4.8,4.94,4.78,86638,42213704.0,3.21,-3.61,-0.18,0.65,24821663472.0
2018-10-09,4.8,4.82,4.85,4.78,50069,24138579.0,1.46,0.42,0.02,0.37,24925087069.800003
2018-10-10,4.81,4.83,4.89,4.81,40527,19639967.0,1.66,0.21,0.01,0.3,24976798868.7
2018-10-11,4.71,4.44,4.74,4.35,171531,77616815.0,8.07,-8.07,-0.39,1.28,22960038711.600002
2018-10-12,4.36,4.33,4.44,4.21,109960,47720971.0,5.18,-2.48,-0.11,0.82,22391208923.7
2018-10-15,4.39,4.25,4.39,4.25,65014,28023267.0,3.23,-1.85,-0.08,0.49,21977514532.5
2018-10-16,4.25,4.13,4.28,4.11,84259,35332728.0,4.0,-2.82,-0.12,0.63,21356972945.7
2018-10-17,4.19,4.15,4.2,4.09,58272,24147678.0,2.66,0.48,0.02,0.44,21460396543.5
2018-10-18,4.15,4.06,4.15,4.06,67622,27776917.0,2.17,-2.17,-0.09,0.51,20994990353.399998
2018-10-19,4.05,4.23,4.24,4.0,110194,45422576.0,5.91,4.19,0.17,0.82,21874090934.7
2018-10-22,4.25,4.38,4.47,4.21,121041,52793336.0,6.15,3.55,0.15,0.9,22649767918.2
2018-10-23,4.37,4.34,4.42,4.31,76005,33104340.0,2.51,-0.91,-0.04,0.57,22442920722.6
2018-10-24,4.3,4.33,4.38,4.3,64551,28018090.0,1.84,-0.23,-0.01,0.48,22391208923.7
2018-10-25,4.22,4.33,4.37,4.16,64397,27419835.0,4.85,0.0,0.0,0.48,22391208923.7
2018-10-26,4.34,4.34,4.39,4.33,53624,23380156.0,1.39,0.23,0.01,0.4,22442920722.6
2018-10-29,4.33,4.36,4.45,4.28,55988,24499200.0,3.92,0.46,0.02,0.15,22546344320.4
2018-10-30,4.33,4.46,4.49,4.33,90700,40156516.0,3.67,2.29,0.1,0.24,23063462309.4
2018-10-31,4.47,4.56,4.6,4.46,102604,46565354.0,3.14,2.24,0.1,0.28,23580580298.399998
2018-11-01,4.57,4.57,4.69,4.56,124807,57630220.0,2.85,0.22,0.01,0.34,23632292097.300003
2018-11-02,4.66,4.72,4.73,4.64,152523,71579518.0,1.97,3.28,0.15,0.41,24407969080.8
2018-11-05,4.69,4.83,4.84,4.66,177705,84312873.0,3.81,2.33,0.11,0.48,24976798868.7
2018-11-06,4.79,4.75,4.79,4.7,114260,54116315.0,1.86,-1.66,-0.08,0.27,24563104477.5
2018-11-07,4.8,4.69,4.81,4.67,94356,44741931.0,2.95,-1.26,-0.06,0.22,24252833684.100002
2018-11-08,4.76,4.69,4.77,4.69,59240,28036251.0,1.71,0.0,0.0,0.14,24252833684.100002
2018-11-09,4.72,4.68,4.75,4.65,60443,28413569.0,2.13,-0.21,-0.01,0.14,24201121885.199997
2018-11-12,4.68,4.82,4.83,4.65,85502,40823395.0,3.85,2.99,0.14,0.2,24925087069.800003
2018-11-13,4.79,4.98,5.04,4.79,188290,93065616.0,5.19,3.32,0.16,0.44,25752475852.2
2018-11-14,4.95,4.99,5.05,4.92,102891,51225895.0,2.61,0.2,0.01,0.24,25804187651.100002
2018-11-15,4.96,5.02,5.05,4.96,90569,45412556.0,1.8,0.6,0.03,0.21,25959323047.8
2018-11-16,5.02,5.16,5.2,5.02,148997,76479463.0,3.59,2.79,0.14,0.35,26683288232.4
2018-11-19,5.16,5.17,5.18,5.05,150028,76764033.0,2.52,0.19,0.01,0.35,26735000031.3
2018-11-20,5.11,5.17,5.26,5.08,156385,81011711.0,3.48,0.0,0.0,0.36,26735000031.3
2018-11-21,5.09,5.08,5.11,4.99,129332,65326892.0,2.32,-1.74,-0.09,0.3,26269593841.2
2018-11-22,5.1,5.11,5.18,5.07,98771,50554270.0,2.17,0.59,0.03,0.23,26424729237.9
2018-11-23,5.11,4.92,5.16,4.87,121123,60138896.0,5.68,-3.72,-0.19,0.28,25442205058.8
2018-11-26,4.93,5.03,5.05,4.91,115478,57679332.0,2.85,2.24,0.11,0.27,26011034846.7
2018-11-27,5.05,4.96,5.09,4.94,77621,38887757.0,2.98,-1.39,-0.07,0.18,25649052254.4
2018-11-28,5.0,5.09,5.09,4.94,95926,48316669.0,3.02,2.62,0.13,0.22,26321305640.1
2018-11-29,5.1,4.98,5.12,4.94,111416,55649325.0,3.54,-2.16,-0.11,0.26,25752475852.2
2018-11-30,4.98,4.91,4.98,4.84,82416,40376815.0,2.81,-1.41,-0.07,0.19,25390493259.9
2018-12-03,5.15,5.21,5.33,5.1,446956,232993890.0,4.68,6.11,0.3,1.04,26941847226.9
2018-12-04,5.15,5.22,5.23,5.12,194352,100870307.0,2.11,0.19,0.01,0.45,26993559025.8
2018-12-05,5.11,5.09,5.18,5.08,145044,74218438.0,1.92,-2.49,-0.13,0.34,26321305640.1
2018-12-06,5.06,5.08,5.1,5.0,110743,56063896.0,1.96,-0.2,-0.01,0.26,26269593841.2
2018-12-07,5.05,4.98,5.07,4.96,100861,50540819.0,2.17,-1.97,-0.1,0.23,25752475852.2
2018-12-10,4.98,4.93,5.0,4.92,72097,35703134.0,1.61,-1.0,-0.05,0.17,25493916857.699997
2018-12-11,4.93,4.92,4.98,4.9,61177,30118157.0,1.62,-0.2,-0.01,0.14,25442205058.8
2018-12-12,4.93,4.87,4.96,4.87,64889,31772401.0,1.83,-1.02,-0.05,0.15,25183646064.3
2018-12-13,4.89,4.9,4.96,4.83,98576,48291989.0,2.67,0.62,0.03,0.23,25338781461.0
2018-12-14,4.89,4.71,4.93,4.71,148359,71316705.0,4.49,-3.88,-0.19,0.34,24356257281.9
2018-12-17,4.66,4.67,4.74,4.62,140021,65501677.0,2.55,-0.85,-0.04,0.33,24149410086.3
2018-12-18,4.67,4.65,4.69,4.55,127495,58853565.0,3.0,-0.43,-0.02,0.3,24045986488.5
2018-12-19,4.65,4.53,4.68,4.46,130436,59368667.0,4.73,-2.58,-0.12,0.3,23425444901.7
2018-12-20,4.54,4.6,4.61,4.5,93218,42415131.0,2.43,1.55,0.07,0.22,23787427494.0
2018-12-21,4.56,4.53,4.58,4.51,68754,31220604.0,1.52,-1.52,-0.07,0.16,23425444901.7
2018-12-24,4.54,4.6,4.61,4.52,60227,27595223.0,1.99,1.55,0.07,0.14,23787427494.0
2018-12-25,4.55,4.55,4.56,4.4,96831,43396324.0,3.48,-1.09,-0.05,0.22,23528868499.5
2018-12-26,4.51,4.58,4.6,4.49,65479,29844498.0,2.42,0.66,0.03,0.15,23684003896.2
2018-12-27,4.64,4.57,4.67,4.54,98185,45121915.0,2.84,-0.22,-0.01,0.23,23632292097.300003
2018-12-28,4.57,4.58,4.65,4.54,55738,25657906.0,2.41,0.22,0.01,0.13,23684003896.2
2019-01-02,4.6,4.51,4.62,4.51,70925,32338919.0,2.4,-1.53,-0.07,0.16,23322021303.899998
2019-01-03,4.51,4.54,4.6,4.5,68011,30941136.0,2.22,0.67,0.03,0.16,23477156700.6
2019-01-04,4.53,4.72,4.73,4.48,105686,49137684.0,5.51,3.96,0.18,0.25,24407969080.8
2019-01-07,4.75,4.83,4.84,4.71,95556,45636092.0,2.75,2.33,0.11,0.22,24976798868.7
2019-01-08,4.83,4.79,4.84,4.75,67256,32271809.0,1.86,-0.83,-0.04,0.16,24769951673.1
2019-01-09,4.8,4.8,4.91,4.79,74102,36050815.0,2.51,0.21,0.01,0.17,24821663472.0
2019-01-10,4.83,4.85,4.89,4.8,73258,35508866.0,1.88,1.04,0.05,0.17,25080222466.5
2019-01-11,4.86,4.84,4.88,4.82,67761,32838071.0,1.24,-0.21,-0.01,0.16,25028510667.6
2019-01-14,4.81,4.86,4.91,4.8,51158,24826997.0,2.27,0.41,0.02,0.12,25131934265.4
2019-01-15,4.85,4.89,4.89,4.84,69582,33831790.0,1.03,0.62,0.03,0.16,25287069662.1
2019-01-16,4.89,4.9,4.91,4.82,88547,43119656.0,1.84,0.2,0.01,0.21,25338781461.0
2019-01-17,4.9,4.84,4.9,4.83,47197,22950782.0,1.43,-1.22,-0.06,0.11,25028510667.6
2019-01-18,4.85,4.88,4.89,4.85,64282,31303066.0,0.83,0.83,0.04,0.15,25235357863.2
2019-01-21,4.87,4.92,4.93,4.87,73720,36065784.0,1.23,0.82,0.04,0.17,25442205058.8
2019-01-22,4.9,4.82,4.91,4.81,66836,32462804.0,2.03,-2.03,-0.1,0.16,24925087069.800003
2019-01-23,4.8,4.78,4.86,4.77,66329,31928308.0,1.87,-0.83,-0.04,0.15,24718239874.2
2019-01-24,4.81,4.77,4.82,4.68,89794,42658255.0,2.93,-0.21,-0.01,0.21,24666528075.3
2019-01-25,4.78,4.88,4.9,4.75,111039,53748905.0,3.14,2.31,0.11,0.26,25235357863.2
2019-01-28,4.89,4.82,4.91,4.8,72234,35048523.0,2.25,-1.23,-0.06,0.17,24925087069.800003
2019-01-29,4.79,4.73,4.83,4.65,87007,41175280.0,3.73,-1.87,-0.09,0.2,24459680879.7
2019-01-30,4.72,4.69,4.81,4.67,81217,38521665.0,2.96,-0.85,-0.04,0.19,24252833684.100002
2019-01-31,4.69,4.66,4.8,4.63,107857,51014311.0,3.62,-0.64,-0.03,0.25,24097698287.4
2019-02-01,4.72,4.75,4.79,4.71,92116,43752294.0,1.72,1.93,0.09,0.21,24563104477.5
2019-02-11,4.76,4.91,4.91,4.74,129802,62882413.0,3.58,3.37,0.16,0.3,25390493259.9
2019-02-12,4.91,4.98,5.01,4.87,124394,61710110.0,2.85,1.43,0.07,0.29,25752475852.2
2019-02-13,5.01,5.05,5.09,4.97,153784,77450964.0,2.41,1.41,0.07,0.36,26114458444.5
2019-02-14,5.06,5.05,5.08,4.99,137930,69378610.0,1.78,0.0,0.0,0.32,26114458444.5
2019-02-15,5.04,5.04,5.12,5.01,114809,58120838.0,2.18,-0.2,-0.01,0.27,26062746645.6
2019-02-18,5.06,5.18,5.21,5.06,156503,80614533.0,2.98,2.78,0.14,0.36,26786711830.199997
2019-02-19,5.19,5.13,5.2,5.08,138472,71298620.0,2.32,-0.97,-0.05,0.32,26528152835.7
2019-02-20,5.14,5.14,5.17,5.08,80538,41228486.0,1.75,0.19,0.01,0.19,26579864634.6
2019-02-21,5.13,5.08,5.18,5.07,138209,70890432.0,2.14,-1.17,-0.06,0.32,26269593841.2
2019-02-22,5.1,5.22,5.22,5.01,160942,82599121.0,4.13,2.76,0.14,0.37,26993559025.8
2019-02-25,5.3,5.56,5.61,5.22,535892,290893904.0,7.47,6.51,0.34,1.24,28751760188.399998
2019-02-26,5.63,5.45,5.64,5.44,369293,204195342.0,3.6,-1.98,-0.11,0.86,28182930400.5
2019-02-27,5.45,5.49,5.59,5.42,233723,128645682.0,3.12,0.73,0.04,0.54,28389777596.100002
2019-02-28,5.55,5.44,5.58,5.4,186934,102637178.0,3.28,-0.91,-0.05,0.43,28131218601.600002
2019-03-01,5.45,5.52,5.55,5.41,199699,109615422.0,2.57,1.47,0.08,0.46,28544912992.8
2019-03-04,5.57,5.56,5.72,5.49,352497,197186095.0,4.17,0.72,0.04,0.82,28751760188.399998
2019-03-05,5.57,5.67,5.68,5.49,261687,146431857.0,3.42,1.98,0.11,0.61,29320589976.3
2019-03-06,5.8,5.8,5.88,5.65,363106,209252604.0,4.06,2.29,0.13,0.84,29992843362.0
2019-03-07,5.78,6.08,6.08,5.71,414177,242594532.0,6.38,4.83,0.28,0.96,31440773731.2
2019-03-08,5.92,5.65,6.04,5.59,532515,311569248.0,7.4,-7.07,-0.43,1.24,29217166378.5
2019-03-11,5.62,5.86,5.89,5.62,320681,185869470.0,4.78,3.72,0.21,0.74,30303114155.4
2019-03-12,5.86,5.86,5.95,5.8,327647,192445580.0,2.56,0.0,0.0,0.76,30303114155.4
2019-03-13,5.85,5.72,5.92,5.7,279510,162031075.0,3.75,-2.39,-0.14,0.65,29579148970.8
2019-03-14,5.68,5.58,5.8,5.52,216825,122448926.0,4.9,-2.45,-0.14,0.5,28855183786.2
2019-03-15,5.58,5.65,5.72,5.58,197314,111251292.0,2.51,1.25,0.07,0.46,29217166378.5
2019-03-18,5.66,5.8,5.82,5.61,246167,140917666.0,3.72,2.65,0.15,0.57,29992843362.0
2019-03-19,5.79,5.76,5.84,5.74,157571,90992020.0,1.72,-0.69,-0.04,0.37,29785996166.399998
2019-03-20,5.76,5.73,5.78,5.63,165934,94700863.0,2.6,-0.52,-0.03,0.39,29630860769.7
2019-03-21,5.75,5.77,5.81,5.7,198287,114374611.0,1.92,0.7,0.04,0.46,29837707965.3
2019-03-22,5.78,5.84,5.9,5.69,265684,154177992.0,3.64,1.21,0.07,0.62,30199690557.6
2019-03-25,5.75,5.71,5.81,5.7,196368,113122935.0,1.88,-2.23,-0.13,0.46,29527437171.9
2019-03-26,5.73,5.51,5.76,5.48,209358,117157116.0,4.9,-3.5,-0.2,0.49,28493201193.899998
2019-03-27,5.53,5.46,5.57,5.42,147012,80426235.0,2.72,-0.91,-0.05,0.34,28234642199.4
2019-03-28,5.45,5.47,5.54,5.38,131669,72163234.0,2.93,0.18,0.01,0.31,28286353998.3
2019-03-29,5.47,5.66,5.66,5.44,183071,102295360.0,4.02,3.47,0.19,0.43,29268878177.4
2019-04-01,5.68,5.84,5.86,5.68,299944,174057930.0,3.18,3.18,0.18,0.7,30199690557.6
2019-04-02,5.82,5.97,6.03,5.82,459172,272699552.0,3.6,2.23,0.13,1.07,30871943943.3
2019-04-03,5.9,6.15,6.2,5.8,485454,294266976.0,6.7,3.02,0.18,1.13,31802756323.5
2019-04-04,6.15,6.06,6.18,6.0,355879,216340947.0,2.93,-1.46,-0.09,0.83,31337350133.399998
2019-04-08,6.1,6.1,6.18,5.98,296975,180710097.0,3.3,0.66,0.04,0.69,31544197329.0
2019-04-09,6.14,6.05,6.14,5.99,213656,129687160.0,2.46,-0.82,-0.05,0.5,31285638334.5
2019-04-10,6.01,6.04,6.1,5.99,202293,122240084.0,1.82,-0.17,-0.01,0.47,31233926535.6
2019-04-11,6.04,5.96,6.11,5.96,205023,123534542.0,2.48,-1.32,-0.08,0.48,30820232144.4
2019-04-12,6.0,6.18,6.23,5.98,366164,224750814.0,4.19,3.69,0.22,0.85,31957891720.199997
2019-04-15,6.26,6.1,6.32,6.09,333044,207116976.0,3.72,-1.29,-0.08,0.77,31544197329.0
2019-04-16,6.04,6.13,6.14,5.9,247663,149036556.0,3.93,0.49,0.03,0.58,31699332725.7
2019-04-17,6.12,6.09,6.19,6.04,173464,106025395.0,2.45,-0.65,-0.04,0.4,31492485530.1
2019-04-18,6.12,6.05,6.12,5.99,165763,100414626.0,2.13,-0.66,-0.04,0.38,31285638334.5
2019-04-19,6.01,6.09,6.1,5.99,153411,92670074.0,1.82,0.66,0.04,0.36,31492485530.1
2019-04-22,6.38,6.2,6.55,6.18,649899,413807136.0,6.08,1.81,0.11,1.51,32061315318.0
2019-04-23,6.15,6.01,6.18,5.98,324944,196265811.0,3.23,-3.06,-0.19,0.75,31078791138.899998
2019-04-24,6.0,6.02,6.06,5.96,161618,97078116.0,1.66,0.17,0.01,0.38,31130502937.8
2019-04-25,6.0,5.72,6.0,5.69,225139,131737927.0,5.15,-4.98,-0.3,0.52,29579148970.8
2019-04-26,5.7,5.64,5.74,5.59,201927,114205976.0,2.62,-1.4,-0.08,0.47,29165454579.6
2019-04-29,5.68,5.65,5.8,5.61,283958,162273960.0,3.37,0.18,0.01,0.66,29217166378.5
2019-04-30,5.67,5.78,5.85,5.65,182252,105079000.0,3.54,2.3,0.13,0.42,29889419764.2
2019-05-06,5.62,5.58,5.77,5.48,395167,221420084.0,5.02,-3.46,-0.2,0.92,28855183786.2
2019-05-07,5.62,5.55,5.71,5.49,253686,141368926.0,3.94,-0.54,-0.03,0.59,28700048389.5
2019-05-08,5.48,5.49,5.58,5.44,207770,114516143.0,2.52,-1.08,-0.06,0.48,28389777596.100002
2019-05-09,5.39,5.44,5.51,5.38,127871,69581777.0,2.37,-0.91,-0.05,0.3,28131218601.600002
2019-05-10,5.49,5.53,5.57,5.39,205627,113043781.0,3.31,1.65,0.09,0.48,28596624791.7
2019-05-13,5.48,5.46,5.53,5.44,149656,82049894.0,1.63,-1.27,-0.07,0.35,28234642199.4
2019-05-14,5.45,5.42,5.5,5.41,114973,62779227.0,1.65,-0.73,-0.04,0.27,28027795003.8
2019-05-15,5.48,5.5,5.52,5.45,95134,52203369.0,1.29,1.48,0.08,0.22,28441489395.0
2019-05-16,5.51,5.57,5.57,5.48,112604,62395220.0,1.64,1.27,0.07,0.26,28803471987.300003
2019-05-17,5.6,5.42,5.61,5.4,135169,74078213.0,3.77,-2.69,-0.15,0.31,28027795003.8
2019-05-20,5.42,5.36,5.46,5.3,96450,51738521.0,2.95,-1.11,-0.06,0.22,27717524210.4
2019-05-21,5.36,5.53,5.6,5.36,132845,73364485.0,4.48,3.17,0.17,0.31,28596624791.7
2019-05-22,5.52,5.66,5.72,5.51,196977,111790268.0,3.8,2.35,0.13,0.46,29268878177.4
2019-05-23,5.7,6.05,6.23,5.62,570921,347371328.0,10.78,6.89,0.39,1.33,31285638334.5
2019-05-24,5.88,5.7,5.95,5.67,384190,222694333.0,4.63,-5.79,-0.35,0.89,29475725373.0
2019-05-27,5.67,5.76,5.81,5.59,269581,153209011.0,3.86,1.05,0.06,0.63,29785996166.399998
2019-05-28,5.75,5.7,5.77,5.66,160340,91658915.0,1.91,-1.04,-0.06,0.37,29475725373.0
2019-05-29,5.68,5.73,5.77,5.65,145750,83327904.0,2.11,0.53,0.03,0.34,29630860769.7
2019-05-30,5.49,5.44,5.49,5.38,111980,60839452.0,1.92,-5.06,-0.29,0.26,28131218601.600002
2019-05-31,5.46,5.45,5.55,5.44,123931,67997811.0,2.02,0.18,0.01,0.29,28182930400.5
2019-06-03,5.48,5.44,5.69,5.4,211543,116186170.0,5.32,-0.18,-0.01,0.49,28131218601.600002
2019-06-04,5.47,5.29,5.47,5.27,128485,68656531.0,3.68,-2.76,-0.15,0.3,27355541618.1
2019-06-05,5.35,5.18,5.38,5.15,159402,83846919.0,4.35,-2.08,-0.11,0.37,26786711830.199997
2019-06-06,5.21,5.15,5.23,5.13,89388,46184015.0,1.93,-0.58,-0.03,0.21,26631576433.5
2019-06-10,5.2,5.19,5.25,5.15,73302,38114889.0,1.94,0.78,0.04,0.17,26838423629.100002
2019-06-11,5.19,5.36,5.37,5.17,119191,63123866.0,3.85,3.28,0.17,0.28,27717524210.4
2019-06-12,5.36,5.3,5.37,5.3,76317,40660598.0,1.31,-1.12,-0.06,0.18,27407253417.0
2019-06-13,5.31,5.3,5.36,5.24,85449,45287311.0,2.26,0.0,0.0,0.2,27407253417.0
2019-06-14,5.29,5.28,5.35,5.27,66342,35230772.0,1.51,-0.38,-0.02,0.15,27303829819.2
2019-06-17,5.27,5.27,5.32,5.24,71719,37841348.0,1.52,-0.19,-0.01,0.17,27252118020.3
2019-06-18,5.27,5.23,5.29,5.23,87496,45919273.0,1.14,-0.76,-0.04,0.2,27045270824.7
2019-06-19,5.35,5.3,5.38,5.27,117939,62824914.0,2.1,1.34,0.07,0.27,27407253417.0
2019-06-20,5.31,5.43,5.45,5.27,166818,89792273.0,3.4,2.45,0.13,0.39,28079506802.699997
2019-06-21,5.42,5.44,5.52,5.4,164242,89649696.0,2.21,0.18,0.01,0.38,28131218601.600002
2019-06-24,5.44,5.45,5.5,5.43,94446,51573374.0,1.29,0.18,0.01,0.22,28182930400.5
2019-06-25,5.5,5.41,5.51,5.35,107841,58374723.0,2.94,-0.73,-0.04,0.25,27976083204.9
2019-06-26,5.42,5.47,5.5,5.36,111797,61182714.0,2.59,1.11,0.06,0.26,28286353998.3
2019-06-27,5.47,5.47,5.52,5.45,80324,44069996.0,1.28,0.0,0.0,0.19,28286353998.3
2019-06-28,5.48,5.42,5.49,5.36,96789,52346282.0,2.38,-0.91,-0.05,0.22,28027795003.8
2019-07-01,5.5,5.57,5.58,5.48,188566,104489816.0,1.85,2.77,0.15,0.44,28803471987.300003
2019-07-02,5.57,5.69,5.69,5.56,189415,106969566.0,2.33,2.15,0.12,0.44,29424013574.100002
2019-07-03,5.69,5.6,5.69,5.56,112681,63223501.0,2.28,-1.58,-0.09,0.26,28958607384.0
2019-07-04,5.61,5.62,5.68,5.56,111510,62785473.0,2.14,0.36,0.02,0.26,29062030981.8
2019-07-05,5.6,5.65,5.68,5.59,90176,50908578.0,1.6,0.53,0.03,0.21,29217166378.5
2019-07-08,5.66,5.53,5.67,5.48,118729,65833097.0,3.36,-2.12,-0.12,0.28,28596624791.7
2019-07-09,5.57,5.54,5.57,5.49,82122,45359895.0,1.45,0.18,0.01,0.19,28648336590.6
2019-07-10,5.56,5.45,5.57,5.44,67295,36987715.0,2.35,-1.62,-0.09,0.16,28182930400.5
2019-07-11,5.51,5.45,5.55,5.4,64556,35399329.0,2.75,0.0,0.0,0.15,28182930400.5
2019-07-12,5.47,5.51,5.54,5.4,76546,42053809.0,2.57,1.1,0.06,0.18,28493201193.899998
2019-07-15,5.52,5.61,5.61,5.44,96384,53449192.0,3.09,1.81,0.1,0.22,29010319182.9
2019-07-16,5.61,5.61,5.63,5.58,87674,49184420.0,0.89,0.0,0.0,0.2,29010319182.9
2019-07-17,5.62,5.59,5.66,5.58,88826,49825629.0,1.43,-0.36,-0.02,0.21,28906895585.1
2019-07-18,5.58,5.46,5.58,5.45,95092,52278414.0,2.33,-2.33,-0.13,0.22,28234642199.4
2019-07-19,5.47,5.5,5.56,5.47,93743,51747753.0,1.65,0.73,0.04,0.22,28441489395.0
2019-07-22,5.51,5.37,5.54,5.35,126476,68538416.0,3.45,-2.36,-0.13,0.29,27769236009.3
2019-07-23,5.39,5.4,5.43,5.33,93900,50514408.0,1.86,0.56,0.03,0.22,27924371406.0
2019-07-24,5.4,5.46,5.48,5.37,122694,66907611.0,2.04,1.11,0.06,0.28,28234642199.4
2019-07-25,5.47,5.47,5.48,5.43,75831,41403044.0,0.92,0.18,0.01,0.18,28286353998.3
2019-07-26,5.43,5.46,5.47,5.41,89709,48823402.0,1.1,-0.18,-0.01,0.21,28234642199.4
2019-07-29,5.47,5.45,5.49,5.42,78529,42777902.0,1.28,-0.18,-0.01,0.18,28182930400.5
2019-07-30,5.46,5.54,5.6,5.45,122827,67963702.0,2.75,1.65,0.09,0.29,28648336590.6
2019-07-31,5.5,5.47,5.56,5.46,96202,52906648.0,1.81,-1.26,-0.07,0.22,28286353998.3
2019-08-01,5.45,5.46,5.48,5.4,110530,60097639.0,1.46,-0.18,-0.01,0.26,28234642199.4
2019-08-02,5.35,5.31,5.38,5.28,178858,95053016.0,1.83,-2.75,-0.15,0.42,27458965215.899998
2019-08-05,5.29,5.13,5.29,5.1,191826,99419292.0,3.58,-3.39,-0.18,0.45,26528152835.7
2019-08-06,5.03,4.98,5.09,4.85,183613,91120926.0,4.68,-2.92,-0.15,0.43,25752475852.2
2019-08-07,5.0,4.95,5.02,4.92,81914,40709469.0,2.01,-0.6,-0.03,0.19,25597340455.5
2019-08-08,4.97,4.99,5.02,4.95,87675,43719357.0,1.41,0.81,0.04,0.2,25804187651.100002
2019-08-09,5.02,5.03,5.04,4.95,110502,55378545.0,1.8,0.8,0.04,0.26,26011034846.7
2019-08-12,5.03,5.08,5.09,5.0,79370,40171816.0,1.79,0.99,0.05,0.18,26269593841.2
2019-08-13,5.01,5.1,5.13,5.01,95540,48622735.0,2.36,0.39,0.02,0.22,26373017439.0
2019-08-14,5.19,5.12,5.2,5.1,72969,37522548.0,1.96,0.39,0.02,0.17,26476441036.8
2019-08-15,5.01,5.16,5.17,5.01,74342,37916811.0,3.13,0.78,0.04,0.17,26683288232.4
2019-08-16,5.15,5.1,5.17,5.1,77559,39740542.0,1.36,-1.16,-0.06,0.18,26373017439.0
2019-08-19,5.13,5.25,5.28,5.13,118740,61913282.0,2.94,2.94,0.15,0.28,27148694422.5
2019-08-20,5.29,5.24,5.3,5.21,97086,51096134.0,1.71,-0.19,-0.01,0.23,27096982623.600002
2019-08-21,5.24,5.2,5.28,5.17,76770,39972607.0,2.1,-0.76,-0.04,0.18,26890135428.0
2019-08-22,5.2,5.18,5.23,5.15,70833,36679020.0,1.54,-0.38,-0.02,0.16,26786711830.199997
2019-08-23,5.24,5.15,5.24,5.12,98094,50567400.0,2.32,-0.58,-0.03,0.23,26631576433.5
2019-08-26,5.1,5.16,5.17,5.06,112708,57885309.0,2.14,0.19,0.01,0.26,26683288232.4
2019-08-27,5.21,5.32,5.35,5.21,218340,115623249.0,2.71,3.1,0.16,0.51,27510677014.800003
2019-08-28,5.29,5.33,5.43,5.29,162625,87122403.0,2.63,0.19,0.01,0.38,27562388813.7
2019-08-29,5.34,5.29,5.35,5.25,97466,51639146.0,1.88,-0.75,-0.04,0.23,27355541618.1
2019-08-30,5.37,5.3,5.41,5.25,119420,63685744.0,3.02,0.19,0.01,0.28,27407253417.0
2019-09-02,5.3,5.42,5.47,5.26,196018,106012136.0,3.96,2.26,0.12,0.46,28027795003.8
2019-09-03,5.44,5.47,5.51,5.4,152516,83222718.0,2.03,0.92,0.05,0.35,28286353998.3
2019-09-04,5.45,5.46,5.5,5.41,137890,75027385.0,1.65,-0.18,-0.01,0.32,28234642199.4
2019-09-05,5.47,5.49,5.59,5.47,207675,114950364.0,2.2,0.55,0.03,0.48,28389777596.100002
2019-09-06,5.54,5.52,5.54,5.47,106940,58824627.0,1.28,0.55,0.03,0.25,28544912992.8
2019-09-09,5.57,5.57,5.59,5.51,131358,72875207.0,1.45,0.91,0.05,0.31,28803471987.300003
2019-09-10,5.57,5.72,5.8,5.56,285590,162552410.0,4.31,2.69,0.15,0.66,29579148970.8
2019-09-11,5.72,5.68,5.76,5.63,163611,92710160.0,2.27,-0.7,-0.04,0.38,29372301775.199997
2019-09-12,5.68,5.7,5.7,5.64,106932,60542217.0,1.06,0.35,0.02,0.25,29475725373.0
2019-09-16,5.7,5.64,5.75,5.61,142421,80771579.0,2.46,-1.05,-0.06,0.33,29165454579.6
2019-09-17,5.65,5.52,5.65,5.49,151622,84202518.0,2.84,-2.13,-0.12,0.35,28544912992.8
2019-09-18,5.55,5.6,5.64,5.53,142765,79857102.0,1.99,1.45,0.08,0.33,28958607384.0
2019-09-19,5.63,5.68,5.69,5.6,129124,73059600.0,1.61,1.43,0.08,0.3,29372301775.199997
2019-09-20,5.7,5.64,5.72,5.62,116316,65815829.0,1.76,-0.7,-0.04,0.27,29165454579.6
2019-09-23,5.65,5.57,5.66,5.53,163298,90970731.0,2.3,-1.24,-0.07,0.38,28803471987.300003
2019-09-24,5.64,5.59,5.66,5.57,120736,67866627.0,1.62,0.36,0.02,0.28,28906895585.1
2019-09-25,5.59,5.5,5.59,5.47,122093,67392562.0,2.15,-1.61,-0.09,0.28,28441489395.0
2019-09-26,5.57,5.48,5.64,5.48,129468,72051461.0,2.91,-0.36,-0.02,0.3,28338065797.2
2019-09-27,5.52,5.52,5.65,5.51,106521,59300247.0,2.55,0.73,0.04,0.25,28544912992.8
2019-09-30,5.52,5.48,5.56,5.46,72506,39989003.0,1.81,-0.72,-0.04,0.17,28338065797.2
2019-10-08,5.49,5.39,5.54,5.38,116499,63375793.0,2.92,-1.64,-0.09,0.27,27872659607.1
2019-10-09,5.4,5.48,5.5,5.38,87580,47586871.0,2.23,1.67,0.09,0.2,28338065797.2
2019-10-10,5.48,5.62,5.63,5.48,108473,60389428.0,2.74,2.55,0.14,0.25,29062030981.8
2019-10-11,5.61,5.67,5.72,5.6,151201,85550016.0,2.14,0.89,0.05,0.35,29320589976.3
2019-10-14,5.75,5.74,5.81,5.72,178308,102720680.0,1.59,1.23,0.07,0.41,29682572568.600002
2019-10-15,5.73,5.72,5.78,5.69,97623,55904046.0,1.57,-0.35,-0.02,0.23,29579148970.8
2019-10-16,5.76,5.73,5.77,5.67,133241,76213393.0,1.75,0.17,0.01,0.31,29630860769.7
2019-10-17,5.72,5.68,5.75,5.65,89857,51194985.0,1.75,-0.87,-0.05,0.21,29372301775.199997
2019-10-18,5.7,5.59,5.72,5.55,132453,74480109.0,2.99,-1.58,-0.09,0.31,28906895585.1
2019-10-21,5.63,5.54,5.63,5.5,146664,81096949.0,2.33,-0.89,-0.05,0.34,28648336590.6
2019-10-22,5.57,5.57,5.59,5.51,110343,61227556.0,1.44,0.54,0.03,0.26,28803471987.300003
2019-10-23,5.57,5.55,5.59,5.52,67425,37492085.0,1.26,-0.36,-0.02,0.16,28700048389.5
2019-10-24,5.55,5.53,5.59,5.51,87596,48540175.0,1.44,-0.36,-0.02,0.2,28596624791.7
2019-10-25,5.53,5.57,5.58,5.48,90376,49952470.0,1.81,0.72,0.04,0.21,28803471987.300003
2019-10-28,5.69,5.75,5.76,5.6,212120,120392935.0,2.87,3.23,0.18,0.49,29734284367.5
2019-10-29,5.75,5.58,5.75,5.56,171854,96605850.0,3.3,-2.96,-0.17,0.4,28855183786.2
2019-10-30,5.61,5.67,5.91,5.61,329588,189364811.0,5.38,1.61,0.09,0.77,29320589976.3
2019-10-31,5.71,5.59,5.83,5.57,241481,137080849.0,4.59,-1.41,-0.08,0.56,28906895585.1
2019-11-01,5.56,5.68,5.71,5.53,223447,126093829.0,3.22,1.61,0.09,0.52,29372301775.199997
2019-11-04,5.71,5.75,5.77,5.66,318560,182494012.0,1.94,1.23,0.07,0.74,29734284367.5
2019-11-05,5.75,5.77,5.81,5.7,230244,132506130.0,1.91,0.35,0.02,0.53,29837707965.3
2019-11-06,5.77,5.69,5.78,5.65,231237,131738557.0,2.25,-1.39,-0.08,0.54,29424013574.100002
2019-11-07,5.68,5.64,5.7,5.62,184918,104564343.0,1.41,-0.88,-0.05,0.43,29165454579.6
2019-11-08,5.66,5.51,5.68,5.49,247400,137972562.0,3.37,-2.3,-0.13,0.57,28493201193.899998
2019-11-11,5.45,5.32,5.45,5.3,263314,141286326.0,2.72,-3.45,-0.19,0.61,27510677014.800003
2019-11-12,5.31,5.33,5.35,5.28,154383,82109298.0,1.32,0.19,0.01,0.36,27562388813.7
2019-11-13,5.33,5.23,5.33,5.2,169037,88592624.0,2.44,-1.88,-0.1,0.39,27045270824.7
2019-11-14,5.21,5.19,5.25,5.17,156200,81257619.0,1.53,-0.76,-0.04,0.36,26838423629.100002
2019-11-15,5.2,5.14,5.21,5.12,123165,63538977.0,1.73,-0.96,-0.05,0.29,26579864634.6
2019-11-18,5.13,5.12,5.15,5.08,139814,71521804.0,1.36,-0.39,-0.02,0.32,26476441036.8
2019-11-19,5.14,5.18,5.22,5.11,177503,91687924.0,2.15,1.17,0.06,0.41,26786711830.199997
2019-11-20,5.18,5.12,5.18,5.1,122075,62757729.0,1.54,-1.16,-0.06,0.28,26476441036.8
2019-11-21,5.1,5.11,5.14,5.08,134707,68754007.0,1.17,-0.2,-0.01,0.31,26424729237.9
2019-11-22,5.12,5.11,5.15,5.05,137405,70053147.0,1.96,0.0,0.0,0.32,26424729237.9
2019-11-25,5.09,5.12,5.13,5.06,138616,70820892.0,1.37,0.2,0.01,0.32,26476441036.8
2019-11-26,5.14,5.15,5.21,5.12,374531,193444005.0,1.76,0.59,0.03,0.87,26631576433.5
2019-11-27,5.15,5.11,5.15,5.09,137392,70188571.0,1.17,-0.78,-0.04,0.32,26424729237.9
2019-11-28,5.07,5.09,5.12,5.07,99037,50371312.0,0.98,-0.39,-0.02,0.23,26321305640.1
2019-11-29,5.08,5.08,5.11,5.06,72800,36996546.0,0.98,-0.2,-0.01,0.17,26269593841.2
2019-12-02,4.88,4.96,5.03,4.88,256561,127409100.0,2.95,-2.36,-0.12,0.6,25649052254.4
2019-12-03,4.92,5.05,5.05,4.9,194508,96941171.0,3.02,1.81,0.09,0.45,26114458444.5
2019-12-04,5.02,5.04,5.05,5.0,109472,55004122.0,0.99,-0.2,-0.01,0.25,26062746645.6
2019-12-05,5.06,5.05,5.08,5.02,106436,53761793.0,1.19,0.2,0.01,0.25,26114458444.5
2019-12-06,5.06,5.08,5.08,5.04,120359,60933497.0,0.79,0.59,0.03,0.28,26269593841.2
2019-12-09,5.08,5.1,5.12,5.07,193489,98534186.0,0.98,0.39,0.02,0.45,26373017439.0
2019-12-10,5.1,5.08,5.1,5.03,128977,65457299.0,1.37,-0.39,-0.02,0.3,26269593841.2
2019-12-11,5.09,5.1,5.1,5.06,171616,87241855.0,0.79,0.39,0.02,0.4,26373017439.0
2019-12-12,5.09,5.04,5.1,5.02,241148,122036722.0,1.57,-1.18,-0.06,0.56,26062746645.6
2019-12-13,5.08,5.17,5.17,5.05,457548,233356391.0,2.38,2.58,0.13,1.06,26735000031.3
2019-12-16,5.18,5.21,5.22,5.12,315562,163143865.0,1.93,0.77,0.04,0.73,26941847226.9
2019-12-17,5.2,5.28,5.32,5.16,352448,184635022.0,3.07,1.34,0.07,0.82,27303829819.2
2019-12-18,5.26,5.28,5.31,5.24,174651,92156018.0,1.33,0.0,0.0,0.41,27303829819.2
2019-12-19,5.25,5.28,5.31,5.24,154513,81404520.0,1.33,0.0,0.0,0.36,27303829819.2
2019-12-20,5.27,5.25,5.3,5.22,130678,68786185.0,1.52,-0.57,-0.03,0.3,27148694422.5
2019-12-23,5.25,5.13,5.28,5.13,150302,78102351.0,2.86,-2.29,-0.12,0.35,26528152835.7
2019-12-24,5.14,5.16,5.18,5.12,95129,48992319.0,1.17,0.58,0.03,0.22,26683288232.4
2019-12-25,5.16,5.13,5.17,5.11,118919,61097432.0,1.16,-0.58,-0.03,0.28,26528152835.7
2019-12-26,5.15,5.16,5.16,5.11,106556,54741830.0,0.97,0.58,0.03,0.25,26683288232.4
2019-12-27,5.16,5.18,5.21,5.14,130462,67544562.0,1.36,0.39,0.02,0.3,26786711830.199997
2019-12-30,5.17,5.23,5.26,5.12,161082,83874287.0,2.7,0.97,0.05,0.37,27045270824.7
2019-12-31,5.23,5.25,5.26,5.2,139753,73157737.0,1.15,0.38,0.02,0.32,27148694422.5
2020-01-02,5.28,5.31,5.32,5.25,213462,113038953.0,1.33,1.14,0.06,0.5,27458965215.899998
2020-01-03,5.31,5.3,5.33,5.26,160117,84713105.0,1.32,-0.19,-0.01,0.37,27407253417.0
2020-01-06,5.26,5.33,5.38,5.22,244303,130077274.0,3.02,0.57,0.03,0.57,27562388813.7
2020-01-07,5.34,5.4,5.41,5.33,262512,141131194.0,1.5,1.31,0.07,0.61,27924371406.0
2020-01-08,5.36,5.27,5.39,5.24,261956,138804630.0,2.78,-2.41,-0.13,0.61,27252118020.3
2020-01-09,5.31,5.33,5.33,5.28,165134,87680379.0,0.95,1.14,0.06,0.38,27562388813.7
2020-01-10,5.34,5.31,5.37,5.29,144957,77065632.0,1.5,-0.38,-0.02,0.34,27458965215.899998
2020-01-13,5.29,5.41,5.41,5.26,263362,141018136.0,2.82,1.88,0.1,0.61,27976083204.9
2020-01-14,5.42,5.42,5.45,5.4,158148,85752946.0,0.92,0.18,0.01,0.37,28027795003.8
2020-01-15,5.4,5.4,5.43,5.36,136517,73609450.0,1.29,-0.37,-0.02,0.32,27924371406.0
2020-01-16,5.39,5.37,5.44,5.34,109311,58741443.0,1.85,-0.56,-0.03,0.25,27769236009.3
2020-01-17,5.37,5.31,5.39,5.3,114355,61117771.0,1.68,-1.12,-0.06,0.27,27458965215.899998
2020-01-20,5.3,5.36,5.37,5.29,148285,79174549.0,1.51,0.94,0.05,0.34,27717524210.4
2020-01-21,5.36,5.18,5.36,5.18,239854,125608945.0,3.36,-3.36,-0.18,0.56,26786711830.199997
2020-01-22,5.19,5.2,5.22,5.1,158926,81940216.0,2.32,0.39,0.02,0.37,26890135428.0
2020-01-23,5.16,5.05,5.17,5.01,241674,122694622.0,3.08,-2.88,-0.15,0.56,26114458444.5
2020-02-03,4.55,4.55,4.6,4.55,178085,81068438.0,0.99,-9.9,-0.5,0.41,23528868499.5
2020-02-04,4.42,4.52,4.63,4.41,348225,158231197.0,4.84,-0.66,-0.03,0.81,23373733102.8
2020-02-05,4.56,4.59,4.65,4.51,267575,122738406.0,3.1,1.55,0.07,0.62,23735715695.1
2020-02-06,4.61,4.66,4.68,4.55,224441,103621070.0,2.83,1.53,0.07,0.52,24097698287.4
2020-02-07,4.65,4.8,4.84,4.6,253466,118817683.0,5.15,3.0,0.14,0.59,24821663472.0
2020-02-10,4.8,5.28,5.28,4.76,857070,441173008.0,10.83,10.0,0.48,1.99,27303829819.2
2020-02-11,5.3,5.43,5.68,5.1,1196802,639828256.0,10.98,2.84,0.15,2.78,28079506802.699997
2020-02-12,5.45,5.29,5.46,5.16,716792,379059712.0,5.52,-2.58,-0.14,1.66,27355541618.1
2020-02-13,5.24,5.82,5.82,5.13,1681552,929194384.0,13.04,10.02,0.53,3.9,30096266959.800003
2020-02-14,5.6,5.54,5.78,5.46,1702667,956442576.0,5.5,-4.81,-0.28,3.95,28648336590.6
2020-02-17,5.47,5.5,5.67,5.33,1114781,611529984.0,6.14,-0.72,-0.04,2.59,28441489395.0
2020-02-18,5.48,5.31,5.48,5.28,981191,524580544.0,3.64,-3.45,-0.19,2.28,27458965215.899998
2020-02-19,5.27,5.23,5.37,5.2,636704,335690000.0,3.2,-1.51,-0.08,1.48,27045270824.7
2020-02-20,5.23,5.25,5.27,5.16,632352,329637024.0,2.1,0.38,0.02,1.47,27148694422.5
2020-02-21,5.26,5.19,5.26,5.18,525076,273458752.0,1.52,-1.14,-0.06,1.22,26838423629.100002
2020-02-24,5.2,5.22,5.35,5.17,637757,334032736.0,3.47,0.58,0.03,1.48,26993559025.8
2020-02-25,5.13,5.05,5.13,4.9,809844,407946128.0,4.41,-3.26,-0.17,1.88,26114458444.5
2020-02-26,5.0,5.08,5.16,4.95,620734,314935568.0,4.16,0.59,0.03,1.44,26269593841.2
2020-02-27,5.07,5.0,5.1,4.99,465937,234403240.0,2.17,-1.57,-0.08,1.08,25855899450.0
2020-02-28,4.86,4.77,4.98,4.77,558277,270936160.0,4.2,-4.6,-0.23,1.3,24666528075.3
2020-03-02,4.77,4.91,4.93,4.77,455143,222467361.0,3.35,2.94,0.14,1.06,25390493259.9
2020-03-03,4.99,4.89,5.03,4.86,420364,207557131.0,3.46,-0.41,-0.02,0.98,25287069662.1
2020-03-04,4.86,4.96,4.96,4.85,327941,160610993.0,2.25,1.43,0.07,0.76,25649052254.4
2020-03-05,4.99,5.07,5.11,4.94,524637,263728129.0,3.43,2.22,0.11,1.22,26217882042.300003
2020-03-06,5.01,5.0,5.05,4.97,318669,159526827.0,1.58,-1.38,-0.07,0.74,25855899450.0
2020-03-09,4.89,4.83,4.94,4.82,373610,182005012.0,2.4,-3.4,-0.17,0.87,24976798868.7
2020-03-10,4.78,4.89,4.92,4.77,339166,164534642.0,3.11,1.24,0.06,0.79,25287069662.1
2020-03-11,4.9,4.91,5.05,4.87,418564,207271773.0,3.68,0.41,0.02,0.97,25390493259.9
2020-03-12,4.85,4.84,4.89,4.8,240973,116460673.0,1.83,-1.43,-0.07,0.56,25028510667.6
2020-03-13,4.64,4.8,4.82,4.6,352254,165860294.0,4.55,-0.83,-0.04,0.82,24821663472.0
2020-03-16,4.85,4.73,4.87,4.72,308466,147804523.0,3.13,-1.46,-0.07,0.72,24459680879.7
2020-03-17,4.76,4.82,4.82,4.65,295368,140426646.0,3.59,1.9,0.09,0.69,24925087069.800003
2020-03-18,4.85,4.69,4.86,4.69,320560,153349170.0,3.53,-2.7,-0.13,0.74,24252833684.100002
2020-03-19,4.68,4.69,4.75,4.6,276252,128985456.0,3.2,0.0,0.0,0.64,24252833684.100002
2020-03-20,4.74,4.75,4.76,4.67,175558,82818083.0,1.92,1.28,0.06,0.41,24563104477.5
2020-03-23,4.61,4.62,4.69,4.58,202296,93851853.0,2.32,-2.74,-0.13,0.47,23890851091.8
2020-03-24,4.68,4.69,4.72,4.62,193319,90578229.0,2.16,1.52,0.07,0.45,24252833684.100002
2020-03-25,4.77,4.78,4.83,4.71,240165,114456695.0,2.56,1.92,0.09,0.56,24718239874.2
2020-03-26,4.75,4.69,4.76,4.68,181768,85854046.0,1.67,-1.88,-0.09,0.42,24252833684.100002
2020-03-27,4.75,4.7,4.78,4.7,185290,87750691.0,1.71,0.21,0.01,0.43,24304545483.0
2020-03-30,4.66,4.66,4.69,4.57,188454,87321788.0,2.55,-0.85,-0.04,0.44,24097698287.4
2020-03-31,4.71,4.8,5.04,4.69,417154,200648466.0,7.51,3.0,0.14,0.97,24821663472.0
2020-04-01,4.73,4.76,4.82,4.7,251180,119588934.0,2.5,-0.83,-0.04,0.58,24614816276.399998
2020-04-02,4.73,4.81,4.82,4.71,185563,88636441.0,2.31,1.05,0.05,0.43,24873375270.899998
2020-04-03,4.82,4.74,4.84,4.73,152216,72639944.0,2.29,-1.46,-0.07,0.35,24511392678.600002
2020-04-07,4.79,4.81,4.85,4.79,194866,93889026.0,1.27,1.48,0.07,0.45,24873375270.899998
2020-04-08,4.84,4.81,4.84,4.78,184508,88801405.0,1.25,0.0,0.0,0.43,24873375270.899998
2020-04-09,4.83,4.82,4.85,4.81,140278,67690330.0,0.83,0.21,0.01,0.33,24925087069.800003
2020-04-10,4.83,4.73,4.84,4.72,168746,80539300.0,2.49,-1.87,-0.09,0.39,24459680879.7
2020-04-13,4.71,4.67,4.72,4.66,132930,62347337.0,1.27,-1.27,-0.06,0.31,24149410086.3
2020-04-14,4.68,4.71,4.71,4.67,134279,63011724.0,0.86,0.86,0.04,0.31,24356257281.9
2020-04-15,4.72,4.68,4.73,4.67,149260,70062696.0,1.27,-0.64,-0.03,0.35,24201121885.199997
2020-04-16,4.66,4.66,4.69,4.65,129283,60393042.0,0.85,-0.43,-0.02,0.3,24097698287.4
2020-04-17,4.74,4.71,4.79,4.69,184881,87620999.0,2.15,1.07,0.05,0.43,24356257281.9
2020-04-20,4.72,4.68,4.72,4.67,179455,84070142.0,1.06,-0.64,-0.03,0.42,24201121885.199997
2020-04-21,4.69,4.65,4.7,4.62,145849,67818542.0,1.71,-0.64,-0.03,0.34,24045986488.5
2020-04-22,4.64,4.66,4.67,4.61,100557,46709246.0,1.29,0.22,0.01,0.23,24097698287.4
2020-04-23,4.66,4.72,4.76,4.63,265069,124926044.0,2.79,1.29,0.06,0.62,24407969080.8
2020-04-24,4.7,4.63,4.72,4.61,165074,76893167.0,2.33,-1.91,-0.09,0.38,23942562890.7
2020-04-27,4.64,4.63,4.68,4.61,120624,56002488.0,1.51,0.0,0.0,0.28,23942562890.7
2020-04-28,4.64,4.59,4.65,4.49,240491,110101552.0,3.46,-0.86,-0.04,0.56,23735715695.1
2020-04-29,4.6,4.57,4.61,4.56,95291,43700597.0,1.09,-0.44,-0.02,0.22,23632292097.300003
2020-04-30,4.6,4.68,4.7,4.59,156759,73005952.0,2.41,2.41,0.11,0.36,24201121885.199997
2020-05-06,4.64,4.65,4.67,4.61,253383,117427984.0,1.28,-0.64,-0.03,0.59,24045986488.5
2020-05-07,4.64,4.6,4.67,4.6,208893,96638821.0,1.51,-1.08,-0.05,0.49,23787427494.0
2020-05-08,4.64,4.67,4.67,4.61,170595,79197116.0,1.3,1.52,0.07,0.4,24149410086.3
2020-05-11,4.68,4.63,4.7,4.6,202918,94312911.0,2.14,-0.86,-0.04,0.47,23942562890.7
2020-05-12,4.63,4.59,4.64,4.57,153042,70347414.0,1.51,-0.86,-0.04,0.36,23735715695.1
2020-05-13,4.59,4.6,4.61,4.56,112411,51555132.0,1.09,0.22,0.01,0.26,23787427494.0
2020-05-14,4.58,4.56,4.6,4.56,118547,54257727.0,0.87,-0.87,-0.04,0.28,23580580298.399998
2020-05-15,4.63,4.58,4.66,4.56,180909,83330293.0,2.19,0.44,0.02,0.42,23684003896.2
2020-05-18,4.59,4.53,4.59,4.51,132481,60281663.0,1.75,-1.09,-0.05,0.31,23425444901.7
2020-05-19,4.56,4.55,4.57,4.53,114664,52179823.0,0.88,0.44,0.02,0.27,23528868499.5
2020-05-20,4.54,4.52,4.56,4.51,106283,48187055.0,1.1,-0.66,-0.03,0.25,23373733102.8
2020-05-21,4.52,4.5,4.54,4.49,117682,53153529.0,1.11,-0.44,-0.02,0.27,23270309505.0
2020-05-22,4.52,4.43,4.52,4.42,178719,79925573.0,2.22,-1.56,-0.07,0.41,22908326912.699997
2020-05-25,4.43,4.4,4.44,4.37,158436,69712936.0,1.58,-0.68,-0.03,0.37,22753191516.0
2020-05-26,4.4,4.44,4.45,4.4,139047,61632763.0,1.14,0.91,0.04,0.32,22960038711.600002
2020-05-27,4.44,4.46,4.47,4.42,116814,51962068.0,1.13,0.45,0.02,0.27,23063462309.4
2020-05-28,4.47,4.44,4.52,4.43,116469,52047019.0,2.02,-0.45,-0.02,0.27,22960038711.600002
2020-05-29,4.44,4.45,4.47,4.43,99665,44390385.0,0.9,0.23,0.01,0.23,23011750510.5
2020-06-01,4.47,4.54,4.56,4.46,194872,88078700.0,2.25,2.02,0.09,0.45,23477156700.6
2020-06-02,4.53,4.56,4.56,4.52,132198,60072357.0,0.88,0.44,0.02,0.31,23580580298.399998
2020-06-03,4.57,4.5,4.58,4.49,197072,89408960.0,1.97,-1.32,-0.06,0.46,23270309505.0
2020-06-04,4.55,4.59,4.68,4.53,323257,149118588.0,3.33,2.0,0.09,0.75,23735715695.1
2020-06-05,4.59,4.6,4.62,4.55,167733,76717383.0,1.53,0.22,0.01,0.39,23787427494.0
2020-06-08,4.6,4.56,4.62,4.55,152469,69724738.0,1.52,-0.87,-0.04,0.35,23580580298.399998
2020-06-09,4.56,4.54,4.58,4.51,198441,90072437.0,1.54,-0.44,-0.02,0.46,23477156700.6
2020-06-10,4.56,4.54,4.57,4.52,203955,92645187.0,1.1,0.0,0.0,0.47,23477156700.6
2020-06-11,4.3,4.25,4.31,4.2,249328,106234613.0,2.42,-6.39,-0.29,0.58,21977514532.5
2020-06-12,4.21,4.29,4.31,4.19,253559,108098867.0,2.82,0.94,0.04,0.59,22184361728.1
2020-06-15,4.28,4.24,4.33,4.23,207615,88892635.0,2.33,-1.17,-0.05,0.48,21925802733.600002
2020-06-16,4.25,4.26,4.28,4.24,108498,46267619.0,0.94,0.47,0.02,0.25,22029226331.399998
2020-06-17,4.27,4.25,4.27,4.23,122379,51919486.0,0.94,-0.23,-0.01,0.28,21977514532.5
2020-06-18,4.26,4.29,4.29,4.23,141088,60176319.0,1.41,0.94,0.04,0.33,22184361728.1
2020-06-19,4.28,4.31,4.32,4.26,170938,73502957.0,1.4,0.47,0.02,0.4,22287785325.899998
2020-06-22,4.32,4.3,4.35,4.28,150118,64670885.0,1.62,-0.23,-0.01,0.35,22236073527.0
2020-06-23,4.3,4.26,4.3,4.24,112641,48036321.0,1.4,-0.93,-0.04,0.26,22029226331.399998
2020-06-24,4.26,4.22,4.27,4.22,137136,58065431.0,1.17,-0.94,-0.04,0.32,21822379135.8
2020-06-29,4.21,4.18,4.22,4.17,106513,44641824.0,1.18,-0.95,-0.04,0.25,21615531940.199997
2020-06-30,4.2,4.21,4.23,4.19,121681,51209303.0,0.96,0.72,0.03,0.28,21770667336.9
2020-07-01,4.35,4.33,4.44,4.31,460884,201290381.0,3.09,2.85,0.12,1.07,22391208923.7
2020-07-02,4.32,4.43,4.43,4.3,374231,164106011.0,3.0,2.31,0.1,0.87,22908326912.699997
2020-07-03,4.45,4.53,4.55,4.43,440000,197911907.0,2.71,2.26,0.1,1.02,23425444901.7
2020-07-06,4.58,4.76,4.79,4.57,683904,321661296.0,4.86,5.08,0.23,1.59,24614816276.399998
2020-07-07,4.78,4.67,4.84,4.67,605569,286993648.0,3.57,-1.89,-0.09,1.41,24149410086.3
2020-07-08,4.68,4.74,4.75,4.62,441501,207206366.0,2.78,1.5,0.07,1.03,24511392678.600002
2020-07-09,4.73,4.79,4.79,4.68,489822,232758826.0,2.32,1.05,0.05,1.14,24769951673.1
2020-07-10,4.75,4.68,4.78,4.66,448658,211710831.0,2.51,-2.3,-0.11,1.04,24201121885.199997
2020-07-13,4.68,4.83,4.84,4.66,560002,267989766.0,3.85,3.21,0.15,1.3,24976798868.7
2020-07-14,4.83,4.76,4.87,4.69,479861,229088313.0,3.73,-1.45,-0.07,1.11,24614816276.399998
2020-07-15,4.79,4.7,4.81,4.66,347976,164502066.0,3.15,-1.26,-0.06,0.81,24304545483.0
2020-07-16,4.69,4.55,4.75,4.52,376729,175213531.0,4.89,-3.19,-0.15,0.87,23528868499.5
2020-07-17,4.57,4.54,4.62,4.5,225857,102735101.0,2.64,-0.22,-0.01,0.52,23477156700.6
2020-07-20,4.56,4.71,4.74,4.55,319483,148570900.0,4.19,3.74,0.17,0.74,24356257281.9
2020-07-21,4.72,4.7,4.74,4.66,234481,109996391.0,1.7,-0.21,-0.01,0.54,24304545483.0
2020-07-22,4.68,4.69,4.76,4.66,291531,137237213.0,2.13,-0.21,-0.01,0.68,24252833684.100002
2020-07-23,4.66,4.63,4.66,4.53,310531,142864627.0,2.77,-1.28,-0.06,0.72,23942562890.7
2020-07-24,4.6,4.5,4.65,4.48,331968,151269565.0,3.67,-2.81,-0.13,0.77,23270309505.0
2020-07-27,4.52,4.48,4.54,4.44,139553,62535697.0,2.22,-0.44,-0.02,0.32,23166885907.2
2020-07-28,4.51,4.48,4.52,4.46,122350,54894064.0,1.34,0.0,0.0,0.28,23166885907.2
2020-07-29,4.46,4.54,4.56,4.45,205424,92869146.0,2.46,1.34,0.06,0.48,23477156700.6
2020-07-30,4.55,4.5,4.58,4.49,206024,93159588.0,1.98,-0.88,-0.04,0.48,23270309505.0
2020-07-31,4.51,4.58,4.58,4.48,271653,123175553.0,2.22,1.78,0.08,0.63,23684003896.2
2020-08-03,4.61,4.65,4.66,4.57,372630,172140511.0,1.97,1.53,0.07,0.87,24045986488.5
2020-08-04,4.65,4.65,4.71,4.59,388248,180249411.0,2.58,0.0,0.0,0.9,24045986488.5
2020-08-05,4.64,4.63,4.66,4.59,249720,115389843.0,1.51,-0.43,-0.02,0.58,23942562890.7
2020-08-06,4.65,4.6,4.65,4.55,228909,105151303.0,2.16,-0.65,-0.03,0.53,23787427494.0
2020-08-07,4.58,4.54,4.59,4.49,213012,96538212.0,2.17,-1.3,-0.06,0.49,23477156700.6
2020-08-10,4.52,4.56,4.59,4.51,208325,94897319.0,1.76,0.44,0.02,0.48,23580580298.399998
2020-08-11,4.56,4.57,4.67,4.56,378929,174591301.0,2.41,0.22,0.01,0.88,23632292097.300003
2020-08-12,4.57,4.67,4.72,4.57,453354,210503391.0,3.28,2.19,0.1,1.05,24149410086.3
2020-08-13,4.72,4.67,4.73,4.64,301289,140996032.0,1.93,0.0,0.0,0.7,24149410086.3
2020-08-14,4.66,4.68,4.69,4.62,195755,91142724.0,1.5,0.21,0.01,0.45,24201121885.199997
2020-08-17,4.7,4.74,4.76,4.65,414439,195709319.0,2.35,1.28,0.06,0.96,24511392678.600002
2020-08-18,4.71,4.72,4.75,4.69,313350,147773602.0,1.27,-0.42,-0.02,0.73,24407969080.8
2020-08-19,4.73,4.67,4.74,4.66,259571,121598050.0,1.69,-1.06,-0.05,0.6,24149410086.3
2020-08-20,4.64,4.67,4.7,4.64,211737,98960996.0,1.28,0.0,0.0,0.49,24149410086.3
2020-08-21,4.69,4.65,4.7,4.63,154484,72002749.0,1.5,-0.43,-0.02,0.36,24045986488.5
2020-08-24,4.67,4.68,4.7,4.65,170957,80056343.0,1.08,0.65,0.03,0.4,24201121885.199997
2020-08-25,4.76,4.81,5.05,4.75,1143816,560407296.0,6.41,2.78,0.13,2.66,24873375270.899998
2020-08-26,4.78,4.76,4.9,4.73,567110,272241184.0,3.53,-1.04,-0.05,1.32,24614816276.399998
2020-08-27,4.81,4.97,5.05,4.8,1054627,522216224.0,5.25,4.41,0.21,2.45,25700764053.3
2020-08-28,4.95,4.95,4.96,4.84,581029,284312720.0,2.41,-0.4,-0.02,1.35,25597340455.5
2020-08-31,4.96,4.89,4.99,4.89,463791,228441431.0,2.02,-1.21,-0.06,1.08,25287069662.1
2020-09-01,4.87,4.93,4.94,4.84,332819,162775430.0,2.04,0.82,0.04,0.77,25493916857.699997
2020-09-02,4.93,4.93,4.96,4.87,332032,163436955.0,1.83,0.0,0.0,0.77,25493916857.699997
2020-09-03,4.97,4.89,4.97,4.87,254599,124924753.0,2.03,-0.81,-0.04,0.59,25287069662.1
2020-09-04,4.82,4.85,4.88,4.8,230116,111241804.0,1.64,-0.82,-0.04,0.53,25080222466.5
2020-09-07,4.85,4.78,4.92,4.77,317074,153551601.0,3.09,-1.44,-0.07,0.74,24718239874.2
2020-09-08,4.81,4.92,4.93,4.78,325986,158899487.0,3.14,2.93,0.14,0.76,25442205058.8
2020-09-09,4.86,4.88,4.95,4.84,317142,155237561.0,2.24,-0.81,-0.04,0.74,25235357863.2
2020-09-10,4.94,4.87,5.09,4.81,638761,316281552.0,5.74,-0.2,-0.01,1.48,25183646064.3
2020-09-11,4.84,4.82,4.88,4.75,299278,144368498.0,2.67,-1.03,-0.05,0.69,24925087069.800003
2020-09-14,4.85,4.79,4.88,4.75,273500,131116503.0,2.7,-0.62,-0.03,0.64,24769951673.1
2020-09-15,4.78,4.79,4.8,4.74,171253,81736057.0,1.25,0.0,0.0,0.4,24769951673.1
2020-09-16,4.79,4.75,4.8,4.73,149826,71356904.0,1.46,-0.84,-0.04,0.35,24563104477.5
2020-09-17,4.75,4.72,4.77,4.68,209948,99070378.0,1.89,-0.63,-0.03,0.49,24407969080.8
2020-09-18,4.72,4.76,4.79,4.7,271882,129060118.0,1.91,0.85,0.04,0.63,24614816276.399998
2020-09-21,4.78,4.8,4.87,4.77,244323,117645990.0,2.1,0.84,0.04,0.57,24821663472.0
2020-09-22,4.77,4.72,4.79,4.71,181216,86113572.0,1.67,-1.67,-0.08,0.42,24407969080.8
2020-09-23,4.75,4.74,4.78,4.72,128605,60965392.0,1.27,0.42,0.02,0.3,24511392678.600002
2020-09-24,4.72,4.63,4.72,4.61,244603,113671160.0,2.32,-2.32,-0.11,0.57,23942562890.7
2020-09-25,4.63,4.58,4.65,4.56,148979,68407627.0,1.94,-1.08,-0.05,0.35,23684003896.2
2020-09-28,4.61,4.59,4.61,4.56,111599,51163630.0,1.09,0.22,0.01,0.26,23735715695.1
2020-09-29,4.61,4.62,4.66,4.58,128931,59512255.0,1.74,0.65,0.03,0.3,23890851091.8
2020-09-30,4.63,4.62,4.64,4.57,131166,60473447.0,1.52,0.0,0.0,0.3,23890851091.8
2020-10-09,4.66,4.73,4.76,4.65,241209,114023026.0,2.38,2.38,0.11,0.56,24459680879.7
2020-10-12,4.75,4.79,4.81,4.71,259394,123742468.0,2.11,1.27,0.06,0.6,24769951673.1
2020-10-13,4.79,4.72,4.79,4.7,210679,99605282.0,1.88,-1.46,-0.07,0.49,24407969080.8
2020-10-14,4.72,4.66,4.73,4.64,178239,83310722.0,1.91,-1.27,-0.06,0.41,24097698287.4
2020-10-15,4.68,4.65,4.69,4.64,122832,57326211.0,1.07,-0.21,-0.01,0.29,24045986488.5
2020-10-16,4.66,4.66,4.7,4.63,125689,58654455.0,1.51,0.22,0.01,0.29,24097698287.4
2020-10-19,4.67,4.63,4.73,4.62,195293,91343968.0,2.36,-0.64,-0.03,0.45,23942562890.7
2020-10-20,4.63,4.65,4.69,4.62,112584,52338014.0,1.51,0.43,0.02,0.26,24045986488.5
2020-10-21,4.66,4.6,4.67,4.57,169711,77979893.0,2.15,-1.08,-0.05,0.39,23787427494.0
2020-10-22,4.6,4.59,4.61,4.56,111030,50936778.0,1.09,-0.22,-0.01,0.26,23735715695.1
2020-10-23,4.59,4.63,4.64,4.58,112504,51841477.0,1.31,0.87,0.04,0.26,23942562890.7
2020-10-26,4.62,4.58,4.62,4.55,147225,67367657.0,1.51,-1.08,-0.05,0.34,23684003896.2
2020-10-27,4.59,4.47,4.59,4.44,300617,134934127.0,3.28,-2.4,-0.11,0.7,23115174108.3
2020-10-28,4.46,4.47,4.48,4.4,194298,86169198.0,1.79,0.0,0.0,0.45,23115174108.3
2020-10-29,4.43,4.49,4.52,4.41,163273,73250170.0,2.46,0.45,0.02,0.38,23218597706.100002
2020-10-30,4.48,4.42,4.51,4.39,179493,79898388.0,2.67,-1.56,-0.07,0.42,22856615113.8
2020-11-02,4.42,4.37,4.44,4.32,224997,98535094.0,2.71,-1.13,-0.05,0.52,22598056119.3
2020-11-03,4.4,4.43,4.45,4.36,130065,57452041.0,2.06,1.37,0.06,0.3,22908326912.699997
2020-11-04,4.43,4.39,4.45,4.35,155260,68149470.0,2.26,-0.9,-0.04,0.36,22701479717.1
2020-11-05,4.42,4.57,4.66,4.41,412879,187444945.0,5.69,4.1,0.18,0.96,23632292097.300003
2020-11-06,4.56,4.58,4.6,4.52,234479,106851104.0,1.75,0.22,0.01,0.54,23684003896.2
2020-11-09,4.59,4.56,4.66,4.54,516310,236842424.0,2.62,-0.44,-0.02,1.2,23580580298.399998
2020-11-10,4.58,4.57,4.64,4.55,292627,134315971.0,1.97,0.22,0.01,0.68,23632292097.300003
2020-11-11,4.58,4.61,4.66,4.54,267855,123642780.0,2.63,0.88,0.04,0.53,23839139292.9
2020-11-12,4.61,4.59,4.66,4.58,238419,109815309.0,1.74,-0.43,-0.02,0.47,23735715695.1
2020-11-13,4.61,4.55,4.61,4.52,177301,80813398.0,1.96,-0.87,-0.04,0.35,23528868499.5
2020-11-16,4.58,4.67,4.72,4.58,320896,149516583.0,3.08,2.64,0.12,0.63,24149410086.3
2020-11-17,4.66,4.72,4.75,4.63,312836,147193616.0,2.57,1.07,0.05,0.62,24407969080.8
2020-11-18,4.7,4.72,4.75,4.66,235791,111135343.0,1.91,0.0,0.0,0.47,24407969080.8
2020-11-19,4.71,4.71,4.78,4.67,252178,119179955.0,2.33,-0.21,-0.01,0.5,24356257281.9
2020-11-20,4.68,4.69,4.73,4.67,181506,85203614.0,1.27,-0.42,-0.02,0.36,24252833684.100002
2020-11-23,4.69,4.76,4.84,4.67,551163,262398884.0,3.62,1.49,0.07,1.09,24614816276.399998
2020-11-24,4.76,4.71,4.78,4.7,199620,94383257.0,1.68,-1.05,-0.05,0.39,24356257281.9
2020-11-25,4.72,4.65,4.77,4.64,246860,116062173.0,2.76,-1.27,-0.06,0.49,24045986488.5
2020-11-26,4.67,4.65,4.68,4.63,140312,65256702.0,1.08,0.0,0.0,0.28,24045986488.5
2020-11-27,4.64,4.65,4.67,4.58,210599,97265017.0,1.94,0.0,0.0,0.42,24045986488.5
2020-11-30,4.65,4.59,4.71,4.58,449933,209073614.0,2.8,-1.29,-0.06,0.89,23735715695.1
2020-12-01,4.57,4.59,4.65,4.55,486604,223873273.0,2.18,0.0,0.0,0.96,23735715695.1
2020-12-02,4.6,4.6,4.65,4.56,414650,190673902.0,1.96,0.22,0.01,0.82,23787427494.0
2020-12-03,4.59,4.61,4.63,4.57,229396,105550945.0,1.3,0.22,0.01,0.45,23839139292.9
2020-12-04,4.6,4.58,4.61,4.56,219232,100448674.0,1.08,-0.65,-0.03,0.43,23684003896.2
2020-12-07,4.58,4.55,4.6,4.54,200398,91505974.0,1.31,-0.66,-0.03,0.4,23528868499.5
2020-12-08,4.56,4.55,4.58,4.54,132411,60349204.0,0.88,0.0,0.0,0.26,23528868499.5
2020-12-09,4.55,4.5,4.58,4.5,214027,97386693.0,1.76,-1.1,-0.05,0.42,23270309505.0
2020-12-10,4.5,4.55,4.56,4.5,173755,78851014.0,1.33,1.11,0.05,0.34,23528868499.5
2020-12-11,4.55,4.59,4.59,4.52,276564,125951248.0,1.54,0.88,0.04,0.55,23735715695.1
2020-12-14,4.6,4.54,4.6,4.5,232016,105329403.0,2.18,-1.09,-0.05,0.46,23477156700.6
2020-12-15,4.55,4.47,4.55,4.45,224208,100252696.0,2.2,-1.54,-0.07,0.44,23115174108.3
2020-12-16,4.47,4.46,4.48,4.43,148822,66255611.0,1.12,-0.22,-0.01,0.29,23063462309.4
2020-12-17,4.46,4.47,4.5,4.41,359250,160172523.0,2.02,0.22,0.01,0.71,23115174108.3
2020-12-18,4.46,4.44,4.49,4.42,199332,88788195.0,1.57,-0.67,-0.03,0.39,22960038711.600002
2020-12-21,4.42,4.48,4.5,4.4,206340,91984540.0,2.25,0.9,0.04,0.41,23166885907.2
2020-12-22,4.47,4.42,4.52,4.42,217369,97041240.0,2.23,-1.34,-0.06,0.43,22856615113.8
2020-12-23,4.44,4.42,4.46,4.4,178078,78764360.0,1.36,0.0,0.0,0.35,22856615113.8
2020-12-24,4.42,4.36,4.43,4.36,189440,83037708.0,1.58,-1.36,-0.06,0.37,22546344320.4
2020-12-25,4.36,4.35,4.42,4.34,285564,124922055.0,1.83,-0.23,-0.01,0.56,22494632521.5
2020-12-28,4.35,4.31,4.37,4.3,221695,95985965.0,1.61,-0.92,-0.04,0.44,22287785325.899998
2020-12-29,4.34,4.33,4.36,4.31,176020,76386813.0,1.16,0.46,0.02,0.35,22391208923.7
2020-12-30,4.34,4.33,4.38,4.32,487647,211462751.0,1.39,0.0,0.0,0.96,22391208923.7
2020-12-31,4.35,4.37,4.38,4.32,348864,151548009.0,1.39,0.92,0.04,0.69,22598056119.3
2021-01-04,4.36,4.44,4.6,4.33,649202,290081744.0,6.18,1.6,0.07,1.28,22960038711.600002
2021-01-05,4.42,4.41,4.43,4.37,299357,131661453.0,1.35,-0.68,-0.03,0.59,22804903314.9
2021-01-06,4.41,4.45,4.46,4.38,296472,131166957.0,1.81,0.91,0.04,0.59,23011750510.5
2021-01-07,4.45,4.39,4.45,4.35,308914,135687673.0,2.25,-1.35,-0.06,0.61,22701479717.1
2021-01-08,4.38,4.49,4.49,4.37,392701,174952905.0,2.73,2.28,0.1,0.78,23218597706.100002
2021-01-11,4.46,4.41,4.49,4.39,333161,147515166.0,2.23,-1.78,-0.08,0.66,22804903314.9
2021-01-12,4.4,4.43,4.43,4.38,215371,94756893.0,1.13,0.45,0.02,0.43,22908326912.699997
2021-01-13,4.42,4.42,4.45,4.34,294718,129654321.0,2.48,-0.23,-0.01,0.58,22856615113.8
2021-01-14,4.42,4.49,4.56,4.41,435474,195723922.0,3.39,1.58,0.07,0.86,23218597706.100002
2021-01-15,4.49,4.47,4.53,4.45,249875,112039905.0,1.78,-0.45,-0.02,0.49,23115174108.3
2021-01-18,4.48,4.49,4.52,4.45,246704,110656931.0,1.57,0.45,0.02,0.49,23218597706.100002
2021-01-19,4.48,4.51,4.51,4.45,265821,119054903.0,1.34,0.45,0.02,0.53,23322021303.899998
2021-01-20,4.49,4.49,4.51,4.47,157468,70696996.0,0.89,-0.44,-0.02,0.31,23218597706.100002
2021-01-21,4.49,4.46,4.51,4.45,208364,93461757.0,1.34,-0.67,-0.03,0.41,23063462309.4
2021-01-22,4.46,4.38,4.47,4.38,258526,114251682.0,2.02,-1.79,-0.08,0.51,22649767918.2
2021-01-25,4.38,4.34,4.4,4.32,215760,93984076.0,1.83,-0.91,-0.04,0.43,22442920722.6
2021-01-26,4.34,4.36,4.39,4.31,199380,86567241.0,1.84,0.46,0.02,0.39,22546344320.4
2021-01-27,4.34,4.39,4.42,4.34,179510,78799288.0,1.83,0.69,0.03,0.35,22701479717.1
2021-01-28,4.39,4.36,4.39,4.33,155359,67620091.0,1.37,-0.68,-0.03,0.31,22546344320.4
2021-01-29,4.36,4.27,4.4,4.24,273621,118520188.0,3.67,-2.06,-0.09,0.54,22080938130.3
2021-02-01,4.27,4.27,4.3,4.24,168375,71855962.0,1.41,0.0,0.0,0.33,22080938130.3
2021-02-02,4.27,4.27,4.32,4.25,194471,83175506.0,1.64,0.0,0.0,0.38,22080938130.3
2021-02-03,4.27,4.25,4.28,4.21,210135,89022011.0,1.64,-0.47,-0.02,0.42,21977514532.5
2021-02-04,4.24,4.16,4.25,4.14,247776,103852269.0,2.59,-2.12,-0.09,0.49,21512108342.4
2021-02-05,4.18,4.58,4.58,4.17,1403472,634932464.0,9.86,10.1,0.42,2.77,23684003896.2
2021-02-08,4.56,4.5,4.63,4.48,897829,408407808.0,3.28,-1.75,-0.08,1.77,23270309505.0
2021-02-09,4.45,4.5,4.55,4.4,442850,198782539.0,3.33,0.0,0.0,0.87,23270309505.0
2021-02-10,4.47,4.43,4.5,4.4,434664,192889845.0,2.22,-1.56,-0.07,0.86,22908326912.699997
2021-02-18,4.47,4.62,4.73,4.46,689624,316805312.0,6.09,4.29,0.19,1.36,23890851091.8
2021-02-19,4.62,4.67,4.72,4.6,383912,179139725.0,2.6,1.08,0.05,0.76,24149410086.3
2021-02-22,4.7,4.7,4.8,4.65,540258,255278905.0,3.21,0.64,0.03,1.07,24304545483.0
2021-02-23,4.69,4.64,4.76,4.63,372512,174585685.0,2.77,-1.28,-0.06,0.74,23994274689.6
2021-02-24,4.65,4.66,4.75,4.63,378594,177029392.0,2.59,0.43,0.02,0.75,24097698287.4
2021-02-25,4.69,4.74,4.82,4.66,481050,228066289.0,3.43,1.72,0.08,0.95,24511392678.600002
2021-02-26,4.66,4.67,4.71,4.6,374247,174165722.0,2.32,-1.48,-0.07,0.74,24149410086.3
2021-03-01,4.67,4.66,4.74,4.63,301928,141090332.0,2.36,-0.21,-0.01,0.6,24097698287.4
2021-03-02,4.68,4.6,4.72,4.58,344003,159598937.0,3.0,-1.29,-0.06,0.68,23787427494.0
2021-03-03,4.61,4.83,4.9,4.61,735124,351137984.0,6.3,5.0,0.23,1.45,24976798868.7
2021-03-04,4.78,4.74,4.83,4.73,363321,173234748.0,2.07,-1.86,-0.09,0.72,24511392678.600002
2021-03-05,4.73,4.76,4.88,4.73,405393,194490505.0,3.16,0.42,0.02,0.8,24614816276.399998
2021-03-08,4.8,4.73,4.83,4.69,358233,170082850.0,2.94,-0.63,-0.03,0.71,24459680879.7
2021-03-09,4.73,4.73,4.8,4.67,370772,175672243.0,2.75,0.0,0.0,0.73,24459680879.7
2021-03-10,4.74,4.6,4.8,4.59,456590,213892547.0,4.44,-2.75,-0.13,0.9,23787427494.0
2021-03-11,4.6,4.66,4.67,4.59,269741,125115536.0,1.74,1.3,0.06,0.53,24097698287.4
2021-03-12,4.67,4.68,4.69,4.59,299453,139226857.0,2.15,0.43,0.02,0.59,24201121885.199997
2021-03-15,4.67,4.83,4.85,4.67,614797,295082400.0,3.85,3.21,0.15,1.21,24976798868.7
2021-03-16,4.83,4.85,4.87,4.79,367618,177686080.0,1.66,0.41,0.02,0.73,25080222466.5
2021-03-17,4.83,4.86,4.87,4.81,290870,140660732.0,1.24,0.21,0.01,0.57,25131934265.4
2021-03-18,4.86,4.81,4.93,4.8,337547,164005266.0,2.67,-1.03,-0.05,0.67,24873375270.899998
2021-03-19,4.79,4.93,4.95,4.78,418431,204658558.0,3.53,2.49,0.12,0.83,25493916857.699997
2021-03-22,4.91,4.9,4.95,4.87,350216,171656835.0,1.62,-0.61,-0.03,0.69,25338781461.0
2021-03-23,4.92,4.87,4.94,4.85,295680,144674221.0,1.84,-0.61,-0.03,0.58,25183646064.3
2021-03-24,4.89,4.85,4.9,4.82,259993,126294809.0,1.64,-0.41,-0.02,0.51,25080222466.5
2021-03-25,4.84,4.8,4.94,4.78,308005,149395308.0,3.3,-1.03,-0.05,0.61,24821663472.0
2021-03-26,4.8,4.82,4.84,4.77,206469,99330962.0,1.46,0.42,0.02,0.41,24925087069.800003
2021-03-29,4.83,4.85,4.87,4.77,258360,124538676.0,2.07,0.62,0.03,0.51,25080222466.5
2021-03-30,4.84,4.74,4.85,4.71,403909,191901250.0,2.89,-2.27,-0.11,0.8,24511392678.600002
2021-03-31,4.75,4.86,4.95,4.73,461370,224770811.0,4.64,2.53,0.12,0.91,25131934265.4
2021-04-01,4.85,4.82,4.86,4.81,192655,93028734.0,1.03,-0.82,-0.04,0.38,24925087069.800003
2021-04-02,4.84,4.78,4.84,4.77,171916,82401198.0,1.45,-0.83,-0.04,0.34,24718239874.2
2021-04-06,4.78,4.76,4.8,4.74,151437,72207668.0,1.26,-0.42,-0.02,0.3,24614816276.399998
2021-04-07,4.78,4.77,4.8,4.74,181363,86300707.0,1.26,0.21,0.01,0.36,24666528075.3
2021-04-08,4.77,4.72,4.79,4.71,259614,122895789.0,1.68,-1.05,-0.05,0.51,24407969080.8
2021-04-09,4.71,4.73,4.78,4.71,179048,84753002.0,1.48,0.21,0.01,0.35,24459680879.7
2021-04-12,4.73,4.77,4.78,4.7,212660,100946493.0,1.69,0.85,0.04,0.42,24666528075.3
2021-04-13,4.77,4.7,4.82,4.68,280697,132865140.0,2.94,-1.47,-0.07,0.55,24304545483.0
2021-04-14,4.67,4.68,4.71,4.66,171398,80234670.0,1.06,-0.43,-0.02,0.34,24201121885.199997
2021-04-15,4.7,4.71,4.74,4.67,156149,73528949.0,1.5,0.64,0.03,0.31,24356257281.9
2021-04-16,4.72,4.9,4.91,4.7,421983,203319343.0,4.46,4.03,0.19,0.83,25338781461.0
2021-04-19,4.87,4.8,4.89,4.78,443497,214055379.0,2.24,-2.04,-0.1,0.88,24821663472.0
2021-04-20,4.81,4.73,4.81,4.73,264412,125878936.0,1.67,-1.46,-0.07,0.52,24459680879.7
2021-04-21,4.72,4.73,4.77,4.66,303842,142873572.0,2.33,0.0,0.0,0.6,24459680879.7
2021-04-22,4.75,4.79,4.93,4.74,494330,238946077.0,4.02,1.27,0.06,0.98,24769951673.1
2021-04-23,4.83,4.82,4.84,4.76,206059,98950553.0,1.67,0.63,0.03,0.41,24925087069.800003
2021-04-26,4.82,4.81,4.85,4.79,266978,128649400.0,1.24,-0.21,-0.01,0.53,24873375270.899998
2021-04-27,4.77,4.55,4.77,4.51,711296,326526560.0,5.41,-5.41,-0.26,1.41,23528868499.5
2021-04-28,4.55,4.62,4.64,4.51,303996,139601611.0,2.86,1.54,0.07,0.6,23890851091.8
2021-04-29,4.6,4.63,4.64,4.55,207670,95777095.0,1.95,0.22,0.01,0.41,23942562890.7
2021-04-30,4.64,4.62,4.67,4.59,226351,104592708.0,1.73,-0.22,-0.01,0.45,23890851091.8
2021-05-06,4.6,4.6,4.67,4.6,194590,89962276.0,1.52,-0.43,-0.02,0.38,23787427494.0
2021-05-07,4.61,4.61,4.66,4.57,221628,102326566.0,1.96,0.22,0.01,0.44,23839139292.9
2021-05-10,4.62,4.69,4.72,4.61,319091,149035525.0,2.39,1.74,0.08,0.63,24252833684.100002
2021-05-11,4.68,4.76,4.77,4.64,303914,143464927.0,2.77,1.49,0.07,0.6,24614816276.399998
2021-05-12,4.77,4.78,4.8,4.75,233670,111636186.0,1.05,0.42,0.02,0.46,24718239874.2
2021-05-13,4.75,4.77,4.81,4.74,256543,122493879.0,1.46,-0.21,-0.01,0.51,24666528075.3
2021-05-14,4.77,4.81,4.83,4.76,258059,123880077.0,1.47,0.84,0.04,0.51,24873375270.899998
2021-05-17,4.9,5.09,5.23,4.86,1193991,604837440.0,7.69,5.82,0.28,2.36,26321305640.1
2021-05-18,5.11,5.12,5.17,5.05,502800,257465509.0,2.36,0.59,0.03,0.99,26476441036.8
2021-05-19,5.16,5.19,5.28,5.11,587340,304344544.0,3.32,1.37,0.07,1.16,26838423629.100002
2021-05-20,5.19,5.14,5.22,5.09,525768,271683520.0,2.5,-0.96,-0.05,1.04,26579864634.6
2021-05-21,5.17,5.19,5.23,5.1,474856,245925228.0,2.53,0.97,0.05,0.94,26838423629.100002
2021-05-24,5.2,5.14,5.24,5.09,478142,247008836.0,2.89,-0.96,-0.05,0.94,26579864634.6
2021-05-25,5.21,5.19,5.23,5.14,640709,333047232.0,1.75,0.97,0.05,1.27,26838423629.100002
2021-05-26,5.25,5.51,5.71,5.22,2220321,1237677216.0,9.44,6.17,0.32,4.39,28493201193.899998
2021-05-27,5.64,6.06,6.06,5.48,2108045,1219015744.0,10.53,9.98,0.55,4.16,31337350133.399998
2021-05-28,6.41,6.67,6.67,6.36,2367605,1568664032.0,5.12,10.07,0.61,4.68,34491769866.3
2021-05-31,7.0,7.21,7.34,6.61,5398166,3840517856.0,10.94,8.1,0.54,10.66,37284207006.9
2021-06-01,7.09,7.35,7.9,7.02,3782066,2814531168.0,12.21,1.94,0.14,7.47,38008172191.5
2021-06-02,7.49,8.09,8.09,7.29,3923310,3069742384.0,10.88,10.07,0.74,7.75,41834845310.1
2021-06-03,8.3,7.95,8.36,7.53,4187195,3333991072.0,10.26,-1.73,-0.14,8.27,41110880125.5
2021-06-04,7.8,7.84,8.05,7.56,2526686,1971071728.0,6.16,-1.38,-0.11,4.99,40542050337.6
2021-06-07,7.78,7.49,7.88,7.14,3558766,2651813200.0,9.44,-4.46,-0.35,7.03,38732137376.1
2021-06-08,7.57,7.25,7.62,7.19,2210563,1628300768.0,5.74,-3.2,-0.24,4.37,37491054202.5
2021-06-09,7.2,6.73,7.32,6.67,3217837,2237910528.0,8.97,-7.17,-0.52,6.36,34802040659.700005
2021-06-10,6.8,7.4,7.4,6.74,2711552,1939164512.0,9.81,9.96,0.67,5.36,38266731186.0
2021-06-11,7.81,8.14,8.14,7.8,1075140,857981056.0,4.59,10.0,0.74,2.12,42093404304.600006
2021-06-15,8.94,8.66,8.95,8.24,4062322,3507590256.0,8.72,6.39,0.52,8.02,44782417847.4
2021-06-16,8.88,8.33,9.05,8.08,3151317,2656503680.0,11.2,-3.81,-0.33,6.23,43075928483.7
2021-06-17,8.4,8.18,8.71,8.09,2467025,2055050272.0,7.44,-1.8,-0.15,4.87,42300251500.2
2021-06-18,8.71,9.0,9.0,8.71,621730,554201136.0,3.55,10.02,0.82,1.23,46540619010.0
2021-06-21,9.9,9.9,9.9,9.26,2838138,2775469056.0,7.11,10.0,0.9,5.61,51194680911.0
2021-06-22,10.09,10.4,10.72,10.08,2880748,2991250624.0,6.46,5.05,0.5,5.69,53780270856.0
2021-06-23,10.75,10.59,11.22,10.11,3463567,3709851888.0,10.67,1.83,0.19,6.84,54762795035.1
2021-06-24,11.0,11.65,11.65,10.57,2132972,2365452224.0,10.2,10.01,1.06,4.21,60244245718.5
2021-06-25,10.49,10.49,10.49,10.49,174743,183305407.0,0.0,-9.96,-1.16,0.35,54245677046.1
2021-06-28,9.44,9.44,9.44,9.44,759291,716770704.0,0.0,-10.01,-1.05,1.5,48815938161.6
2021-06-29,8.97,8.5,9.3,8.5,4001201,3468409536.0,8.47,-9.96,-0.94,7.9,43955029065.0
2021-06-30,7.88,7.87,8.06,7.65,6057562,4718637568.0,4.82,-7.41,-0.63,11.97,40697185734.3
2021-07-01,7.75,7.42,7.98,7.42,3164807,2432312368.0,7.12,-5.72,-0.45,6.25,38370154783.8
2021-07-02,7.5,7.27,7.58,7.08,3506131,2559509152.0,6.74,-2.02,-0.15,6.93,37594477800.299995
2021-07-05,7.28,7.29,7.36,7.17,1975988,1433049552.0,2.61,0.28,0.02,3.9,37697901398.1
2021-07-06,7.29,7.15,7.3,7.0,2588868,1848311936.0,4.12,-1.92,-0.14,5.11,36973936213.5
2021-07-07,7.14,7.14,7.19,6.99,2164582,1536456864.0,2.8,-0.14,-0.01,4.28,36922224414.6
2021-07-08,7.14,6.89,7.29,6.88,2446802,1727417392.0,5.74,-3.5,-0.25,4.83,35629429442.1
2021-07-09,6.9,7.11,7.3,6.88,2829996,2016250528.0,6.1,3.19,0.22,5.59,36767089017.9
2021-07-12,7.08,7.08,7.22,7.0,1865250,1324991792.0,3.09,-0.42,-0.03,3.68,36611953621.2
2021-07-13,7.09,6.82,7.1,6.81,2314458,1598508912.0,4.1,-3.67,-0.26,4.57,35267446849.8
2021-07-14,6.89,6.83,7.07,6.82,2150963,1489783440.0,3.67,0.15,0.01,4.25,35319158648.7
2021-07-15,6.76,6.91,6.95,6.68,1430342,977745776.0,3.95,1.17,0.08,2.83,35732853039.9
2021-07-16,6.89,6.71,6.97,6.71,1733115,1182055792.0,3.76,-2.89,-0.2,3.42,34698617061.9
2021-07-19,6.69,6.53,6.77,6.49,1940592,1284141104.0,4.17,-2.68,-0.18,3.83,33767804681.7
2021-07-20,6.54,6.63,6.66,6.44,1587786,1040042112.0,3.37,1.53,0.1,3.14,34284922670.7
2021-07-21,6.58,6.55,6.63,6.47,1504566,984036192.0,2.41,-1.21,-0.08,2.97,33871228279.5
2021-07-22,6.54,6.4,6.6,6.38,1438995,930307888.0,3.36,-2.29,-0.15,2.84,33095551296.0
2021-07-23,6.41,6.19,6.51,6.18,1806017,1141149184.0,5.16,-3.28,-0.21,3.57,32009603519.100002
2021-07-26,6.26,6.12,6.36,6.0,1557157,960061920.0,5.82,-1.13,-0.07,3.08,31647620926.8
2021-07-27,6.15,5.93,6.18,5.89,1351946,818041472.0,4.74,-3.1,-0.19,2.67,30665096747.699997
2021-07-28,5.91,5.76,5.96,5.69,1427628,827969920.0,4.55,-2.87,-0.17,2.82,29785996166.399998
2021-07-29,5.8,5.81,5.89,5.76,1267490,737832704.0,2.26,0.87,0.05,2.5,30044555160.899998
2021-07-30,5.79,5.85,6.02,5.72,1791101,1048495456.0,5.16,0.69,0.04,3.54,30251402356.5
2021-08-02,5.84,5.98,6.05,5.69,1879037,1108166016.0,6.15,2.22,0.13,3.71,30923655742.2
2021-08-03,5.99,5.93,6.13,5.88,1652012,987765808.0,4.18,-0.84,-0.05,3.26,30665096747.699997
2021-08-04,5.92,5.95,5.98,5.87,951279,563530928.0,1.85,0.34,0.02,1.88,30768520345.5
2021-08-05,5.93,5.78,6.05,5.76,1403789,828014544.0,4.87,-2.86,-0.17,2.77,29889419764.2
2021-08-06,5.74,5.86,5.89,5.73,951244,552293296.0,2.77,1.38,0.08,1.88,30303114155.4
2021-08-09,5.8,6.0,6.25,5.8,1977295,1193311264.0,7.68,2.39,0.14,3.91,31027079340.0
2021-08-10,6.01,6.04,6.1,5.94,1220265,734454976.0,2.67,0.67,0.04,2.41,31233926535.6
2021-08-11,6.02,5.97,6.1,5.95,1093701,657856016.0,2.48,-1.16,-0.07,2.16,30871943943.3
2021-08-12,5.98,5.96,6.02,5.91,833753,497764736.0,1.84,-0.17,-0.01,1.65,30820232144.4
2021-08-13,6.01,5.89,6.18,5.88,1697830,1019986704.0,5.03,-1.17,-0.07,3.35,30458249552.1
2021-08-16,5.85,6.48,6.48,5.85,2637856,1655498208.0,10.7,10.02,0.59,5.21,33509245687.2
2021-08-17,6.54,6.2,6.61,6.16,3786681,2438283920.0,6.94,-4.32,-0.28,7.48,32061315318.0
2021-08-18,6.33,6.53,6.73,6.16,3138314,2032364016.0,9.19,5.32,0.33,6.2,33767804681.7
2021-08-19,6.54,6.3,6.55,6.21,1888641,1195102416.0,5.21,-3.52,-0.23,3.73,32578433307.0
2021-08-20,6.26,6.73,6.89,6.21,3013530,1979645904.0,10.79,6.83,0.43,5.95,34802040659.700005
2021-08-23,6.74,6.79,7.04,6.62,2747295,1867272224.0,6.24,0.89,0.06,5.43,35112311453.1
2021-08-24,6.68,6.65,6.72,6.46,1963981,1292691024.0,3.83,-2.06,-0.14,3.88,34388346268.5
2021-08-25,6.62,6.64,6.73,6.53,1190989,787914320.0,3.01,-0.15,-0.01,2.35,34336634469.6
2021-08-26,6.59,6.34,6.59,6.32,1541873,991242000.0,4.07,-4.52,-0.3,3.05,32785280502.6
2021-08-27,6.3,6.27,6.45,6.23,1308973,825743312.0,3.47,-1.1,-0.07,2.59,32423297910.3
2021-08-30,6.24,6.11,6.32,6.07,1503318,928579840.0,3.99,-2.55,-0.16,2.97,31595909127.9
2021-08-31,6.07,6.08,6.14,5.92,1213311,733315632.0,3.6,-0.49,-0.03,2.4,31440773731.2
2021-09-01,6.08,6.09,6.19,6.02,1114635,680406576.0,2.8,0.16,0.01,2.2,31492485530.1
2021-09-02,6.02,6.04,6.13,5.94,1154314,698138064.0,3.12,-0.82,-0.05,2.28,31233926535.6
2021-09-03,6.05,6.09,6.18,6.02,1245612,758763728.0,2.65,0.83,0.05,2.46,31492485530.1
2021-09-06,6.1,6.16,6.17,6.02,1055986,643763088.0,2.46,1.15,0.07,2.09,31854468122.4
2021-09-07,6.19,6.29,6.3,6.1,1370196,849546224.0,3.25,2.11,0.13,2.71,32526721508.1
2021-09-08,6.34,6.54,6.58,6.24,2045818,1307246656.0,5.41,3.97,0.25,4.04,33819516480.6
2021-09-09,6.44,6.94,7.07,6.43,3274264,2214686624.0,9.79,6.12,0.4,6.47,35887988436.6
2021-09-10,6.9,7.12,7.37,6.81,3239125,2309928368.0,8.07,2.59,0.18,6.4,36818800816.8
2021-09-13,7.06,7.05,7.28,6.97,2040333,1447547200.0,4.35,-0.98,-0.07,4.03,36456818224.5
2021-09-14,7.05,6.88,7.09,6.82,1838523,1275697280.0,3.83,-2.41,-0.17,3.63,35577717643.2
2021-09-15,6.88,6.85,7.03,6.83,1217069,840816512.0,2.91,-0.44,-0.03,2.4,35422582246.5
2021-09-16,6.85,6.81,7.11,6.8,1579191,1093527744.0,4.53,-0.58,-0.04,3.12,35215735050.9
2021-09-17,6.8,6.69,6.89,6.56,1276759,859974544.0,4.85,-1.76,-0.12,2.52,34595193464.1
2021-09-22,6.5,6.61,6.68,6.45,906279,595771248.0,3.44,-1.2,-0.08,1.79,34181499072.9
2021-09-23,6.72,6.77,6.89,6.68,1137864,770908864.0,3.18,2.42,0.16,2.25,35008887855.299995
2021-09-24,6.75,6.51,6.85,6.5,1125673,747302112.0,5.17,-3.84,-0.26,2.22,33664381083.899998
2021-09-27,6.57,6.19,6.61,6.11,1442333,908309824.0,7.68,-4.92,-0.32,2.85,32009603519.100002
2021-09-28,6.17,6.67,6.8,6.17,1714667,1127752544.0,10.18,7.75,0.48,3.39,34491769866.3
2021-09-29,6.6,6.57,6.72,6.47,1115237,736004688.0,3.75,-1.5,-0.1,2.2,33974651877.300003
2021-09-30,6.76,6.48,6.84,6.41,1060176,694983376.0,6.54,-1.37,-0.09,2.09,33509245687.2
2021-10-08,6.54,6.78,6.84,6.51,1191374,802260832.0,5.09,4.63,0.3,2.35,35060599654.200005
2021-10-11,6.81,6.89,7.04,6.69,1272767,873751840.0,5.16,1.62,0.11,2.51,35629429442.1
2021-10-12,6.86,6.69,6.88,6.6,922220,619019408.0,4.06,-2.9,-0.2,1.82,34595193464.1
2021-10-13,6.67,6.63,6.74,6.5,633236,418862544.0,3.59,-0.9,-0.06,1.25,34284922670.7
2021-10-14,6.65,6.47,6.69,6.47,590433,387266336.0,3.32,-2.41,-0.16,1.17,33457533888.3
2021-10-15,6.53,6.3,6.62,6.29,901467,580068976.0,5.1,-2.63,-0.17,1.78,32578433307.0
2021-10-18,6.29,6.38,6.43,6.25,594109,377231824.0,2.86,1.27,0.08,1.17,32992127698.2
2021-10-19,6.36,6.31,6.42,6.26,649967,410558528.0,2.51,-1.1,-0.07,1.28,32630145105.899998
2021-10-20,6.28,6.32,6.41,6.2,594578,375114672.0,3.33,0.16,0.01,1.17,32681856904.800003
2021-10-21,6.34,6.4,6.52,6.32,777922,500524624.0,3.16,1.27,0.08,1.54,33095551296.0
2021-10-22,6.37,6.23,6.42,6.21,720918,453022352.0,3.28,-2.66,-0.17,1.42,32216450714.7
2021-10-25,6.25,6.52,6.59,6.17,922342,593908704.0,6.74,4.65,0.29,1.82,33716092882.8
2021-10-26,6.45,6.4,6.5,6.34,640068,409478064.0,2.45,-1.84,-0.12,1.26,33095551296.0
2021-10-27,6.34,6.19,6.37,6.17,596155,372100992.0,3.13,-3.28,-0.21,1.18,32009603519.100002
2021-10-28,6.2,6.1,6.22,5.99,579474,352706352.0,3.72,-1.45,-0.09,1.14,31544197329.0
2021-10-29,6.1,6.27,6.32,6.07,452597,280714048.0,4.1,2.79,0.17,0.89,32423297910.3
2021-11-01,6.25,6.27,6.31,6.17,376940,235593621.0,2.23,0.0,0.0,0.74,32423297910.3
2021-11-02,6.22,6.12,6.35,6.09,574747,356541680.0,4.15,-2.39,-0.15,1.14,31647620926.8
2021-11-03,6.11,6.16,6.25,6.1,354755,218891831.0,2.45,0.65,0.04,0.7,31854468122.4
2021-11-04,6.19,6.16,6.22,6.11,425365,261743330.0,1.79,0.0,0.0,0.84,31854468122.4
2021-11-05,6.16,6.04,6.16,6.0,520463,316177136.0,2.6,-1.95,-0.12,1.03,31233926535.6
2021-11-08,6.03,6.04,6.1,6.0,343747,207978554.0,1.66,0.0,0.0,0.68,31233926535.6
2021-11-09,6.05,6.03,6.1,6.01,324519,195963235.0,1.49,-0.17,-0.01,0.64,31182214736.7
2021-11-10,6.02,6.09,6.11,5.88,711250,425798224.0,3.81,1.0,0.06,1.41,31492485530.1
2021-11-11,6.06,5.99,6.07,5.99,556810,335073952.0,1.31,-1.64,-0.1,1.1,30975367541.100002
2021-11-12,5.98,5.99,6.02,5.94,416136,248736473.0,1.34,0.0,0.0,0.82,30975367541.100002
2021-11-15,5.97,6.18,6.24,5.96,912303,559563248.0,4.67,3.17,0.19,1.8,31957891720.199997
2021-11-16,6.2,6.38,6.68,6.18,1876944,1218238832.0,8.09,3.24,0.2,3.71,32992127698.2
2021-11-17,6.38,6.4,6.52,6.33,719442,461190144.0,2.98,0.31,0.02,1.42,33095551296.0
2021-11-18,6.4,6.43,6.63,6.34,1015516,659109648.0,4.53,0.47,0.03,2.01,33250686692.699997
2021-11-19,6.43,6.51,6.58,6.37,834411,541220256.0,3.27,1.24,0.08,1.65,33664381083.899998
2021-11-22,6.6,6.6,6.63,6.46,944540,619515792.0,2.61,1.38,0.09,1.87,34129787274.0
2021-11-23,6.56,6.63,6.73,6.53,945772,628073552.0,3.03,0.45,0.03,1.87,34284922670.7
2021-11-24,6.63,7.07,7.26,6.58,2692139,1876748832.0,10.26,6.64,0.44,5.32,36560241822.3
2021-11-25,7.24,6.95,7.31,6.9,1981451,1396927200.0,5.8,-1.7,-0.12,3.91,35939700235.5
2021-11-26,6.91,6.71,6.97,6.7,1243227,845329312.0,3.88,-3.45,-0.24,2.46,34698617061.9
2021-11-29,6.6,6.17,6.64,6.04,2759483,1729808944.0,8.94,-8.05,-0.54,5.45,31906179921.3
2021-11-30,6.11,6.06,6.19,6.04,1630981,993115280.0,2.43,-1.78,-0.11,3.22,31337350133.399998
2021-12-01,6.06,6.11,6.13,6.03,1032334,626701952.0,1.65,0.83,0.05,2.04,31595909127.9
2021-12-02,6.1,6.05,6.1,6.02,915243,553683392.0,1.31,-0.98,-0.06,1.81,31285638334.5
2021-12-03,6.05,6.09,6.16,6.04,801654,487152048.0,1.98,0.66,0.04,1.58,31492485530.1
2021-12-06,6.1,6.07,6.13,6.06,742703,452340016.0,1.15,-0.33,-0.02,1.47,31389061932.300003
2021-12-07,6.1,6.02,6.1,5.92,852059,511127360.0,2.97,-0.82,-0.05,1.68,31130502937.8
2021-12-08,6.02,6.04,6.06,5.98,506685,305194752.0,1.33,0.33,0.02,1.0,31233926535.6
2021-12-09,6.03,6.09,6.11,6.02,611199,370986736.0,1.49,0.83,0.05,1.21,31492485530.1
2021-12-10,6.08,6.03,6.08,5.99,774648,467238544.0,1.48,-0.99,-0.06,1.53,31182214736.7
2021-12-13,6.03,6.03,6.08,6.0,542808,328083424.0,1.33,0.0,0.0,1.07,31182214736.7
2021-12-14,6.04,5.99,6.04,5.98,496804,298401408.0,1.0,-0.66,-0.04,0.98,30975367541.100002
2021-12-15,6.01,6.05,6.12,5.97,650038,393227632.0,2.5,1.0,0.06,1.28,31285638334.5
2021-12-16,6.08,6.05,6.08,6.01,573329,346629072.0,1.16,0.0,0.0,1.13,31285638334.5
2021-12-17,6.06,6.04,6.08,6.02,484817,293080592.0,0.99,-0.17,-0.01,0.96,31233926535.6
2021-12-20,6.02,5.97,6.04,5.96,530887,318181632.0,1.32,-1.16,-0.07,1.05,30871943943.3
2021-12-21,5.96,6.06,6.07,5.95,490080,295229920.0,2.01,1.51,0.09,0.97,31337350133.399998
2021-12-22,6.08,6.05,6.11,6.04,452974,274760400.0,1.16,-0.17,-0.01,0.89,31285638334.5
2021-12-23,6.06,6.03,6.06,6.01,361823,218032491.0,0.83,-0.33,-0.02,0.71,31182214736.7
2021-12-24,6.01,6.01,6.03,5.95,466145,278741424.0,1.33,-0.33,-0.02,0.92,31078791138.899998
2021-12-27,5.95,5.96,5.97,5.9,390248,231872084.0,1.16,-0.83,-0.05,0.77,30820232144.4
2021-12-28,5.95,5.92,5.96,5.9,393458,232800791.0,1.01,-0.67,-0.04,0.78,30613384948.8
2021-12-29,5.91,5.87,5.92,5.86,476224,280147312.0,1.01,-0.84,-0.05,0.94,30354825954.3
2021-12-30,5.86,5.9,5.98,5.85,488755,289159616.0,2.21,0.51,0.03,0.97,30509961351.0
2021-12-31,5.88,5.92,5.94,5.87,379771,224218420.0,1.19,0.34,0.02,0.75,30613384948.8
2022-01-04,5.94,6.06,6.08,5.9,712917,429424848.0,3.04,2.36,0.14,1.41,31337350133.399998
2022-01-05,6.08,6.02,6.09,6.0,555856,335420512.0,1.49,-0.66,-0.04,1.1,31130502937.8
2022-01-06,6.0,5.98,6.02,5.94,503494,301048464.0,1.33,-0.66,-0.04,0.99,30923655742.2
2022-01-07,5.99,5.98,6.06,5.96,539515,324684816.0,1.67,0.0,0.0,1.07,30923655742.2
2022-01-10,5.96,5.99,6.0,5.93,382654,228569348.0,1.17,0.17,0.01,0.76,30975367541.100002
2022-01-11,5.99,6.08,6.16,5.98,1026847,626562544.0,3.01,1.5,0.09,2.03,31440773731.2
2022-01-12,6.08,6.06,6.1,6.02,444932,269024896.0,1.32,-0.33,-0.02,0.88,31337350133.399998
2022-01-13,6.08,6.05,6.12,6.04,506641,307795520.0,1.32,-0.17,-0.01,1.0,31285638334.5
2022-01-14,6.04,5.96,6.06,5.93,580520,347587088.0,2.15,-1.49,-0.09,1.15,30820232144.4
2022-01-17,5.95,5.95,5.98,5.92,362422,215371816.0,1.01,-0.17,-0.01,0.72,30768520345.5
2022-01-18,5.95,5.99,6.04,5.92,444519,265344449.0,2.02,0.67,0.04,0.88,30975367541.100002
2022-01-19,5.96,5.96,5.99,5.93,351235,209160611.0,1.0,-0.5,-0.03,0.69,30820232144.4
2022-01-20,5.95,5.91,5.98,5.89,491284,291076560.0,1.51,-0.84,-0.05,0.97,30561673149.9
2022-01-21,5.9,5.67,5.91,5.65,874034,502360704.0,4.4,-4.06,-0.24,1.73,29320589976.3
2022-01-24,5.61,5.52,5.63,5.48,487145,270084800.0,2.65,-2.65,-0.15,0.96,28544912992.8
2022-01-25,5.5,5.33,5.53,5.31,520767,282427840.0,3.99,-3.44,-0.19,1.03,27562388813.7
2022-01-26,5.36,5.35,5.42,5.33,375680,201607515.0,1.69,0.38,0.02,0.74,27665812411.5
2022-01-27,5.35,5.22,5.38,5.21,420483,221516906.0,3.18,-2.43,-0.13,0.83,26993559025.8
2022-01-28,5.28,5.27,5.34,5.21,354397,187128386.0,2.49,0.96,0.05,0.7,27252118020.3
2022-02-07,5.34,5.52,5.54,5.34,536776,293657600.0,3.8,4.74,0.25,1.06,28544912992.8
2022-02-08,5.52,5.64,5.64,5.49,413389,230816708.0,2.72,2.17,0.12,0.82,29165454579.6
2022-02-09,5.64,5.68,5.71,5.61,350217,198518018.0,1.77,0.71,0.04,0.69,29372301775.199997
2022-02-10,5.68,5.69,5.72,5.64,300480,170813544.0,1.41,0.18,0.01,0.59,29424013574.100002
2022-02-11,5.72,5.65,5.77,5.64,321311,183168253.0,2.28,-0.7,-0.04,0.63,29217166378.5
2022-02-14,5.62,5.58,5.66,5.55,315770,176909882.0,1.95,-1.24,-0.07,0.62,28855183786.2
2022-02-15,5.6,5.58,5.63,5.54,214150,119380252.0,1.61,0.0,0.0,0.42,28855183786.2
2022-02-16,5.61,5.68,5.7,5.59,279406,158544597.0,1.97,1.79,0.1,0.55,29372301775.199997
2022-02-17,5.7,5.71,5.98,5.62,818014,470836752.0,6.34,0.53,0.03,1.62,29527437171.9
2022-02-18,5.66,5.73,5.76,5.57,646860,367393424.0,3.33,0.35,0.02,1.28,29630860769.7
2022-02-21,5.71,5.79,5.81,5.7,407348,234281895.0,1.92,1.05,0.06,0.8,29941131563.1
2022-02-22,5.78,5.74,5.84,5.7,422710,243645117.0,2.42,-0.86,-0.05,0.84,29682572568.600002
2022-02-23,5.72,5.72,5.75,5.7,335955,192188822.0,0.87,-0.35,-0.02,0.66,29579148970.8
2022-02-24,5.82,5.6,5.87,5.54,693589,395430368.0,5.77,-2.1,-0.12,1.37,28958607384.0
2022-02-25,5.65,5.67,5.83,5.65,504693,288891136.0,3.21,1.25,0.07,1.0,29320589976.3
2022-02-28,5.72,5.67,5.73,5.61,339038,191820630.0,2.12,0.0,0.0,0.67,29320589976.3
2022-03-01,5.69,5.71,5.76,5.66,395377,226093667.0,1.76,0.71,0.04,0.78,29527437171.9
2022-03-02,5.71,5.72,5.74,5.67,294911,168589201.0,1.23,0.18,0.01,0.58,29579148970.8
2022-03-03,5.72,5.85,5.89,5.71,730204,425074624.0,3.15,2.27,0.13,1.44,30251402356.5
2022-03-04,5.8,5.73,5.82,5.7,581690,333973392.0,2.05,-2.05,-0.12,1.15,29630860769.7
2022-03-07,5.73,5.61,5.75,5.6,477076,269734672.0,2.62,-2.09,-0.12,0.94,29010319182.9
2022-03-08,5.62,5.38,5.63,5.34,620039,338137168.0,5.17,-4.1,-0.23,1.22,27820947808.2
2022-03-09,5.39,5.23,5.44,5.01,692002,363637248.0,7.99,-2.79,-0.15,1.37,27045270824.7
2022-03-10,5.33,5.28,5.37,5.26,420639,223634514.0,2.1,0.96,0.05,0.83,27303829819.2
2022-03-11,5.23,5.38,5.4,5.14,443467,233288717.0,4.92,1.89,0.1,0.88,27820947808.2
2022-03-14,5.32,5.25,5.41,5.25,363269,193409190.0,2.97,-2.42,-0.13,0.72,27148694422.5
2022-03-15,5.21,4.92,5.22,4.9,745251,378012080.0,6.1,-6.29,-0.33,1.47,25442205058.8
2022-03-16,5.01,5.16,5.18,4.8,684450,343767056.0,7.72,4.88,0.24,1.35,26683288232.4
2022-03-17,5.22,5.17,5.3,5.16,528318,276239264.0,2.71,0.19,0.01,1.04,26735000031.3
2022-03-18,5.15,5.25,5.26,5.14,332152,173371584.0,2.32,1.55,0.08,0.66,27148694422.5
2022-03-21,5.43,5.49,5.64,5.3,1071209,585194144.0,6.48,4.57,0.24,2.12,28389777596.100002
2022-03-22,5.4,5.39,5.44,5.33,571267,307801136.0,2.0,-1.82,-0.1,1.13,27872659607.1
2022-03-23,5.38,5.34,5.41,5.3,339245,181481468.0,2.04,-0.93,-0.05,0.67,27614100612.6
2022-03-24,5.3,5.29,5.36,5.28,293521,155783946.0,1.5,-0.94,-0.05,0.58,27355541618.1
2022-03-25,5.3,5.3,5.37,5.27,310850,165318485.0,1.89,0.19,0.01,0.61,27407253417.0
2022-03-28,5.27,5.33,5.34,5.2,342595,181040318.0,2.64,0.57,0.03,0.68,27562388813.7
2022-03-29,5.35,5.29,5.42,5.26,280415,149279400.0,3.0,-0.75,-0.04,0.55,27355541618.1
2022-03-30,5.25,5.33,5.34,5.25,278134,147520419.0,1.7,0.76,0.04,0.55,27562388813.7
2022-03-31,5.31,5.34,5.42,5.3,326076,175201685.0,2.25,0.19,0.01,0.64,27614100612.6
2022-04-01,5.35,5.39,5.4,5.29,344440,184489642.0,2.06,0.94,0.05,0.68,27872659607.1
2022-04-06,5.38,5.43,5.46,5.35,472163,255276884.0,2.04,0.74,0.04,0.93,28079506802.699997
2022-04-07,5.4,5.28,5.43,5.28,402841,215416563.0,2.76,-2.76,-0.15,0.8,27303829819.2
2022-04-08,5.28,5.33,5.34,5.2,370739,195703345.0,2.65,0.95,0.05,0.73,27562388813.7
2022-04-11,5.58,5.36,5.71,5.33,1122842,614519872.0,7.13,0.56,0.03,2.22,27717524210.4
2022-04-12,5.29,5.4,5.41,5.15,818055,431350864.0,4.85,0.75,0.04,1.62,27924371406.0
2022-04-13,5.39,5.59,5.75,5.36,1632516,915935600.0,7.22,3.52,0.19,3.22,28906895585.1
2022-04-14,5.54,5.54,5.56,5.45,898824,495331488.0,1.97,-0.89,-0.05,1.78,28648336590.6
2022-04-15,5.47,5.34,5.52,5.32,683436,370521424.0,3.61,-3.61,-0.2,1.35,27614100612.6
2022-04-18,5.29,5.24,5.3,5.2,510053,267554800.0,1.87,-1.87,-0.1,1.01,27096982623.600002
2022-04-19,5.25,5.22,5.28,5.16,453277,236612996.0,2.29,-0.38,-0.02,0.9,26993559025.8
2022-04-20,5.22,5.18,5.26,5.16,388523,202305549.0,1.92,-0.77,-0.04,0.77,26786711830.199997
2022-04-21,5.15,4.96,5.17,4.96,653694,329581696.0,4.05,-4.25,-0.22,1.29,25649052254.4
2022-04-22,4.96,5.05,5.1,4.9,442053,221345446.0,4.03,1.81,0.09,0.87,26114458444.5
2022-04-25,4.99,4.73,5.01,4.73,562704,274920288.0,5.54,-6.34,-0.32,1.11,24459680879.7
2022-04-26,4.75,4.71,4.9,4.7,562133,269081216.0,4.23,-0.42,-0.02,1.11,24356257281.9
2022-04-27,4.68,4.8,4.83,4.61,454792,214382834.0,4.67,1.91,0.09,0.9,24821663472.0
2022-04-28,4.84,4.8,4.92,4.73,417678,201750159.0,3.96,0.0,0.0,0.83,24821663472.0
2022-04-29,4.83,4.95,5.01,4.8,526871,258663216.0,4.38,3.13,0.15,1.04,25597340455.5
2022-05-05,4.95,4.96,5.01,4.93,356769,177300339.0,1.62,0.2,0.01,0.7,25649052254.4
2022-05-06,4.89,4.85,4.91,4.82,346687,168550589.0,1.81,-2.22,-0.11,0.68,25080222466.5
2022-05-09,4.84,4.89,4.91,4.82,241792,117890832.0,1.86,0.82,0.04,0.48,25287069662.1
2022-05-10,4.86,4.95,4.96,4.81,370584,181011962.0,3.07,1.23,0.06,0.73,25597340455.5
2022-05-11,4.96,5.0,5.1,4.93,537642,271120528.0,3.43,1.01,0.05,1.06,25855899450.0
2022-05-12,4.96,5.03,5.07,4.95,310175,155500052.0,2.4,0.6,0.03,0.61,26011034846.7
2022-05-13,5.06,5.08,5.09,5.0,302441,152635904.0,1.79,0.99,0.05,0.6,26269593841.2
2022-05-16,5.08,5.03,5.1,5.01,313122,158008271.0,1.77,-0.98,-0.05,0.62,26011034846.7
2022-05-17,5.02,5.02,5.05,4.96,240340,120296068.0,1.79,-0.2,-0.01,0.47,25959323047.8
2022-05-18,5.04,5.0,5.05,5.0,224410,112684660.0,1.0,-0.4,-0.02,0.44,25855899450.0
2022-05-19,4.96,4.98,4.98,4.92,295109,146214904.0,1.2,-0.4,-0.02,0.58,25752475852.2
2022-05-20,4.97,5.05,5.08,4.97,380557,191652220.0,2.21,1.41,0.07,0.75,26114458444.5
2022-05-23,5.06,5.07,5.1,5.04,280701,142146803.0,1.19,0.4,0.02,0.55,26217882042.300003
2022-05-24,5.06,4.9,5.11,4.9,441766,221071840.0,4.14,-3.35,-0.17,0.87,25338781461.0
2022-05-25,4.94,5.09,5.18,4.87,628558,317639520.0,6.33,3.88,0.19,1.24,26321305640.1
2022-05-26,5.08,5.1,5.11,5.02,394807,200230861.0,1.77,0.2,0.01,0.78,26373017439.0
2022-05-27,5.09,5.06,5.13,5.02,302793,153600242.0,2.16,-0.78,-0.04,0.6,26166170243.399998
2022-05-30,5.07,5.04,5.09,5.0,303640,153243232.0,1.78,-0.4,-0.02,0.6,26062746645.6
2022-05-31,5.04,5.07,5.09,5.0,328902,166078123.0,1.79,0.6,0.03,0.65,26217882042.300003
2022-06-01,5.07,5.08,5.14,5.05,332283,169008956.0,1.78,0.2,0.01,0.66,26269593841.2
2022-06-02,5.08,5.07,5.08,5.02,272898,137944448.0,1.18,-0.2,-0.01,0.54,26217882042.300003
2022-06-06,5.05,5.12,5.13,5.04,431746,219628515.0,1.78,0.99,0.05,0.85,26476441036.8
2022-06-07,5.09,5.11,5.23,5.06,561064,288044848.0,3.32,-0.2,-0.01,1.11,26424729237.9
2022-06-08,5.11,5.12,5.14,5.03,423264,215493398.0,2.15,0.2,0.01,0.84,26476441036.8
2022-06-09,5.11,5.06,5.12,5.02,329079,166721542.0,1.95,-1.17,-0.06,0.65,26166170243.399998
2022-06-10,5.03,5.13,5.13,5.01,443085,225741561.0,2.37,1.38,0.07,0.88,26528152835.7
2022-06-13,5.09,5.1,5.15,5.04,399716,203532923.0,2.14,-0.58,-0.03,0.79,26373017439.0
2022-06-14,5.08,5.14,5.15,4.96,524801,265086429.0,3.73,0.78,0.04,1.04,26579864634.6
2022-06-15,5.18,5.19,5.3,5.13,784032,409392496.0,3.31,0.97,0.05,1.55,26838423629.100002
2022-06-16,5.2,5.12,5.21,5.11,504161,259950555.0,1.93,-1.35,-0.07,1.0,26476441036.8
2022-06-17,5.09,5.08,5.1,5.01,547389,276767088.0,1.76,-0.78,-0.04,1.08,26269593841.2
2022-06-20,5.06,5.05,5.08,5.04,359079,181686115.0,0.79,-0.59,-0.03,0.71,26114458444.5
2022-06-21,5.06,5.06,5.08,5.02,349347,176555081.0,1.19,0.2,0.01,0.69,26166170243.399998
2022-06-22,5.06,4.98,5.06,4.98,399885,200651004.0,1.58,-1.58,-0.08,0.79,25752475852.2
2022-06-23,4.99,5.02,5.03,4.94,310116,154531884.0,1.81,0.8,0.04,0.61,25959323047.8
2022-06-24,5.03,5.03,5.05,5.0,301663,151668344.0,1.0,0.2,0.01,0.6,26011034846.7
2022-06-27,5.03,5.09,5.12,5.02,533727,271085136.0,1.99,1.19,0.06,1.05,26321305640.1
2022-06-28,5.09,5.17,5.19,5.07,549426,282203408.0,2.36,1.57,0.08,1.09,26735000031.3
2022-06-29,5.18,5.13,5.25,5.13,549080,284277024.0,2.32,-0.77,-0.04,1.08,26528152835.7
2022-06-30,5.17,5.13,5.18,5.12,301132,155184215.0,1.17,0.0,0.0,0.59,26528152835.7
2022-07-01,5.13,5.09,5.15,5.08,305379,155592350.0,1.36,-0.78,-0.04,0.6,26321305640.1
2022-07-04,5.1,5.08,5.12,5.05,338657,171807698.0,1.38,-0.2,-0.01,0.67,26269593841.2
2022-07-05,5.08,5.1,5.13,5.06,352030,179180124.0,1.38,0.39,0.02,0.7,26373017439.0
2022-07-06,5.1,5.07,5.1,5.03,388918,196719618.0,1.37,-0.59,-0.03,0.77,26217882042.300003
2022-07-07,5.05,5.04,5.09,5.03,313530,158617524.0,1.18,-0.59,-0.03,0.62,26062746645.6
2022-07-08,4.9,4.9,4.93,4.89,280640,137599012.0,0.79,-2.78,-0.14,0.55,25338781461.0
2022-07-11,4.9,4.85,4.92,4.83,265892,129361927.0,1.84,-1.02,-0.05,0.53,25080222466.5
2022-07-12,4.86,4.83,4.87,4.83,232688,112722360.0,0.82,-0.41,-0.02,0.46,24976798868.7
2022-07-13,4.84,4.83,4.85,4.82,215013,103967474.0,0.62,0.0,0.0,0.42,24976798868.7
2022-07-14,4.83,4.85,4.85,4.79,310392,149450841.0,1.24,0.41,0.02,0.61,25080222466.5
2022-07-15,4.81,4.73,4.82,4.73,302357,144552531.0,1.86,-2.47,-0.12,0.6,24459680879.7
2022-07-18,4.73,4.78,4.81,4.72,278296,133028968.0,1.9,1.06,0.05,0.55,24718239874.2
2022-07-19,4.77,4.85,4.88,4.75,354232,171020362.0,2.72,1.46,0.07,0.7,25080222466.5
2022-07-20,4.87,4.88,4.93,4.85,276436,135065289.0,1.65,0.62,0.03,0.55,25235357863.2
2022-07-21,4.89,4.83,4.9,4.82,225287,109282916.0,1.64,-1.02,-0.05,0.45,24976798868.7
2022-07-22,4.85,4.95,5.02,4.83,631962,312080649.0,3.93,2.48,0.12,1.25,25597340455.5
2022-07-25,4.95,4.82,4.99,4.82,589948,287906412.0,3.43,-2.63,-0.13,1.17,24925087069.800003
2022-07-26,4.83,4.86,4.86,4.78,278860,134650279.0,1.66,0.83,0.04,0.55,25131934265.4
2022-07-27,4.85,4.85,4.87,4.83,215925,104510771.0,0.82,-0.21,-0.01,0.43,25080222466.5
2022-07-28,4.86,4.85,4.88,4.84,283618,137788295.0,0.82,0.0,0.0,0.56,25080222466.5
2022-07-29,4.86,4.8,4.86,4.79,252881,121733440.0,1.44,-1.03,-0.05,0.5,24821663472.0
2022-08-01,4.8,4.77,4.8,4.74,272572,129942250.0,1.25,-0.63,-0.03,0.54,24666528075.3
2022-08-02,4.72,4.6,4.73,4.54,552697,255432065.0,3.98,-3.56,-0.17,1.09,23787427494.0
2022-08-03,4.59,4.53,4.65,4.52,295590,135798744.0,2.83,-1.52,-0.07,0.58,23425444901.7
2022-08-04,4.57,4.56,4.58,4.51,223068,101464616.0,1.55,0.66,0.03,0.44,23580580298.399998
2022-08-05,4.57,4.65,4.65,4.55,225655,103645181.0,2.19,1.97,0.09,0.45,24045986488.5
2022-08-08,4.63,4.65,4.65,4.59,219373,101343923.0,1.29,0.0,0.0,0.43,24045986488.5
2022-08-09,4.64,4.64,4.66,4.62,180656,83862156.0,0.86,-0.22,-0.01,0.36,23994274689.6
2022-08-10,4.65,4.6,4.65,4.59,165483,76288036.0,1.29,-0.86,-0.04,0.33,23787427494.0
2022-08-11,4.63,4.71,4.73,4.61,340652,159502664.0,2.61,2.39,0.11,0.67,24356257281.9
2022-08-12,4.7,4.72,4.74,4.67,240973,113651260.0,1.49,0.21,0.01,0.48,24407969080.8
2022-08-15,4.72,4.71,4.73,4.67,192004,90291922.0,1.27,-0.21,-0.01,0.38,24356257281.9
2022-08-16,4.71,4.71,4.75,4.69,169071,79741955.0,1.27,0.0,0.0,0.33,24356257281.9
2022-08-17,4.72,4.74,4.74,4.7,170540,80561056.0,0.85,0.64,0.03,0.34,24511392678.600002
2022-08-18,4.72,4.69,4.74,4.68,159069,74701242.0,1.27,-1.05,-0.05,0.31,24252833684.100002
2022-08-19,4.69,4.68,4.73,4.68,205708,96739823.0,1.07,-0.21,-0.01,0.41,24201121885.199997
2022-08-22,4.67,4.75,4.75,4.66,202872,95772749.0,1.92,1.5,0.07,0.4,24563104477.5
2022-08-23,4.71,4.69,4.71,4.65,300062,140469167.0,1.26,-1.26,-0.06,0.59,24252833684.100002
2022-08-24,4.69,4.59,4.72,4.59,339062,157254273.0,2.77,-2.13,-0.1,0.67,23735715695.1
2022-08-25,4.61,4.65,4.66,4.58,241131,111443809.0,1.74,1.31,0.06,0.48,24045986488.5
2022-08-26,4.66,4.63,4.69,4.62,185883,86395311.0,1.51,-0.43,-0.02,0.37,23942562890.7
2022-08-29,4.59,4.63,4.64,4.57,174158,80157024.0,1.51,0.0,0.0,0.34,23942562890.7
2022-08-30,4.63,4.64,4.66,4.61,159713,73968249.0,1.08,0.22,0.01,0.32,23994274689.6
2022-08-31,4.62,4.6,4.65,4.58,280667,129536816.0,1.51,-0.86,-0.04,0.55,23787427494.0
2022-09-01,4.6,4.6,4.63,4.58,223586,103087497.0,1.09,0.0,0.0,0.44,23787427494.0
2022-09-02,4.6,4.59,4.61,4.57,205467,94297109.0,0.87,-0.22,-0.01,0.41,23735715695.1
2022-09-05,4.58,4.59,4.6,4.55,217218,99464987.0,1.09,0.0,0.0,0.43,23735715695.1
2022-09-06,4.6,4.66,4.68,4.59,322780,149724628.0,1.96,1.53,0.07,0.64,24097698287.4
2022-09-07,4.65,4.62,4.65,4.61,195844,90622813.0,0.86,-0.86,-0.04,0.39,23890851091.8
2022-09-08,4.63,4.57,4.65,4.57,379109,174519154.0,1.73,-1.08,-0.05,0.75,23632292097.300003
2022-09-09,4.58,4.61,4.62,4.58,386820,177668188.0,0.88,0.88,0.04,0.76,23839139292.9
2022-09-13,4.61,4.6,4.64,4.6,306004,141372740.0,0.87,-0.22,-0.01,0.6,23787427494.0
2022-09-14,4.55,4.55,4.58,4.53,307222,139748349.0,1.09,-1.09,-0.05,0.61,23528868499.5
2022-09-15,4.56,4.48,4.58,4.47,421175,190418030.0,2.42,-1.54,-0.07,0.83,23166885907.2
2022-09-16,4.48,4.33,4.49,4.33,465392,205174028.0,3.57,-3.35,-0.15,0.92,22391208923.7
2022-09-19,4.33,4.3,4.34,4.27,260312,111916445.0,1.62,-0.69,-0.03,0.51,22236073527.0
2022-09-20,4.33,4.33,4.36,4.32,184285,80058280.0,0.93,0.7,0.03,0.36,22391208923.7
2022-09-21,4.34,4.37,4.4,4.27,266676,115790386.0,3.0,0.92,0.04,0.53,22598056119.3
2022-09-22,4.34,4.31,4.37,4.31,158640,68852310.0,1.37,-1.37,-0.06,0.31,22287785325.899998
2022-09-23,4.34,4.32,4.39,4.3,234457,101699240.0,2.09,0.23,0.01,0.46,22339497124.800003
2022-09-26,4.29,4.21,4.3,4.18,265295,112731101.0,2.78,-2.55,-0.11,0.52,21770667336.9
2022-09-27,4.2,4.25,4.27,4.2,262622,111233159.0,1.66,0.95,0.04,0.52,21977514532.5
2022-09-28,4.22,4.16,4.25,4.15,272490,114363901.0,2.35,-2.12,-0.09,0.54,21512108342.4
2022-09-29,4.18,4.13,4.21,4.1,234316,97285063.0,2.64,-0.72,-0.03,0.46,21356972945.7
2022-09-30,4.12,4.12,4.15,4.1,192180,79316135.0,1.21,-0.24,-0.01,0.38,21305261146.8
2022-10-10,4.14,4.07,4.16,4.07,209124,86138263.0,2.18,-1.21,-0.05,0.41,21046702152.300003
2022-10-11,4.08,4.11,4.13,4.06,163106,66808398.0,1.72,0.98,0.04,0.32,21253549347.9
2022-10-12,4.1,4.19,4.2,4.08,212908,88022829.0,2.92,1.95,0.08,0.42,21667243739.100002
2022-10-13,4.19,4.18,4.21,4.15,191333,79891530.0,1.43,-0.24,-0.01,0.38,21615531940.199997
2022-10-14,4.2,4.26,4.28,4.19,244540,103948918.0,2.15,1.91,0.08,0.48,22029226331.399998
2022-10-17,4.24,4.3,4.31,4.23,207992,88901447.0,1.88,0.94,0.04,0.41,22236073527.0
2022-10-18,4.32,4.33,4.36,4.28,279071,120710938.0,1.86,0.7,0.03,0.55,22391208923.7
2022-10-19,4.31,4.3,4.35,4.29,196104,84633342.0,1.39,-0.69,-0.03,0.39,22236073527.0
2022-10-20,4.28,4.27,4.31,4.25,201876,86262142.0,1.4,-0.7,-0.03,0.4,22080938130.3
2022-10-21,4.26,4.25,4.3,4.25,140356,60056945.0,1.17,-0.47,-0.02,0.28,21977514532.5
2022-10-24,4.26,4.18,4.32,4.16,222754,94172633.0,3.76,-1.65,-0.07,0.44,21615531940.199997
2022-10-25,4.18,4.19,4.21,4.12,189875,79098719.0,2.15,0.24,0.01,0.38,21667243739.100002
2022-10-26,4.19,4.21,4.26,4.18,214669,90688960.0,1.91,0.48,0.02,0.42,21770667336.9
2022-10-27,4.23,4.25,4.26,4.21,174802,74233611.0,1.19,0.95,0.04,0.35,21977514532.5
2022-10-28,4.27,4.16,4.28,4.15,259764,109724909.0,3.06,-2.12,-0.09,0.51,21512108342.4
2022-10-31,4.14,4.17,4.23,4.13,190788,79761695.0,2.4,0.24,0.01,0.38,21563820141.3
2022-11-01,4.18,4.33,4.33,4.18,372204,159063024.0,3.6,3.84,0.16,0.74,22391208923.7
2022-11-02,4.33,4.34,4.37,4.31,277726,120490586.0,1.39,0.23,0.01,0.55,22442920722.6
2022-11-03,4.33,4.36,4.4,4.3,323458,140876929.0,2.3,0.46,0.02,0.64,22546344320.4
2022-11-04,4.35,4.4,4.41,4.34,318108,139652067.0,1.61,0.92,0.04,0.63,22753191516.0
2022-11-07,4.38,4.39,4.42,4.37,266765,117263422.0,1.14,-0.23,-0.01,0.53,22701479717.1
2022-11-08,4.39,4.37,4.4,4.3,254874,110944589.0,2.28,-0.46,-0.02,0.5,22598056119.3
2022-11-09,4.37,4.36,4.4,4.35,166453,72813143.0,1.14,-0.23,-0.01,0.33,22546344320.4
2022-11-10,4.34,4.39,4.41,4.3,241299,105315671.0,2.52,0.69,0.03,0.48,22701479717.1
2022-11-11,4.45,4.43,4.47,4.41,384364,170656648.0,1.37,0.91,0.04,0.76,22908326912.699997
2022-11-14,4.45,4.43,4.47,4.41,264997,117698303.0,1.35,0.0,0.0,0.52,22908326912.699997
2022-11-15,4.42,4.47,4.48,4.4,266634,118797186.0,1.81,0.9,0.04,0.53,23115174108.3
2022-11-16,4.47,4.45,4.48,4.43,229175,102075688.0,1.12,-0.45,-0.02,0.45,23011750510.5
2022-11-17,4.43,4.46,4.46,4.42,199617,88703463.0,0.9,0.22,0.01,0.39,23063462309.4
2022-11-18,4.45,4.42,4.48,4.42,206413,91757544.0,1.35,-0.9,-0.04,0.41,22856615113.8
2022-11-21,4.41,4.4,4.43,4.38,189136,83253635.0,1.13,-0.45,-0.02,0.37,22753191516.0
2022-11-22,4.4,4.45,4.51,4.39,336484,149820247.0,2.73,1.14,0.05,0.66,23011750510.5
2022-11-23,4.45,4.46,4.51,4.42,355734,159160000.0,2.02,0.22,0.01,0.7,23063462309.4
2022-11-24,4.45,4.43,4.47,4.4,253074,112228951.0,1.57,-0.67,-0.03,0.5,22908326912.699997
2022-11-25,4.43,4.49,4.5,4.42,325510,145474079.0,1.81,1.35,0.06,0.64,23218597706.100002
2022-11-28,4.47,4.48,4.49,4.42,274175,122249993.0,1.56,-0.22,-0.01,0.54,23166885907.2
2022-11-29,4.48,4.58,4.61,4.48,638517,290782200.0,2.9,2.23,0.1,1.26,23684003896.2
2022-11-30,4.58,4.55,4.6,4.54,332155,151760591.0,1.31,-0.66,-0.03,0.66,23528868499.5
2022-12-01,4.58,4.73,4.84,4.57,961676,452174520.0,5.93,3.96,0.18,1.9,24459680879.7
2022-12-02,4.72,4.73,4.81,4.66,614354,290462050.0,3.17,0.0,0.0,1.21,24459680879.7
2022-12-05,4.76,4.9,4.92,4.74,929457,451432093.0,3.81,3.59,0.17,1.84,25338781461.0
2022-12-06,4.87,4.99,5.06,4.85,1078386,534960245.0,4.29,1.84,0.09,2.13,25804187651.100002
2022-12-07,4.99,5.0,5.1,4.94,926107,465029770.0,3.21,0.2,0.01,1.83,25855899450.0
2022-12-08,5.05,5.12,5.16,4.96,1186585,601324766.0,4.0,2.4,0.12,2.34,26476441036.8
2022-12-09,5.11,5.15,5.15,5.02,1019387,517257580.0,2.54,0.59,0.03,2.01,26631576433.5
2022-12-12,5.09,4.99,5.16,4.96,862707,434239562.0,3.88,-3.11,-0.16,1.7,25804187651.100002
2022-12-13,4.97,5.02,5.07,4.97,548865,275757416.0,2.0,0.6,0.03,1.08,25959323047.8
2022-12-14,5.0,5.02,5.05,4.94,448015,224311009.0,2.19,0.0,0.0,0.89,25959323047.8
2022-12-15,5.03,4.98,5.08,4.97,506110,254016359.0,2.19,-0.8,-0.04,1.0,25752475852.2
2022-12-16,4.96,5.01,5.02,4.93,415589,207156426.0,1.81,0.6,0.03,0.82,25907611248.899998
2022-12-19,4.99,4.88,5.02,4.83,489379,240130638.0,3.79,-2.59,-0.13,0.97,25235357863.2
2022-12-20,4.89,4.85,4.9,4.82,296303,143859555.0,1.64,-0.61,-0.03,0.59,25080222466.5
2022-12-21,4.86,4.82,4.88,4.8,219942,106426143.0,1.65,-0.62,-0.03,0.43,24925087069.800003
2022-12-22,4.85,4.75,4.87,4.72,322912,154680807.0,3.11,-1.45,-0.07,0.64,24563104477.5
2022-12-23,4.75,4.7,4.78,4.68,269131,127193558.0,2.11,-1.05,-0.05,0.53,24304545483.0
2022-12-26,4.7,4.7,4.74,4.67,254624,119631724.0,1.49,0.0,0.0,0.5,24304545483.0
2022-12-27,4.73,4.78,4.8,4.7,296085,141005817.0,2.13,1.7,0.08,0.58,24718239874.2
2022-12-28,4.76,4.75,4.77,4.72,245877,116505018.0,1.05,-0.63,-0.03,0.49,24563104477.5
2022-12-29,4.72,4.68,4.74,4.68,225260,105859530.0,1.26,-1.47,-0.07,0.44,24201121885.199997
2022-12-30,4.71,4.81,4.84,4.69,344813,164633835.0,3.21,2.78,0.13,0.68,24873375270.899998
2023-01-03,4.79,4.75,4.8,4.75,431872,205968302.0,1.04,-1.25,-0.06,0.85,24563104477.5
2023-01-04,4.75,4.75,4.77,4.72,283448,134670432.0,1.05,0.0,0.0,0.56,24563104477.5
2023-01-05,4.76,4.79,4.8,4.76,283947,135746427.0,0.84,0.84,0.04,0.56,24769951673.1
2023-01-06,4.76,4.72,4.78,4.7,314557,148966821.0,1.67,-1.46,-0.07,0.62,24407969080.8
2023-01-09,4.73,4.72,4.74,4.7,205280,96942416.0,0.85,0.0,0.0,0.41,24407969080.8
2023-01-10,4.72,4.71,4.73,4.69,181755,85566093.0,0.85,-0.21,-0.01,0.36,24356257281.9
2023-01-11,4.7,4.65,4.72,4.65,251152,117611401.0,1.49,-1.27,-0.06,0.5,24045986488.5
2023-01-12,4.65,4.7,4.72,4.65,206597,96783758.0,1.51,1.08,0.05,0.41,24304545483.0
2023-01-13,4.71,4.76,4.76,4.68,189452,89464502.0,1.7,1.28,0.06,0.37,24614816276.399998
2023-01-16,4.76,4.79,4.83,4.76,296331,142260868.0,1.47,0.63,0.03,0.59,24769951673.1
2023-01-17,4.8,4.8,4.81,4.75,175247,83740975.0,1.25,0.21,0.01,0.35,24821663472.0
2023-01-18,4.81,4.77,4.81,4.76,151883,72644100.0,1.04,-0.63,-0.03,0.3,24666528075.3
2023-01-19,4.76,4.8,4.8,4.74,193521,92439019.0,1.26,0.63,0.03,0.38,24821663472.0
2023-01-20,4.8,4.81,4.82,4.79,214415,103118149.0,0.63,0.21,0.01,0.42,24873375270.899998
2023-01-30,4.86,4.82,4.88,4.82,272778,132087301.0,1.25,0.21,0.01,0.54,24925087069.800003
2023-01-31,4.82,4.9,4.95,4.8,379446,185873123.0,3.11,1.66,0.08,0.75,25338781461.0
2023-02-01,4.91,4.91,4.93,4.87,303078,148556772.0,1.22,0.2,0.01,0.6,25390493259.9
2023-02-02,4.93,4.88,4.93,4.88,240790,117785255.0,1.02,-0.61,-0.03,0.48,25235357863.2
2023-02-03,4.88,4.84,4.89,4.82,261064,126348450.0,1.43,-0.82,-0.04,0.52,25028510667.6
2023-02-06,4.82,4.83,4.85,4.79,153723,74124195.0,1.24,-0.21,-0.01,0.3,24976798868.7
2023-02-07,4.84,4.83,4.85,4.8,225685,108901172.0,1.04,0.0,0.0,0.45,24976798868.7
2023-02-08,4.83,4.77,4.83,4.76,260427,124954560.0,1.45,-1.24,-0.06,0.51,24666528075.3
2023-02-09,4.75,4.83,4.84,4.75,352377,169207017.0,1.89,1.26,0.06,0.7,24976798868.7
2023-02-10,4.83,4.8,4.84,4.78,206495,99371645.0,1.24,-0.62,-0.03,0.41,24821663472.0
2023-02-13,4.8,4.82,4.83,4.79,209816,101069787.0,0.83,0.42,0.02,0.41,24925087069.800003
2023-02-14,4.83,4.86,4.87,4.82,287136,138991694.0,1.04,0.83,0.04,0.57,25131934265.4
2023-02-15,4.86,4.79,4.86,4.79,273025,131319060.0,1.44,-1.44,-0.07,0.54,24769951673.1
2023-02-16,4.8,4.78,4.88,4.76,499826,241408197.0,2.51,-0.21,-0.01,0.99,24718239874.2
2023-02-17,4.78,4.76,4.83,4.75,265542,126997660.0,1.67,-0.42,-0.02,0.52,24614816276.399998
2023-02-20,4.78,4.88,4.89,4.76,374768,181235961.0,2.73,2.52,0.12,0.74,25235357863.2
2023-02-21,4.88,4.88,4.9,4.85,258431,125945526.0,1.02,0.0,0.0,0.51,25235357863.2
2023-02-22,4.86,4.85,4.87,4.84,172876,83966954.0,0.61,-0.61,-0.03,0.34,25080222466.5
2023-02-23,4.87,4.88,4.91,4.86,338802,165554052.0,1.03,0.62,0.03,0.67,25235357863.2
2023-02-24,4.88,4.88,4.9,4.85,179820,87579543.0,1.02,0.0,0.0,0.36,25235357863.2
2023-02-27,4.87,4.84,4.9,4.83,214401,104227755.0,1.43,-0.82,-0.04,0.42,25028510667.6
2023-02-28,4.85,4.89,4.89,4.84,158732,77145436.0,1.03,1.03,0.05,0.31,25287069662.1
2023-03-01,4.89,4.91,4.92,4.87,243655,119360319.0,1.02,0.41,0.02,0.48,25390493259.9
2023-03-02,4.91,4.98,5.0,4.89,477304,236674904.0,2.24,1.43,0.07,0.94,25752475852.2
2023-03-03,4.99,5.03,5.04,4.97,362375,181604535.0,1.41,1.0,0.05,0.72,26011034846.7
2023-03-06,5.04,5.02,5.07,5.01,319340,160635170.0,1.19,-0.2,-0.01,0.63,25959323047.8
2023-03-07,5.02,4.96,5.05,4.93,442672,221390479.0,2.39,-1.2,-0.06,0.87,25649052254.4
2023-03-08,4.95,4.94,4.96,4.92,199245,98478080.0,0.81,-0.4,-0.02,0.39,25545628656.600002
2023-03-09,4.95,4.9,4.97,4.9,187618,92446514.0,1.42,-0.81,-0.04,0.37,25338781461.0
2023-03-10,4.88,4.81,4.89,4.8,297137,143891673.0,1.84,-1.84,-0.09,0.59,24873375270.899998
2023-03-13,4.81,4.85,4.86,4.8,241194,116670206.0,1.25,0.83,0.04,0.48,25080222466.5
2023-03-14,4.84,4.88,4.97,4.83,402778,197401211.0,2.89,0.62,0.03,0.8,25235357863.2
2023-03-15,4.88,4.96,4.97,4.88,384511,189750053.0,1.84,1.64,0.08,0.76,25649052254.4
2023-03-16,4.94,4.92,4.99,4.91,327093,162097251.0,1.61,-0.81,-0.04,0.65,25442205058.8
2023-03-17,4.96,4.97,5.01,4.94,375381,186779873.0,1.42,1.02,0.05,0.74,25700764053.3
2023-03-20,4.99,4.89,5.01,4.88,354820,175553788.0,2.62,-1.61,-0.08,0.7,25287069662.1
2023-03-21,4.91,4.93,4.95,4.91,230665,113777538.0,0.82,0.82,0.04,0.46,25493916857.699997
2023-03-22,4.94,4.93,4.96,4.92,184778,91201088.0,0.81,0.0,0.0,0.37,25493916857.699997
2023-03-23,4.91,4.95,4.95,4.91,204093,100611535.0,0.81,0.41,0.02,0.4,25597340455.5
2023-03-24,4.95,4.89,4.96,4.88,264126,129593013.0,1.62,-1.21,-0.06,0.52,25287069662.1
2023-03-27,4.89,4.84,4.9,4.83,277787,134762485.0,1.43,-1.02,-0.05,0.55,25028510667.6
2023-03-28,4.86,4.85,4.88,4.82,183304,88845675.0,1.24,0.21,0.01,0.36,25080222466.5
2023-03-29,4.86,4.81,4.86,4.81,185339,89509810.0,1.03,-0.82,-0.04,0.37,24873375270.899998
2023-03-30,4.81,4.79,4.83,4.77,267368,128025410.0,1.25,-0.42,-0.02,0.53,24769951673.1
2023-03-31,4.8,4.85,4.86,4.79,210593,101804185.0,1.46,1.25,0.06,0.42,25080222466.5
2023-04-03,4.85,4.92,4.94,4.84,307782,151000971.0,2.06,1.44,0.07,0.61,25442205058.8
2023-04-04,4.92,4.92,4.95,4.9,255779,126063167.0,1.02,0.0,0.0,0.51,25442205058.8
2023-04-06,4.91,4.88,4.95,4.87,242025,118739398.0,1.63,-0.81,-0.04,0.48,25235357863.2
2023-04-07,4.9,4.86,4.9,4.85,200091,97488990.0,1.02,-0.41,-0.02,0.4,25131934265.4
2023-04-10,4.87,4.9,4.91,4.84,236547,115400404.0,1.44,0.82,0.04,0.47,25338781461.0
2023-04-11,4.91,4.89,4.91,4.87,221737,108380151.0,0.82,-0.2,-0.01,0.44,25287069662.1
2023-04-12,4.88,4.92,4.95,4.88,289417,142451981.0,1.43,0.61,0.03,0.57,25442205058.8
2023-04-13,4.93,5.41,5.41,4.92,2179075,1145550132.0,9.96,9.96,0.49,4.3,27976083204.9
2023-04-14,5.38,5.28,5.47,5.2,2067841,1096369791.0,4.99,-2.4,-0.13,4.08,27303829819.2
2023-04-17,5.28,5.43,5.47,5.22,1729439,930643000.0,4.73,2.84,0.15,3.42,28079506802.699997
2023-04-18,5.43,5.43,5.66,5.4,1864868,1026275725.0,4.79,0.0,0.0,3.68,28079506802.699997
2023-04-19,5.42,5.53,5.62,5.42,1624919,898181963.0,3.68,1.84,0.1,3.21,28596624791.7
2023-04-20,5.51,5.67,5.73,5.48,1621369,907690856.0,4.52,2.53,0.14,3.2,29320589976.3
2023-04-21,5.7,5.61,5.79,5.61,1288442,733358167.0,3.17,-1.06,-0.06,2.55,29010319182.9
2023-04-24,5.64,5.65,5.79,5.61,1094787,620852076.0,3.21,0.71,0.04,2.16,29217166378.5
2023-04-25,5.49,5.43,5.58,5.36,1455492,796148131.0,3.89,-3.89,-0.22,2.88,28079506802.699997
2023-04-26,5.47,5.44,5.49,5.32,871199,470820471.0,3.13,0.18,0.01,1.72,28131218601.600002
2023-04-27,5.46,5.47,5.59,5.39,794018,435425922.0,3.68,0.55,0.03,1.57,28286353998.3
2023-04-28,5.52,5.45,5.52,5.4,665982,362519254.0,2.19,-0.37,-0.02,1.32,28182930400.5
2023-05-04,5.46,5.6,5.63,5.42,1158474,643131121.0,3.85,2.75,0.15,2.29,28958607384.0
2023-05-05,5.58,5.5,5.62,5.46,914988,504555096.0,2.86,-1.79,-0.1,1.81,28441489395.0
2023-05-08,5.54,5.66,5.78,5.52,1350839,761902734.0,4.73,2.91,0.16,2.67,29268878177.4
2023-05-09,5.69,5.83,6.11,5.65,2555790,1511701654.0,8.13,3.0,0.17,5.05,30147978758.7
2023-05-10,5.83,5.62,5.83,5.58,1335796,757518685.0,4.29,-3.6,-0.21,2.64,29062030981.8
2023-05-11,5.65,5.57,5.65,5.53,722399,402983824.0,2.14,-0.89,-0.05,1.43,28803471987.300003
2023-05-12,5.57,5.5,5.65,5.48,671474,373317796.0,3.05,-1.26,-0.07,1.33,28441489395.0
2023-05-15,5.51,5.44,5.52,5.27,1076258,577173523.0,4.55,-1.09,-0.06,2.13,28131218601.600002
2023-05-16,5.43,5.32,5.43,5.3,506211,271383442.0,2.39,-2.21,-0.12,1.0,27510677014.800003
2023-05-17,5.32,5.34,5.41,5.26,378757,202692264.0,2.82,0.38,0.02,0.75,27614100612.6
2023-05-18,5.37,5.41,5.47,5.35,527305,285300561.0,2.25,1.31,0.07,1.04,27976083204.9
2023-05-19,5.41,5.32,5.41,5.27,402234,214189204.0,2.59,-1.66,-0.09,0.79,27510677014.800003
2023-05-22,5.39,5.35,5.44,5.31,465575,249889327.0,2.44,0.56,0.03,0.92,27665812411.5
2023-05-23,5.32,5.22,5.35,5.21,424088,223686555.0,2.62,-2.43,-0.13,0.84,26993559025.8
2023-05-24,5.21,5.08,5.22,5.08,574994,295000484.0,2.68,-2.68,-0.14,1.14,26269593841.2
2023-05-25,5.09,5.06,5.11,4.98,460531,231995739.0,2.56,-0.39,-0.02,0.91,26166170243.399998
2023-05-26,5.05,5.07,5.11,5.0,291229,147394532.0,2.17,0.2,0.01,0.58,26217882042.300003
2023-05-29,5.1,5.1,5.16,5.07,359259,183759887.0,1.78,0.59,0.03,0.71,26373017439.0
2023-05-30,5.09,5.19,5.2,5.04,434393,223155115.0,3.14,1.76,0.09,0.86,26838423629.100002
2023-05-31,5.16,5.15,5.19,5.12,326249,168173969.0,1.35,-0.77,-0.04,0.64,26631576433.5
2023-06-01,5.15,5.15,5.19,5.11,388313,200042433.0,1.55,0.0,0.0,0.77,26631576433.5
2023-06-02,5.14,5.17,5.2,5.14,346827,179388545.0,1.17,0.39,0.02,0.69,26735000031.3
2023-06-05,5.18,5.22,5.24,5.15,366989,190777182.0,1.74,0.97,0.05,0.72,26993559025.8
2023-06-06,5.24,5.11,5.24,5.1,338827,174735302.0,2.68,-2.11,-0.11,0.67,26424729237.9
2023-06-07,5.12,5.14,5.18,5.1,221966,114193128.0,1.57,0.59,0.03,0.44,26579864634.6
2023-06-08,5.14,5.18,5.19,5.07,252391,129691926.0,2.33,0.78,0.04,0.5,26786711830.199997
2023-06-09,5.18,5.12,5.19,5.11,284271,146337631.0,1.54,-1.16,-0.06,0.56,26476441036.8
2023-06-12,5.12,5.08,5.12,5.05,294594,149546204.0,1.37,-0.78,-0.04,0.58,26269593841.2
2023-06-13,5.07,5.06,5.09,5.04,286723,145173560.0,0.98,-0.39,-0.02,0.57,26166170243.399998
2023-06-14,5.06,5.04,5.1,5.03,455710,230863855.0,1.38,-0.4,-0.02,0.9,26062746645.6
2023-06-15,5.04,4.98,5.04,4.93,421111,209872606.0,2.18,-1.19,-0.06,0.83,25752475852.2
2023-06-16,5.01,5.06,5.08,4.99,334666,168931007.0,1.81,1.61,0.08,0.66,26166170243.399998
2023-06-19,5.06,4.93,5.07,4.91,429207,212987915.0,3.16,-2.57,-0.13,0.85,25493916857.699997
2023-06-20,4.92,4.88,4.93,4.86,296142,144777591.0,1.42,-1.01,-0.05,0.59,25235357863.2
2023-06-21,4.86,4.84,4.93,4.84,322006,156993112.0,1.84,-0.82,-0.04,0.64,25028510667.6
2023-06-26,4.83,4.76,4.85,4.74,377453,180893944.0,2.27,-1.65,-0.08,0.75,24614816276.399998
2023-06-27,4.77,4.88,4.9,4.77,325164,157984934.0,2.73,2.52,0.12,0.64,25235357863.2
2023-06-28,4.88,4.91,4.92,4.84,220852,107728953.0,1.64,0.61,0.03,0.44,25390493259.9
2023-06-29,4.89,4.86,4.9,4.86,204143,99479066.0,0.81,-1.02,-0.05,0.4,25131934265.4
2023-06-30,4.87,4.94,4.96,4.86,235981,116488016.0,2.06,1.65,0.08,0.47,25545628656.600002
2023-07-03,4.96,4.99,5.01,4.93,302756,150565446.0,1.62,1.01,0.05,0.6,25804187651.100002
2023-07-04,4.98,4.98,5.0,4.95,223454,111088698.0,1.0,-0.2,-0.01,0.44,25752475852.2
2023-07-05,4.98,4.97,5.0,4.95,211759,105175337.0,1.0,-0.2,-0.01,0.42,25700764053.3
2023-07-06,4.84,4.81,4.86,4.8,196952,95084760.0,1.21,-3.22,-0.16,0.39,24873375270.899998
2023-07-07,4.82,4.83,4.85,4.78,187683,90477611.0,1.46,0.42,0.02,0.37,24976798868.7
2023-07-10,4.84,4.83,4.87,4.81,218046,105579352.0,1.24,0.0,0.0,0.43,24976798868.7
2023-07-11,4.83,4.85,4.87,4.82,252731,122228421.0,1.04,0.41,0.02,0.5,25080222466.5
2023-07-12,4.85,4.78,4.86,4.78,253181,121854732.0,1.65,-1.44,-0.07,0.5,24718239874.2
2023-07-13,4.77,4.85,4.85,4.77,296309,143031708.0,1.67,1.46,0.07,0.58,25080222466.5
2023-07-14,4.86,4.84,4.87,4.83,182943,88670415.0,0.82,-0.21,-0.01,0.36,25028510667.6
2023-07-17,4.83,4.82,4.84,4.79,156958,75465781.0,1.03,-0.41,-0.02,0.31,24925087069.800003
2023-07-18,4.82,4.85,4.86,4.8,180980,87474656.0,1.24,0.62,0.03,0.35,25080222466.5
2023-07-19,4.85,4.88,4.9,4.84,221173,107821116.0,1.24,0.62,0.03,0.43,25235357863.2
2023-07-20,4.88,4.86,4.91,4.85,222977,108905583.0,1.23,-0.41,-0.02,0.44,25131934265.4
2023-07-21,4.95,4.89,5.02,4.86,460340,226337658.0,3.29,0.62,0.03,0.9,25287069662.1
2023-07-24,4.86,4.9,4.94,4.82,295289,144226424.0,2.45,0.2,0.01,0.58,25338781461.0
2023-07-25,4.92,5.0,5.0,4.91,360715,179275952.0,1.84,2.04,0.1,0.71,25855899450.0
2023-07-26,4.99,4.98,5.0,4.95,264404,131603059.0,1.0,-0.4,-0.02,0.52,25752475852.2
2023-07-27,5.0,4.99,5.02,4.98,310699,155261941.0,0.8,0.2,0.01,0.61,25804187651.100002
2023-07-28,4.98,5.08,5.08,4.97,718839,361530126.0,2.2,1.8,0.09,1.41,26269593841.2
2023-07-31,5.09,5.13,5.17,5.09,465917,239212584.0,1.57,0.98,0.05,0.91,26528152835.7
2023-08-01,5.13,5.13,5.19,5.11,382723,196736976.0,1.56,0.0,0.0,0.75,26528152835.7
2023-08-02,5.13,5.11,5.16,5.09,278136,142314580.0,1.36,-0.39,-0.02,0.54,26424729237.9
2023-08-03,5.11,5.1,5.13,5.05,327446,166575753.0,1.57,-0.2,-0.01,0.64,26373017439.0
2023-08-04,5.13,5.13,5.17,5.11,406503,208821849.0,1.18,0.59,0.03,0.79,26528152835.7
2023-08-07,5.12,5.04,5.13,5.02,429868,217203191.0,2.14,-1.75,-0.09,0.84,26062746645.6
2023-08-08,5.04,5.01,5.05,4.97,260137,130077520.0,1.59,-0.6,-0.03,0.51,25907611248.899998
2023-08-09,5.0,5.01,5.04,4.98,259073,129863561.0,1.2,0.0,0.0,0.51,25907611248.899998
2023-08-10,5.02,5.05,5.07,5.01,210233,106063693.0,1.2,0.8,0.04,0.41,26114458444.5
2023-08-11,5.05,4.93,5.06,4.93,300987,149858982.0,2.57,-2.38,-0.12,0.59,25493916857.699997
2023-08-14,4.88,4.93,4.96,4.85,254214,124668729.0,2.23,0.0,0.0,0.5,25493916857.699997
2023-08-15,4.94,4.93,4.97,4.91,177661,87772656.0,1.22,0.0,0.0,0.35,25493916857.699997
2023-08-16,4.92,4.9,4.95,4.89,182963,89932883.0,1.22,-0.61,-0.03,0.36,25338781461.0
2023-08-17,4.89,4.94,4.95,4.86,216198,106210088.0,1.84,0.82,0.04,0.42,25545628656.600002
2023-08-18,4.93,4.88,4.99,4.88,255768,126163987.0,2.23,-1.21,-0.06,0.5,25235357863.2
2023-08-21,4.89,4.8,4.94,4.79,461797,224512592.0,3.07,-1.64,-0.08,0.9,24821663472.0
2023-08-22,4.8,4.8,4.83,4.73,287917,137563204.0,2.08,0.0,0.0,0.56,24821663472.0
2023-08-23,4.8,4.74,4.81,4.74,199373,95189155.0,1.46,-1.25,-0.06,0.39,24511392678.600002
2023-08-24,4.75,4.74,4.8,4.74,216486,103224738.0,1.27,0.0,0.0,0.42,24511392678.600002
2023-08-25,4.74,4.71,4.79,4.69,219366,103740912.0,2.11,-0.63,-0.03,0.43,24356257281.9
2023-08-28,4.96,4.81,4.97,4.8,489662,238845956.0,3.61,2.12,0.1,0.96,24873375270.899998
2023-08-29,4.8,4.81,4.84,4.74,482177,231314804.0,2.08,0.0,0.0,0.94,24873375270.899998
2023-08-30,4.81,4.72,4.81,4.72,379796,180839506.0,1.87,-1.87,-0.09,0.74,24407969080.8
2023-08-31,4.72,4.65,4.74,4.63,326294,152171526.0,2.33,-1.48,-0.07,0.64,24045986488.5
2023-09-01,4.65,4.7,4.72,4.65,245388,115145400.0,1.51,1.08,0.05,0.48,24304545483.0
2023-09-04,4.73,4.87,4.91,4.72,644576,312558746.0,4.04,3.62,0.17,1.26,25183646064.3
2023-09-05,4.87,4.79,4.87,4.78,306390,147290080.0,1.85,-1.64,-0.08,0.6,24769951673.1
2023-09-06,4.78,4.78,4.81,4.76,247159,118174289.0,1.04,-0.21,-0.01,0.48,24718239874.2
2023-09-07,4.78,4.73,4.79,4.73,243850,116039941.0,1.26,-1.05,-0.05,0.48,24459680879.7
2023-09-08,4.71,4.71,4.75,4.7,171031,80690510.0,1.06,-0.42,-0.02,0.33,24356257281.9
2023-09-11,4.73,4.77,4.8,4.71,285505,136185890.0,1.91,1.27,0.06,0.56,24666528075.3
2023-09-12,4.78,4.8,4.82,4.76,229837,110233202.0,1.26,0.63,0.03,0.45,24821663472.0
2023-09-13,4.79,4.78,4.83,4.75,205635,98466467.0,1.67,-0.42,-0.02,0.4,24718239874.2
2023-09-14,4.78,4.78,4.8,4.75,179398,85646586.0,1.05,0.0,0.0,0.35,24718239874.2
2023-09-15,4.8,4.79,4.84,4.77,251609,120817787.0,1.46,0.21,0.01,0.49,24769951673.1
2023-09-18,4.79,4.81,4.81,4.7,248403,118612249.0,2.3,0.42,0.02,0.49,24873375270.899998
2023-09-19,4.8,4.79,4.84,4.78,237304,113987298.0,1.25,-0.42,-0.02,0.46,24769951673.1
2023-09-20,4.79,4.79,4.81,4.77,169621,81301080.0,0.84,0.0,0.0,0.33,24769951673.1
2023-09-21,4.77,4.76,4.8,4.74,243273,115993295.0,1.25,-0.63,-0.03,0.48,24614816276.399998
2023-09-22,4.76,4.84,4.84,4.76,259965,125130199.0,1.68,1.68,0.08,0.51,25028510667.6
2023-09-25,4.84,4.82,4.85,4.81,206783,99790065.0,0.83,-0.41,-0.02,0.4,24925087069.800003
2023-09-26,4.82,4.79,4.84,4.78,219596,105524304.0,1.24,-0.62,-0.03,0.43,24769951673.1
2023-09-27,4.78,4.76,4.81,4.75,249290,119025312.0,1.25,-0.63,-0.03,0.49,24614816276.399998
2023-09-28,4.77,4.74,4.79,4.73,219155,104063699.0,1.26,-0.42,-0.02,0.43,24511392678.600002
2023-10-09,4.74,4.65,4.74,4.64,357640,166868514.0,2.11,-1.9,-0.09,0.7,24045986488.5
2023-10-10,4.65,4.64,4.69,4.6,333921,154734322.0,1.94,-0.22,-0.01,0.65,23994274689.6
2023-10-11,4.63,4.62,4.67,4.62,314594,146248325.0,1.08,-0.43,-0.02,0.62,23890851091.8
2023-10-12,4.66,4.72,4.75,4.65,375362,176590141.0,2.16,2.16,0.1,0.73,24407969080.8
2023-10-13,4.7,4.65,4.72,4.64,192162,89820723.0,1.69,-1.48,-0.07,0.38,24045986488.5
2023-10-16,4.67,4.66,4.68,4.62,197062,91686669.0,1.29,0.22,0.01,0.39,24097698287.4
2023-10-17,4.66,4.68,4.7,4.65,178293,83319451.0,1.07,0.43,0.02,0.35,24201121885.199997
2023-10-18,4.68,4.57,4.68,4.54,381483,174997448.0,2.99,-2.35,-0.11,0.75,23632292097.300003
2023-10-19,4.55,4.49,4.56,4.48,266375,120092155.0,1.75,-1.75,-0.08,0.52,23218597706.100002
2023-10-20,4.47,4.5,4.54,4.46,215292,96923301.0,1.78,0.22,0.01,0.42,23270309505.0
2023-10-23,4.47,4.38,4.49,4.35,251376,110903271.0,3.11,-2.67,-0.12,0.49,22649767918.2
2023-10-24,4.38,4.36,4.39,4.32,432243,188284596.0,1.6,-0.46,-0.02,0.85,22546344320.4
2023-10-25,4.4,4.45,4.49,4.39,341427,151699737.0,2.29,2.06,0.09,0.67,23011750510.5
2023-10-26,4.43,4.47,4.48,4.41,222939,99265157.0,1.57,0.45,0.02,0.44,23115174108.3
2023-10-27,4.46,4.56,4.59,4.45,295137,134305775.0,3.13,2.01,0.09,0.58,23580580298.399998
2023-10-30,4.53,4.57,4.59,4.52,261393,119203080.0,1.54,0.22,0.01,0.51,23632292097.300003
2023-10-31,4.57,4.57,4.59,4.52,225851,102921626.0,1.53,0.0,0.0,0.44,23632292097.300003
2023-11-01,4.57,4.6,4.61,4.55,221499,101567808.0,1.31,0.66,0.03,0.43,23787427494.0
2023-11-02,4.59,4.59,4.63,4.58,201169,92553014.0,1.09,-0.22,-0.01,0.39,23735715695.1
2023-11-03,4.58,4.58,4.6,4.56,212959,97579055.0,0.87,-0.22,-0.01,0.42,23684003896.2
2023-11-06,4.59,4.61,4.63,4.57,228588,105247919.0,1.31,0.66,0.03,0.45,23839139292.9
2023-11-07,4.61,4.61,4.63,4.59,251849,116237262.0,0.87,0.0,0.0,0.49,23839139292.9
2023-11-08,4.62,4.6,4.66,4.59,260671,120536225.0,1.52,-0.22,-0.01,0.51,23787427494.0
2023-11-09,4.6,4.59,4.63,4.58,249007,114720044.0,1.09,-0.22,-0.01,0.49,23735715695.1
2023-11-10,4.59,4.58,4.6,4.55,192873,88295001.0,1.09,-0.22,-0.01,0.38,23684003896.2
2023-11-13,4.6,4.6,4.64,4.58,217075,99925581.0,1.31,0.44,0.02,0.42,23787427494.0
2023-11-14,4.6,4.61,4.64,4.58,238273,109706081.0,1.3,0.22,0.01,0.47,23839139292.9
2023-11-15,4.64,4.63,4.64,4.61,248935,115258116.0,0.65,0.43,0.02,0.49,23942562890.7
2023-11-16,4.62,4.61,4.64,4.6,224415,103790991.0,0.86,-0.43,-0.02,0.44,23839139292.9
2023-11-17,4.6,4.64,4.65,4.6,215811,99840355.0,1.08,0.65,0.03,0.42,23994274689.6
2023-11-20,4.64,4.63,4.66,4.6,241105,111535452.0,1.29,-0.22,-0.01,0.47,23942562890.7
2023-11-21,4.63,4.63,4.68,4.63,235189,109482978.0,1.08,0.0,0.0,0.46,23942562890.7
2023-11-22,4.62,4.64,4.68,4.62,270685,126076991.0,1.3,0.22,0.01,0.53,23994274689.6
2023-11-23,4.63,4.67,4.69,4.61,285470,133050284.0,1.72,0.65,0.03,0.56,24149410086.3
2023-11-24,4.67,4.7,4.72,4.65,314110,147596874.0,1.5,0.64,0.03,0.61,24304545483.0
2023-11-27,4.7,4.66,4.71,4.65,245466,114388335.0,1.28,-0.85,-0.04,0.48,24097698287.4
2023-11-28,4.65,4.62,4.66,4.61,286948,132920578.0,1.07,-0.86,-0.04,0.56,23890851091.8
2023-11-29,4.63,4.62,4.64,4.59,249539,115131605.0,1.08,0.0,0.0,0.49,23890851091.8
2023-11-30,4.61,4.62,4.64,4.59,249155,115043968.0,1.08,0.0,0.0,0.49,23890851091.8
2023-12-01,4.62,4.65,4.69,4.6,253979,118174018.0,1.95,0.65,0.03,0.5,24045986488.5
2023-12-04,4.65,4.6,4.66,4.6,219953,101737530.0,1.29,-1.08,-0.05,0.43,23787427494.0
2023-12-05,4.62,4.56,4.62,4.55,278279,127513568.0,1.52,-0.87,-0.04,0.54,23580580298.399998
2023-12-06,4.55,4.59,4.62,4.54,225644,103486157.0,1.75,0.66,0.03,0.44,23735715695.1
2023-12-07,4.59,4.59,4.61,4.56,247668,113600809.0,1.09,0.0,0.0,0.48,23735715695.1
2023-12-08,4.59,4.61,4.64,4.58,286456,132261072.0,1.31,0.44,0.02,0.56,23839139292.9
2023-12-11,4.59,4.56,4.6,4.44,427992,192976545.0,3.47,-1.08,-0.05,0.84,23580580298.399998
2023-12-12,4.56,4.65,4.66,4.55,343361,158662512.0,2.41,1.97,0.09,0.67,24045986488.5
2023-12-13,4.65,4.62,4.68,4.61,206821,96128113.0,1.51,-0.65,-0.03,0.4,23890851091.8
2023-12-14,4.63,4.6,4.65,4.6,190024,87798778.0,1.08,-0.43,-0.02,0.37,23787427494.0
2023-12-15,4.6,4.6,4.63,4.58,193775,89187549.0,1.09,0.0,0.0,0.38,23787427494.0
2023-12-18,4.6,4.54,4.62,4.54,265362,121441808.0,1.74,-1.3,-0.06,0.52,23477156700.6
2023-12-19,4.56,4.52,4.56,4.49,202904,91616290.0,1.54,-0.44,-0.02,0.4,23373733102.8
2023-12-20,4.53,4.48,4.53,4.47,171280,76996973.0,1.33,-0.88,-0.04,0.33,23166885907.2
2023-12-21,4.46,4.46,4.48,4.4,282332,125542615.0,1.79,-0.45,-0.02,0.55,23063462309.4
2023-12-22,4.45,4.44,4.49,4.43,226748,101121525.0,1.35,-0.45,-0.02,0.44,22960038711.600002
2023-12-25,4.44,4.41,4.44,4.38,177093,77915093.0,1.35,-0.68,-0.03,0.35,22804903314.9
2023-12-26,4.4,4.38,4.42,4.37,119495,52481998.0,1.13,-0.68,-0.03,0.23,22649767918.2
2023-12-27,4.39,4.4,4.41,4.34,191788,83861140.0,1.6,0.46,0.02,0.37,22753191516.0
2023-12-28,4.4,4.44,4.46,4.37,262508,116065546.0,2.05,0.91,0.04,0.51,22960038711.600002
2023-12-29,4.44,4.43,4.45,4.41,211983,93917685.0,0.9,-0.23,-0.01,0.41,22908326912.699997
2024-01-02,4.42,4.42,4.46,4.41,211373,93713163.0,1.13,-0.23,-0.01,0.41,22856615113.8
2024-01-03,4.42,4.44,4.47,4.42,211538,93955305.0,1.13,0.45,0.02,0.41,22960038711.600002
2024-01-04,4.44,4.4,4.45,4.38,236007,103994357.0,1.58,-0.9,-0.04,0.46,22753191516.0
2024-01-05,4.4,4.4,4.45,4.39,311138,137420852.0,1.36,0.0,0.0,0.61,22753191516.0
2024-01-08,4.4,4.32,4.41,4.32,319578,139303156.0,2.05,-1.82,-0.08,0.62,22339497124.800003
2024-01-09,4.33,4.35,4.38,4.3,222771,96928384.0,1.85,0.69,0.03,0.44,22494632521.5
2024-01-10,4.34,4.35,4.37,4.31,177078,76995333.0,1.38,0.0,0.0,0.35,22494632521.5
2024-01-11,4.35,4.39,4.41,4.34,217471,95187288.0,1.61,0.92,0.04,0.43,22701479717.1
2024-01-12,4.38,4.36,4.42,4.36,220689,96890438.0,1.37,-0.68,-0.03,0.43,22546344320.4
2024-01-15,4.36,4.41,4.43,4.34,203299,89448400.0,2.06,1.15,0.05,0.4,22804903314.9
2024-01-16,4.43,4.41,4.44,4.36,201300,88475307.0,1.81,0.0,0.0,0.39,22804903314.9
2024-01-17,4.4,4.31,4.4,4.3,251328,109336849.0,2.27,-2.27,-0.1,0.49,22287785325.899998
2024-01-18,4.29,4.24,4.29,4.11,414610,173613898.0,4.18,-1.62,-0.07,0.81,21925802733.600002
2024-01-19,4.21,4.26,4.26,4.2,226539,95936199.0,1.42,0.47,0.02,0.44,22029226331.399998
2024-01-22,4.23,4.06,4.24,4.03,285121,117913988.0,4.93,-4.69,-0.2,0.56,20994990353.399998
2024-01-23,4.05,4.11,4.13,4.01,267812,108969015.0,2.96,1.23,0.05,0.52,21253549347.9
2024-01-24,4.12,4.24,4.24,4.08,289728,120523767.0,3.89,3.16,0.13,0.57,21925802733.600002
2024-01-25,4.24,4.41,4.41,4.23,415965,180884839.0,4.25,4.01,0.17,0.81,22804903314.9
2024-01-26,4.4,4.46,4.47,4.38,362896,161138898.0,2.04,1.13,0.05,0.71,23063462309.4
2024-01-29,4.48,4.44,4.51,4.43,408784,182937366.0,1.79,-0.45,-0.02,0.8,22960038711.600002
2024-01-30,4.42,4.42,4.52,4.41,409292,183045003.0,2.48,-0.45,-0.02,0.8,22856615113.8
2024-01-31,4.41,4.33,4.44,4.3,391435,170582279.0,3.17,-2.04,-0.09,0.77,22391208923.7
2024-02-01,4.31,4.26,4.36,4.24,331710,142419557.0,2.77,-1.62,-0.07,0.65,22029226331.399998
2024-02-02,4.26,4.18,4.34,4.07,442127,187039862.0,6.34,-1.88,-0.08,0.86,21615531940.199997
2024-02-05,4.16,4.13,4.28,3.97,638210,261562090.0,7.42,-1.2,-0.05,1.25,21356972945.7
2024-02-06,4.08,4.41,4.43,4.06,581771,248376075.0,8.96,6.78,0.28,1.14,22804903314.9
2024-02-07,4.4,4.58,4.59,4.37,859427,389184816.0,4.99,3.85,0.17,1.68,23684003896.2
2024-02-08,4.59,4.61,4.76,4.58,897870,420571468.0,3.93,0.66,0.03,1.76,23839139292.9
2024-02-19,4.71,4.53,4.71,4.5,615265,280143261.0,4.56,-1.74,-0.08,1.2,23425444901.7
2024-02-20,4.51,4.52,4.53,4.48,307918,138861601.0,1.1,-0.22,-0.01,0.6,23373733102.8
2024-02-21,4.51,4.53,4.63,4.48,456255,208187177.0,3.32,0.22,0.01,0.89,23425444901.7
2024-02-22,4.52,4.54,4.56,4.5,305943,138364988.0,1.32,0.22,0.01,0.6,23477156700.6
2024-02-23,4.54,4.54,4.55,4.5,343211,155346096.0,1.1,0.0,0.0,0.67,23477156700.6
2024-02-26,4.58,4.53,4.63,4.52,436585,199194871.0,2.42,-0.22,-0.01,0.85,23425444901.7
2024-02-27,4.54,4.59,4.62,4.53,421325,192968753.0,1.99,1.32,0.06,0.82,23735715695.1
2024-02-28,4.57,4.56,4.67,4.55,668914,307997713.0,2.61,-0.65,-0.03,1.31,23580580298.399998
2024-02-29,4.52,4.6,4.61,4.51,471770,216083678.0,2.19,0.88,0.04,0.92,23787427494.0
2024-03-01,4.6,4.56,4.62,4.54,430036,196472508.0,1.74,-0.87,-0.04,0.84,23580580298.399998
2024-03-04,4.55,4.51,4.57,4.49,416046,188078040.0,1.75,-1.1,-0.05,0.81,23322021303.899998
2024-03-05,4.51,4.47,4.52,4.46,351124,157308119.0,1.33,-0.89,-0.04,0.69,23115174108.3
2024-03-06,4.48,4.48,4.52,4.44,286181,128062570.0,1.79,0.22,0.01,0.56,23166885907.2
2024-03-07,4.49,4.46,4.53,4.46,281693,126648623.0,1.56,-0.45,-0.02,0.55,23063462309.4
2024-03-08,4.46,4.49,4.5,4.44,242000,108065650.0,1.35,0.67,0.03,0.47,23218597706.100002
2024-03-11,4.49,4.54,4.55,4.48,336766,151704046.0,1.56,1.11,0.05,0.66,23477156700.6
2024-03-12,4.54,4.52,4.55,4.49,299340,135267316.0,1.32,-0.44,-0.02,0.59,23373733102.8
2024-03-13,4.53,4.5,4.53,4.46,313059,140695611.0,1.55,-0.44,-0.02,0.61,23270309505.0
2024-03-14,4.49,4.5,4.53,4.47,255691,115250285.0,1.33,0.0,0.0,0.5,23270309505.0
2024-03-15,4.48,4.55,4.57,4.47,414440,187299256.0,2.22,1.11,0.05,0.81,23528868499.5
2024-03-18,4.56,4.59,4.6,4.54,398064,182099282.0,1.32,0.88,0.04,0.78,23735715695.1
2024-03-19,4.59,4.52,4.59,4.52,322562,146819047.0,1.53,-1.53,-0.07,0.63,23373733102.8
2024-03-20,4.51,4.52,4.53,4.49,275550,124328752.0,0.88,0.0,0.0,0.54,23373733102.8
2024-03-21,4.52,4.5,4.53,4.49,221276,99783340.0,0.88,-0.44,-0.02,0.43,23270309505.0
2024-03-22,4.49,4.43,4.5,4.41,310740,138019555.0,2.0,-1.56,-0.07,0.61,22908326912.699997
2024-03-25,4.41,4.4,4.46,4.38,258858,114387100.0,1.81,-0.68,-0.03,0.51,22753191516.0
2024-03-26,4.4,4.42,4.43,4.38,253836,111797073.0,1.14,0.45,0.02,0.5,22856615113.8
2024-03-27,4.41,4.35,4.43,4.35,254409,111729621.0,1.81,-1.58,-0.07,0.5,22494632521.5
2024-03-28,4.35,4.38,4.41,4.33,254877,111453825.0,1.84,0.69,0.03,0.5,22649767918.2
2024-03-29,4.38,4.41,4.42,4.36,217743,95609702.0,1.37,0.68,0.03,0.43,22804903314.9
2024-04-01,4.42,4.54,4.56,4.42,422847,190475974.0,3.17,2.95,0.13,0.83,23477156700.6
2024-04-02,4.54,4.56,4.58,4.53,338120,154189834.0,1.1,0.44,0.02,0.66,23580580298.399998
2024-04-03,4.57,4.61,4.63,4.55,483243,221735603.0,1.75,1.1,0.05,0.94,23839139292.9
2024-04-08,4.6,4.62,4.71,4.59,523647,243590155.0,2.6,0.22,0.01,1.02,23890851091.8
2024-04-09,4.64,4.6,4.66,4.59,321842,148726721.0,1.52,-0.43,-0.02,0.63,23787427494.0
2024-04-10,4.59,4.58,4.63,4.55,315276,144708873.0,1.74,-0.43,-0.02,0.62,23684003896.2
2024-04-11,4.56,4.61,4.66,4.55,301389,139269084.0,2.4,0.66,0.03,0.59,23839139292.9
2024-04-12,4.61,4.58,4.64,4.58,246349,113530006.0,1.3,-0.65,-0.03,0.48,23684003896.2
2024-04-15,4.59,4.63,4.68,4.5,516852,238340940.0,3.93,1.09,0.05,1.01,23942562890.7
2024-04-16,4.61,4.55,4.66,4.54,531780,244776486.0,2.59,-1.73,-0.08,1.04,23528868499.5
2024-04-17,4.58,4.64,4.64,4.56,441436,203021503.0,1.76,1.98,0.09,0.86,23994274689.6
2024-04-18,4.64,4.63,4.66,4.59,472193,218435352.0,1.51,-0.22,-0.01,0.92,23942562890.7
2024-04-19,4.61,4.67,4.73,4.6,522332,244578822.0,2.81,0.86,0.04,1.02,24149410086.3
2024-04-22,4.66,4.58,4.7,4.58,425612,197169416.0,2.57,-1.93,-0.09,0.83,23684003896.2
2024-04-23,4.57,4.5,4.6,4.48,396454,179251601.0,2.62,-1.75,-0.08,0.78,23270309505.0
2024-04-24,4.5,4.51,4.52,4.44,280471,125758565.0,1.78,0.22,0.01,0.55,23322021303.899998
2024-04-25,4.48,4.51,4.54,4.47,294281,132606076.0,1.55,0.0,0.0,0.58,23322021303.899998
2024-04-26,4.5,4.61,4.62,4.5,444833,202758617.0,2.66,2.22,0.1,0.87,23839139292.9
2024-04-29,4.59,4.7,4.71,4.59,507839,237591010.0,2.6,1.95,0.09,0.99,24304545483.0
2024-04-30,4.71,4.72,4.74,4.66,499253,234799981.0,1.7,0.43,0.02,0.98,24407969080.8
2024-05-06,4.75,4.8,4.87,4.75,629476,302706450.0,2.54,1.69,0.08,1.23,24821663472.0
2024-05-07,4.8,4.76,4.81,4.75,423389,201701918.0,1.25,-0.83,-0.04,0.83,24614816276.399998
2024-05-08,4.75,4.74,4.77,4.73,273174,129743998.0,0.84,-0.42,-0.02,0.53,24511392678.600002
2024-05-09,4.73,4.8,4.82,4.73,327069,156527109.0,1.9,1.27,0.06,0.64,24821663472.0
2024-05-10,4.8,4.92,5.0,4.79,825962,405306216.0,4.38,2.5,0.12,1.61,25442205058.8
2024-05-13,4.89,4.96,5.01,4.86,715718,354965595.0,3.05,0.81,0.04,1.4,25649052254.4
2024-05-14,4.94,4.95,5.01,4.93,635849,315485639.0,1.61,-0.2,-0.01,1.24,25597340455.5
2024-05-15,4.96,4.91,4.98,4.91,382263,188881705.0,1.41,-0.81,-0.04,0.75,25390493259.9
2024-05-16,4.93,4.88,4.95,4.86,387909,190564417.0,1.83,-0.61,-0.03,0.76,25235357863.2
2024-05-17,4.89,4.98,4.99,4.86,432462,212842533.0,2.66,2.05,0.1,0.85,25752475852.2
2024-05-20,5.0,4.96,5.04,4.94,402669,200435529.0,2.01,-0.4,-0.02,0.79,25649052254.4
2024-05-21,4.94,4.99,5.02,4.92,367499,182745167.0,2.02,0.6,0.03,0.72,25804187651.100002
2024-05-22,4.99,4.96,5.03,4.96,359464,179424750.0,1.4,-0.6,-0.03,0.7,25649052254.4
2024-05-23,4.95,4.86,4.96,4.83,473665,231173184.0,2.62,-2.02,-0.1,0.93,25131934265.4
2024-05-24,4.87,4.87,4.93,4.86,303407,148316505.0,1.44,0.21,0.01,0.59,25183646064.3
2024-05-27,4.88,5.0,5.01,4.88,540481,267523154.0,2.67,2.67,0.13,1.06,25855899450.0
2024-05-28,4.99,4.88,5.01,4.87,444926,218780150.0,2.8,-2.4,-0.12,0.87,25235357863.2
2024-05-29,4.89,4.84,4.9,4.82,344244,167229873.0,1.64,-0.82,-0.04,0.67,25028510667.6
2024-05-30,4.83,4.82,4.86,4.8,237140,114469383.0,1.24,-0.41,-0.02,0.46,24925087069.800003
2024-05-31,4.82,4.8,4.85,4.79,261560,125981850.0,1.24,-0.41,-0.02,0.51,24821663472.0
2024-06-03,4.79,4.76,4.81,4.7,407481,193579589.0,2.29,-0.83,-0.04,0.8,24614816276.399998
2024-06-04,4.75,4.83,4.84,4.73,301865,144755924.0,2.31,1.47,0.07,0.59,24976798868.7
2024-06-05,4.82,4.71,4.83,4.7,355892,169203781.0,2.69,-2.48,-0.12,0.7,24356257281.9
2024-06-06,4.71,4.68,4.74,4.66,353949,166470228.0,1.7,-0.64,-0.03,0.69,24201121885.199997
2024-06-07,4.69,4.73,4.74,4.68,339516,159920256.0,1.28,1.07,0.05,0.66,24459680879.7
2024-06-11,4.72,4.68,4.74,4.65,322960,151308245.0,1.9,-1.06,-0.05,0.63,24201121885.199997
2024-06-12,4.67,4.64,4.68,4.59,362204,167537113.0,1.92,-0.85,-0.04,0.71,23994274689.6
2024-06-13,4.64,4.57,4.67,4.56,367019,169076446.0,2.37,-1.51,-0.07,0.72,23632292097.300003
2024-06-14,4.44,4.48,4.52,4.4,590088,263314774.0,2.63,-1.97,-0.09,1.15,23166885907.2
2024-06-17,4.45,4.44,4.51,4.42,273502,122050584.0,2.01,-0.89,-0.04,0.53,22960038711.600002
2024-06-18,4.43,4.44,4.47,4.41,282061,125222731.0,1.35,0.0,0.0,0.55,22960038711.600002
2024-06-19,4.43,4.41,4.45,4.39,260682,115199224.0,1.35,-0.68,-0.03,0.51,22804903314.9
2024-06-20,4.39,4.36,4.43,4.34,278811,121862221.0,2.04,-1.13,-0.05,0.55,22546344320.4
2024-06-21,4.36,4.39,4.42,4.35,235382,103384871.0,1.61,0.69,0.03,0.46,22701479717.1
2024-06-24,4.39,4.33,4.39,4.29,328120,142039156.0,2.28,-1.37,-0.06,0.64,22391208923.7
2024-06-25,4.33,4.35,4.4,4.3,294330,128163636.0,2.31,0.46,0.02,0.58,22494632521.5
2024-06-26,4.36,4.38,4.39,4.32,256612,111825202.0,1.61,0.69,0.03,0.5,22649767918.2
2024-06-27,4.38,4.33,4.38,4.31,284275,123338359.0,1.6,-1.14,-0.05,0.56,22391208923.7
2024-06-28,4.34,4.34,4.4,4.33,276617,120724483.0,1.62,0.23,0.01,0.54,22442920722.6
2024-07-01,4.34,4.41,4.43,4.34,310782,136559916.0,2.07,1.61,0.07,0.61,22804903314.9
2024-07-02,4.42,4.42,4.45,4.4,257781,114073073.0,1.13,0.23,0.01,0.5,22856615113.8
2024-07-03,4.43,4.45,4.48,4.42,288300,128647837.0,1.36,0.68,0.03,0.56,23011750510.5
2024-07-04,4.46,4.4,4.47,4.4,294741,130315477.0,1.57,-1.12,-0.05,0.58,22753191516.0
2024-07-05,4.2,4.23,4.27,4.2,309029,130945590.0,1.59,-3.86,-0.17,0.6,21874090934.7
2024-07-08,4.21,4.17,4.23,4.15,289294,121040856.0,1.89,-1.42,-0.06,0.57,21563820141.3
2024-07-09,4.15,4.24,4.27,4.13,292235,122895830.0,3.36,1.68,0.07,0.57,21925802733.600002
2024-07-10,4.25,4.17,4.25,4.16,237602,99975841.0,2.12,-1.65,-0.07,0.46,21563820141.3
2024-07-11,4.22,4.22,4.25,4.19,352189,148421872.0,1.44,1.2,0.05,0.69,21822379135.8
2024-07-12,4.21,4.21,4.25,4.19,219526,92578521.0,1.42,-0.24,-0.01,0.43,21770667336.9
2024-07-15,4.2,4.18,4.21,4.15,227910,95239938.0,1.43,-0.71,-0.03,0.44,21615531940.199997
2024-07-16,4.17,4.17,4.2,4.14,224252,93429395.0,1.44,-0.24,-0.01,0.44,21563820141.3
2024-07-17,4.17,4.23,4.24,4.16,277801,116799982.0,1.92,1.44,0.06,0.54,21874090934.7
2024-07-18,4.23,4.25,4.25,4.17,243159,102564207.0,1.89,0.47,0.02,0.47,21977514532.5
2024-07-19,4.24,4.23,4.24,4.19,246564,103970511.0,1.18,-0.47,-0.02,0.48,21874090934.7
2024-07-22,4.24,4.19,4.24,4.16,247768,103750262.0,1.89,-0.95,-0.04,0.48,21667243739.100002
2024-07-23,4.18,4.16,4.24,4.16,279839,117700667.0,1.91,-0.72,-0.03,0.54,21512108342.4
2024-07-24,4.17,4.16,4.21,4.14,227495,94828752.0,1.68,0.0,0.0,0.44,21512108342.4
2024-07-25,4.15,4.18,4.2,4.15,216367,90424878.0,1.2,0.48,0.02,0.42,21615531940.199997
2024-07-26,4.18,4.25,4.27,4.18,290663,123295634.0,2.15,1.67,0.07,0.56,21977514532.5
2024-07-29,4.25,4.26,4.29,4.22,232630,99235125.0,1.65,0.24,0.01,0.45,22029226331.399998
2024-07-30,4.25,4.27,4.29,4.23,195737,83377496.0,1.41,0.23,0.01,0.38,22080938130.3
2024-07-31,4.27,4.36,4.37,4.27,386965,168168810.0,2.34,2.11,0.09,0.75,22546344320.4
2024-08-01,4.36,4.33,4.38,4.31,314883,136636086.0,1.61,-0.69,-0.03,0.61,22391208923.7
2024-08-02,4.31,4.31,4.36,4.3,251050,108743278.0,1.39,-0.46,-0.02,0.49,22287785325.899998
2024-08-05,4.31,4.32,4.41,4.29,369775,160901798.0,2.78,0.23,0.01,0.72,22339497124.800003
2024-08-06,4.34,4.42,4.42,4.34,421884,185154583.0,1.85,2.31,0.1,0.82,22856615113.8
2024-08-07,4.42,4.39,4.42,4.37,350811,154064140.0,1.13,-0.68,-0.03,0.68,22701479717.1
2024-08-08,4.38,4.43,4.45,4.38,318628,140813490.0,1.59,0.91,0.04,0.62,22908326912.699997
2024-08-09,4.43,4.39,4.47,4.38,279835,123913787.0,2.03,-0.9,-0.04,0.54,22701479717.1
2024-08-12,4.39,4.36,4.4,4.35,216502,94625043.0,1.14,-0.68,-0.03,0.42,22546344320.4
2024-08-13,4.37,4.39,4.4,4.34,190299,83304760.0,1.38,0.69,0.03,0.37,22701479717.1
2024-08-14,4.38,4.33,4.39,4.31,180999,78735073.0,1.82,-1.37,-0.06,0.35,22391208923.7
2024-08-15,4.33,4.35,4.39,4.31,223877,97553788.0,1.85,0.46,0.02,0.43,22494632521.5
2024-08-16,4.36,4.45,4.55,4.32,598374,265624926.0,5.29,2.3,0.1,1.16,23011750510.5
2024-08-19,4.45,4.44,4.47,4.41,315594,140011275.0,1.35,-0.22,-0.01,0.61,22960038711.600002
2024-08-20,4.44,4.42,4.44,4.4,337425,149047890.0,0.9,-0.45,-0.02,0.65,22856615113.8
2024-08-21,4.42,4.42,4.44,4.4,269801,119169293.0,0.9,0.0,0.0,0.52,22856615113.8
2024-08-22,4.42,4.41,4.44,4.41,299911,132424066.0,0.68,-0.23,-0.01,0.58,22804903314.9
2024-08-23,4.41,4.23,4.41,4.21,513555,219982729.0,4.54,-4.08,-0.18,1.0,21874090934.7
2024-08-26,4.21,4.34,4.35,4.21,360833,155702714.0,3.31,2.6,0.11,0.7,22442920722.6
2024-08-27,4.34,4.26,4.37,4.25,213436,91671498.0,2.76,-1.84,-0.08,0.41,22029226331.399998
2024-08-28,4.25,4.29,4.32,4.25,160947,69099759.0,1.64,0.7,0.03,0.31,22184361728.1
2024-08-29,4.29,4.3,4.33,4.25,185594,79673406.0,1.86,0.23,0.01,0.36,22236073527.0
2024-08-30,4.3,4.27,4.35,4.26,703900,302235288.0,2.09,-0.7,-0.03,1.37,22080938130.3
2024-09-02,4.27,4.21,4.3,4.21,429925,182345803.0,2.11,-1.41,-0.06,0.83,21770667336.9
2024-09-03,4.21,4.23,4.27,4.21,261947,111258280.0,1.43,0.48,0.02,0.51,21874090934.7
2024-09-04,4.22,4.21,4.24,4.2,193221,81497241.0,0.95,-0.47,-0.02,0.37,21770667336.9
2024-09-05,4.22,4.21,4.23,4.18,267671,112529218.0,1.19,0.0,0.0,0.52,21770667336.9
2024-09-06,4.22,4.23,4.3,4.21,305696,130156948.0,2.14,0.48,0.02,0.59,21874090934.7
2024-09-09,4.21,4.16,4.22,4.14,275515,115031011.0,1.89,-1.65,-0.07,0.53,21512108342.4
2024-09-10,4.18,4.11,4.18,4.06,312240,128180148.0,2.88,-1.2,-0.05,0.61,21253549347.9
2024-09-11,4.09,4.06,4.1,4.04,232508,94457407.0,1.46,-1.22,-0.05,0.45,20994990353.399998
2024-09-12,4.06,4.04,4.09,4.04,192479,78216046.0,1.23,-0.49,-0.02,0.37,20891566755.6
2024-09-13,4.05,4.02,4.08,4.02,188554,76311345.0,1.49,-0.5,-0.02,0.37,20788143157.8
2024-09-18,4.03,4.04,4.05,3.98,271470,109009738.0,1.74,0.5,0.02,0.53,20891566755.6
2024-09-19,4.05,4.12,4.14,4.04,299482,122861759.0,2.48,1.98,0.08,0.58,21305261146.8
2024-09-20,4.12,4.11,4.13,4.08,178378,73243615.0,1.21,-0.24,-0.01,0.35,21253549347.9
2024-09-23,4.11,4.12,4.14,4.1,147116,60607289.0,0.97,0.24,0.01,0.29,21305261146.8
2024-09-24,4.14,4.31,4.32,4.14,567617,240854089.0,4.37,4.61,0.19,1.1,22287785325.899998
2024-09-25,4.37,4.44,4.57,4.37,1028369,461062762.0,4.64,3.02,0.13,2.0,22960038711.600002
2024-09-26,4.46,4.64,4.65,4.43,815278,371030128.0,4.95,4.5,0.2,1.58,23994274689.6
2024-09-27,4.71,4.7,4.76,4.59,726094,339304707.0,3.66,1.29,0.06,1.41,24304545483.0
2024-09-30,4.91,5.1,5.14,4.85,1565372,786092779.0,6.17,8.51,0.4,3.04,26373017439.0
2024-10-08,5.61,5.35,5.61,5.14,1750852,944080488.0,9.22,4.9,0.25,3.4,27665812411.5
2024-10-09,5.21,4.86,5.22,4.85,1449984,727172339.0,6.92,-9.16,-0.49,2.81,25131934265.4
2024-10-10,4.91,4.96,5.08,4.79,1012379,501719296.0,5.97,2.06,0.1,1.96,25649052254.4
2024-10-11,4.95,4.85,5.02,4.8,692576,340160772.0,4.44,-2.22,-0.11,1.34,25080222466.5
2024-10-14,5.05,5.01,5.1,4.85,1159099,575199165.0,5.15,3.3,0.16,2.25,25907611248.899998
2024-10-15,4.92,4.83,4.95,4.83,905217,443185549.0,2.4,-3.59,-0.18,1.76,24976798868.7
2024-10-16,4.77,4.9,4.92,4.75,652835,317293687.0,3.52,1.45,0.07,1.27,25338781461.0
2024-10-17,4.91,4.74,4.92,4.73,661618,318227383.0,3.88,-3.27,-0.16,1.28,24511392678.600002
2024-10-18,4.74,4.83,4.9,4.68,812136,389166467.0,4.64,1.9,0.09,1.58,24976798868.7
2024-10-21,4.86,4.82,4.91,4.8,791763,382542619.0,2.28,-0.21,-0.01,1.54,24925087069.800003
2024-10-22,4.79,4.87,4.87,4.77,596568,287434818.0,2.07,1.04,0.05,1.16,25183646064.3
2024-10-23,4.84,4.9,4.92,4.84,578209,282811208.0,1.64,0.62,0.03,1.12,25338781461.0
2024-10-24,4.88,4.86,4.9,4.83,367081,178389617.0,1.43,-0.82,-0.04,0.71,25131934265.4
2024-10-25,4.85,4.91,4.92,4.84,495302,242165322.0,1.65,1.03,0.05,0.96,25390493259.9
2024-10-28,4.91,5.02,5.02,4.88,671676,333551753.0,2.85,2.24,0.11,1.3,25959323047.8
2024-10-29,5.01,4.89,5.04,4.87,662908,327078356.0,3.39,-2.59,-0.13,1.29,25287069662.1
2024-10-30,4.9,4.92,4.96,4.87,544852,267815277.0,1.84,0.61,0.03,1.06,25442205058.8
2024-10-31,4.9,5.01,5.03,4.89,760479,378070861.0,2.85,1.83,0.09,1.48,25907611248.899998
2024-11-01,4.99,5.08,5.17,4.98,1069601,543891708.0,3.79,1.4,0.07,2.08,26269593841.2
2024-11-04,5.18,5.29,5.35,5.16,1404419,738405467.0,3.74,4.13,0.21,2.73,27355541618.1
2024-11-05,5.3,5.3,5.34,5.22,1241569,656662812.0,2.27,0.19,0.01,2.41,27407253417.0
2024-11-06,5.29,5.22,5.29,5.17,1142407,596989596.0,2.26,-1.51,-0.08,2.22,26993559025.8
2024-11-07,5.16,5.41,5.47,5.14,1284937,686695008.0,6.32,3.64,0.19,2.49,27976083204.9
2024-11-08,5.45,5.29,5.47,5.27,1098929,587378182.0,3.7,-2.22,-0.12,2.13,27355541618.1
2024-11-11,5.36,5.5,5.54,5.31,1525640,826930197.0,4.35,3.97,0.21,2.96,28441489395.0
2024-11-12,5.59,5.53,5.67,5.47,1588377,881553162.0,3.64,0.55,0.03,3.08,28596624791.7
2024-11-13,5.53,5.52,5.7,5.46,1199982,665840513.0,4.34,-0.18,-0.01,2.33,28544912992.8
2024-11-14,5.62,5.33,5.63,5.3,1234802,670308666.0,5.98,-3.44,-0.19,2.4,27562388813.7
2024-11-15,5.3,5.22,5.35,5.2,762921,402846479.0,2.81,-2.06,-0.11,1.48,26993559025.8
2024-11-18,5.39,5.57,5.74,5.35,3384416,1919711158.0,7.47,6.7,0.35,6.57,28803471987.300003
2024-11-19,5.42,5.52,5.58,5.3,2419224,1321150817.0,5.03,-0.9,-0.05,4.69,28544912992.8
2024-11-20,5.47,5.44,5.5,5.38,1311250,711510473.0,2.17,-1.45,-0.08,2.54,28131218601.600002
2024-11-21,5.43,5.36,5.44,5.32,886069,474977915.0,2.21,-1.47,-0.08,1.72,27717524210.4
2024-11-22,5.34,5.2,5.43,5.19,981253,522311480.0,4.48,-2.99,-0.16,1.9,26890135428.0
2024-11-25,5.2,5.16,5.24,5.11,710767,367677963.0,2.5,-0.77,-0.04,1.38,26683288232.4
2024-11-26,5.2,5.24,5.34,5.16,830823,436201826.0,3.49,1.55,0.08,1.61,27096982623.600002
2024-11-27,5.2,5.27,5.28,5.14,639600,332545995.0,2.67,0.57,0.03,1.24,27252118020.3
2024-11-28,5.3,5.36,5.45,5.29,919282,494737952.0,3.04,1.71,0.09,1.78,27717524210.4
2024-11-29,5.4,5.41,5.48,5.34,934354,505170793.0,2.61,0.93,0.05,1.81,27976083204.9
2024-12-02,5.41,5.52,5.57,5.4,1025231,565409548.0,3.14,2.03,0.11,1.99,28544912992.8
2024-12-03,5.55,5.51,5.57,5.44,806908,443006180.0,2.36,-0.18,-0.01,1.57,28493201193.899998
2024-12-04,5.51,5.43,5.54,5.39,675534,368715383.0,2.72,-1.45,-0.08,1.31,28079506802.699997
2024-12-05,5.4,5.39,5.43,5.36,616185,332074704.0,1.29,-0.74,-0.04,1.2,27872659607.1
2024-12-06,5.38,5.46,5.47,5.38,692507,376010124.0,1.67,1.3,0.07,1.34,28234642199.4
2024-12-09,5.48,5.38,5.5,5.36,756354,410458496.0,2.56,-1.47,-0.08,1.47,27820947808.2
2024-12-10,5.52,5.36,5.55,5.35,929616,505078974.0,3.72,-0.37,-0.02,1.8,27717524210.4
2024-12-11,5.37,5.41,5.43,5.33,671854,363265465.0,1.87,0.93,0.05,1.3,27976083204.9
2024-12-12,5.43,5.49,5.5,5.37,901961,491248178.0,2.4,1.48,0.08,1.75,28389777596.100002
2024-12-13,5.45,5.29,5.46,5.26,1249391,666875374.0,3.64,-3.64,-0.2,2.42,27355541618.1
2024-12-16,5.28,5.29,5.34,5.26,611559,323605223.0,1.51,0.0,0.0,1.19,27355541618.1
2024-12-17,5.28,5.24,5.3,5.21,607831,319570245.0,1.7,-0.95,-0.05,1.18,27096982623.600002
2024-12-18,5.29,5.23,5.35,5.22,497599,262586841.0,2.48,-0.19,-0.01,0.97,27045270824.7
2024-12-19,5.18,5.18,5.2,5.12,646525,333581779.0,1.53,-0.96,-0.05,1.25,26786711830.199997
2024-12-20,5.15,5.15,5.2,5.13,505302,260558282.0,1.35,-0.58,-0.03,0.98,26631576433.5
2024-12-23,5.16,5.09,5.2,5.08,632826,325569667.0,2.33,-1.17,-0.06,1.23,26321305640.1
2024-12-24,5.1,5.16,5.19,5.09,441228,227227712.0,1.96,1.38,0.07,0.86,26683288232.4
2024-12-25,5.18,5.16,5.18,5.09,402579,206599045.0,1.74,0.0,0.0,0.78,26683288232.4
2024-12-26,5.15,5.15,5.18,5.13,338075,174012200.0,0.97,-0.19,-0.01,0.66,26631576433.5
2024-12-27,5.14,5.18,5.22,5.13,446681,231357122.0,1.75,0.58,0.03,0.87,26786711830.199997
2024-12-30,5.17,5.18,5.19,5.12,433135,223337108.0,1.35,0.0,0.0,0.84,26786711830.199997
2024-12-31,5.18,5.06,5.22,5.05,605487,310728577.0,3.28,-2.32,-0.12,1.17,26166170243.399998
2025-01-02,5.06,4.9,5.11,4.87,722140,359195275.0,4.74,-3.16,-0.16,1.4,25338781461.0
2025-01-03,4.92,4.78,4.94,4.74,819192,395926865.0,4.08,-2.45,-0.12,1.59,24718239874.2
2025-01-06,4.76,4.78,4.83,4.71,618427,295114528.0,2.51,0.0,0.0,1.2,24718239874.2
2025-01-07,4.78,4.77,4.79,4.7,441189,209321332.0,1.88,-0.21,-0.01,0.86,24666528075.3
2025-01-08,4.77,4.72,4.77,4.63,521590,245072174.0,2.94,-1.05,-0.05,1.01,24407969080.8
2025-01-09,4.71,4.69,4.72,4.66,364858,171199299.0,1.27,-0.64,-0.03,0.71,24252833684.100002
2025-01-10,4.68,4.61,4.7,4.61,317283,147854174.0,1.92,-1.71,-0.08,0.62,23839139292.9
2025-01-13,4.57,4.62,4.63,4.56,313438,144083430.0,1.52,0.22,0.01,0.61,23890851091.8
2025-01-14,4.62,4.74,4.75,4.62,431687,203015523.0,2.81,2.6,0.12,0.84,24511392678.600002
2025-01-15,4.74,4.72,4.77,4.71,336365,159303453.0,1.27,-0.42,-0.02,0.65,24407969080.8
2025-01-16,4.74,4.82,4.83,4.74,473350,227211553.0,1.91,2.12,0.1,0.92,24925087069.800003
2025-01-17,4.8,4.8,4.84,4.76,278449,133677060.0,1.66,-0.41,-0.02,0.54,24821663472.0
2025-01-20,4.83,4.77,4.85,4.76,319482,153394392.0,1.88,-0.63,-0.03,0.62,24666528075.3
2025-01-21,4.79,4.74,4.8,4.68,385240,182527848.0,2.52,-0.63,-0.03,0.75,24511392678.600002
2025-01-22,4.72,4.68,4.74,4.66,253024,118642869.0,1.69,-1.27,-0.06,0.49,24201121885.199997
2025-01-23,4.72,4.73,4.83,4.71,416695,199069067.0,2.56,1.07,0.05,0.81,24459680879.7
2025-01-24,4.73,4.74,4.79,4.71,359936,171117788.0,1.69,0.21,0.01,0.7,24511392678.600002
2025-01-27,4.76,4.76,4.82,4.75,355431,170184849.0,1.48,0.42,0.02,0.69,24614816276.399998
2025-02-05,4.8,4.73,4.81,4.69,401584,190193342.0,2.52,-0.63,-0.03,0.78,24459680879.7
2025-02-06,4.71,4.82,4.83,4.7,495149,236495627.0,2.75,1.9,0.09,0.96,24925087069.800003
2025-02-07,4.82,4.87,4.9,4.79,567984,275471161.0,2.28,1.04,0.05,1.1,25183646064.3
2025-02-10,4.87,4.94,4.97,4.86,558780,275575986.0,2.26,1.44,0.07,1.08,25545628656.600002
2025-02-11,4.96,4.96,4.97,4.9,412551,203672357.0,1.42,0.4,0.02,0.8,25649052254.4
2025-02-12,4.96,4.97,4.99,4.9,413378,204605568.0,1.81,0.2,0.01,0.8,25700764053.3
2025-02-13,4.96,5.04,5.11,4.95,706549,355488599.0,3.22,1.41,0.07,1.37,26062746645.6
2025-02-14,5.03,5.04,5.06,5.0,377769,189926004.0,1.19,0.0,0.0,0.73,26062746645.6
2025-02-17,5.05,5.28,5.29,5.03,1145535,593164748.0,5.16,4.76,0.24,2.22,27303829819.2
2025-02-18,5.24,5.11,5.26,5.09,824584,424241683.0,3.22,-3.22,-0.17,1.6,26424729237.9
2025-02-19,5.1,5.1,5.13,5.06,518816,264114753.0,1.37,-0.2,-0.01,1.01,26373017439.0
2025-02-20,5.1,5.05,5.11,5.04,414320,209815424.0,1.37,-0.98,-0.05,0.8,26114458444.5
2025-02-21,5.08,5.03,5.09,5.0,472260,237771552.0,1.78,-0.4,-0.02,0.92,26011034846.7
2025-02-24,5.03,5.13,5.24,5.03,891459,459695039.0,4.17,1.99,0.1,1.73,26528152835.7
2025-02-25,5.1,5.08,5.15,5.06,446583,228119732.0,1.75,-0.97,-0.05,0.87,26269593841.2
2025-02-26,5.08,5.1,5.12,5.07,387806,197432589.0,0.98,0.39,0.02,0.75,26373017439.0
2025-02-27,5.11,5.13,5.14,5.06,517978,264547276.0,1.57,0.59,0.03,1.01,26528152835.7
2025-02-28,5.12,5.06,5.15,5.05,445961,227336428.0,1.95,-1.36,-0.07,0.87,26166170243.399998
2025-03-03,5.08,5.05,5.09,5.04,353928,179110691.0,0.99,-0.2,-0.01,0.69,26114458444.5
2025-03-04,5.04,5.07,5.09,5.01,352442,178239024.0,1.58,0.4,0.02,0.68,26217882042.300003
2025-03-05,5.06,5.06,5.08,4.99,336423,169104434.0,1.78,-0.2,-0.01,0.65,26166170243.399998
2025-03-06,5.08,5.14,5.19,5.08,523721,269097462.0,2.17,1.58,0.08,1.02,26579864634.6
2025-03-07,5.13,5.19,5.27,5.13,661145,344060697.0,2.72,0.97,0.05,1.28,26838423629.100002
2025-03-10,5.2,5.14,5.23,5.12,412186,212837669.0,2.12,-0.96,-0.05,0.8,26579864634.6
2025-03-11,5.1,5.11,5.11,5.06,379044,192960863.0,0.97,-0.58,-0.03,0.74,26424729237.9
2025-03-12,5.12,5.14,5.18,5.08,394075,201664077.0,1.96,0.59,0.03,0.76,26579864634.6
2025-03-13,5.13,5.09,5.15,5.06,320308,163209800.0,1.75,-0.97,-0.05,0.62,26321305640.1
2025-03-14,5.09,5.18,5.18,5.09,485077,249747029.0,1.77,1.77,0.09,0.94,26786711830.199997
2025-03-17,5.2,5.17,5.21,5.15,388901,201398832.0,1.16,-0.19,-0.01,0.75,26735000031.3
2025-03-18,5.19,5.12,5.19,5.1,479875,246396715.0,1.74,-0.97,-0.05,0.93,26476441036.8
2025-03-19,5.13,5.11,5.13,5.08,339253,173027874.0,0.98,-0.2,-0.01,0.66,26424729237.9
2025-03-20,5.1,5.1,5.14,5.08,316964,161820412.0,1.17,-0.2,-0.01,0.62,26373017439.0
2025-03-21,5.08,5.1,5.2,5.08,636614,327647539.0,2.35,0.0,0.0,1.24,26373017439.0
2025-03-24,5.11,5.16,5.22,5.08,608889,313036691.0,2.75,1.18,0.06,1.18,26683288232.4
2025-03-25,5.17,5.19,5.23,5.15,486020,252014885.0,1.55,0.58,0.03,0.94,26838423629.100002
2025-03-26,5.17,5.26,5.29,5.15,765856,400898640.0,2.7,1.35,0.07,1.49,27200406221.399998
2025-03-27,5.23,5.17,5.27,5.16,527015,274740372.0,2.09,-1.71,-0.09,1.02,26735000031.3
2025-03-28,5.17,5.11,5.18,5.09,513966,263375305.0,1.74,-1.16,-0.06,1.0,26424729237.9
2025-03-31,5.09,5.04,5.11,5.01,493589,249510432.0,1.96,-1.37,-0.07,0.96,26062746645.6
2025-04-01,5.05,5.17,5.21,5.05,639693,329245552.0,3.17,2.58,0.13,1.24,26735000031.3
2025-04-02,5.16,5.15,5.2,5.13,328641,169432732.0,1.35,-0.39,-0.02,0.64,26631576433.5
2025-04-03,5.11,5.16,5.18,5.1,334834,172294941.0,1.55,0.19,0.01,0.65,26683288232.4
2025-04-07,4.9,4.64,4.96,4.64,1069340,507742003.0,6.2,-10.08,-0.52,2.07,23994274689.6
2025-04-08,4.6,4.73,4.77,4.6,887980,417981485.0,3.66,1.94,0.09,1.72,24459680879.7
2025-04-09,4.73,4.83,4.84,4.58,848893,400789942.0,5.5,2.11,0.1,1.65,24976798868.7
2025-04-10,4.89,4.92,5.01,4.88,675013,333045771.0,2.69,1.86,0.09,1.31,25442205058.8
2025-04-11,4.9,4.88,4.95,4.88,430214,211225171.0,1.42,-0.81,-0.04,0.83,25235357863.2
2025-04-14,4.91,4.88,4.93,4.85,466574,228048427.0,1.64,0.0,0.0,0.91,25235357863.2
2025-04-15,4.88,4.85,4.88,4.82,375072,181526050.0,1.23,-0.61,-0.03,0.73,25080222466.5
2025-04-16,4.85,4.84,4.88,4.78,362052,174946846.0,2.06,-0.21,-0.01,0.7,25028510667.6
2025-04-17,4.84,4.83,4.86,4.82,248673,120422567.0,0.83,-0.21,-0.01,0.48,24976798868.7
2025-04-18,4.83,4.83,4.84,4.78,236723,113828515.0,1.24,0.0,0.0,0.46,24976798868.7
2025-04-21,4.82,4.84,4.86,4.8,272153,131662137.0,1.24,0.21,0.01,0.53,25028510667.6
2025-04-22,4.84,4.94,4.96,4.83,525456,258194974.0,2.69,2.07,0.1,1.02,25545628656.600002
2025-04-23,4.92,4.88,4.95,4.87,389654,190666200.0,1.62,-1.21,-0.06,0.76,25235357863.2
2025-04-24,4.88,4.86,4.9,4.84,256658,124990677.0,1.23,-0.41,-0.02,0.5,25131934265.4
2025-04-25,4.87,4.9,4.91,4.85,285137,139472720.0,1.23,0.82,0.04,0.55,25338781461.0
2025-04-28,4.91,4.84,4.92,4.82,262608,127402514.0,2.04,-1.22,-0.06,0.51,25028510667.6
2025-04-29,4.93,5.1,5.12,4.92,1031881,521578026.0,4.13,5.37,0.26,2.0,26373017439.0
2025-04-30,5.1,5.1,5.17,5.09,569956,291593967.0,1.57,0.0,0.0,1.11,26373017439.0
2025-05-06,5.12,5.22,5.24,5.1,698091,362063217.0,2.75,2.35,0.12,1.35,26993559025.8
2025-05-07,5.24,5.31,5.33,5.22,770018,406823493.0,2.11,1.72,0.09,1.49,27458965215.899998
2025-05-08,5.27,5.21,5.28,5.21,566892,296995080.0,1.32,-1.88,-0.1,1.1,26941847226.9
2025-05-09,5.22,5.27,5.28,5.19,519481,272219056.0,1.73,1.15,0.06,1.01,27252118020.3
2025-05-12,5.27,5.34,5.35,5.25,582084,309050756.0,1.9,1.33,0.07,1.13,27614100612.6
2025-05-13,5.36,5.3,5.38,5.29,353529,188107599.0,1.69,-0.75,-0.04,0.69,27407253417.0
2025-05-14,5.3,5.31,5.32,5.23,470599,248368906.0,1.7,0.19,0.01,0.91,27458965215.899998
2025-05-15,5.33,5.33,5.41,5.32,587909,315453513.0,1.69,0.38,0.02,1.14,27562388813.7
2025-05-16,5.32,5.28,5.35,5.28,349166,185108390.0,1.31,-0.94,-0.05,0.68,27303829819.2
2025-05-19,5.29,5.36,5.36,5.26,393768,209491345.0,1.89,1.52,0.08,0.76,27717524210.4
2025-05-20,5.36,5.37,5.38,5.33,327669,175507839.0,0.93,0.19,0.01,0.64,27769236009.3
2025-05-21,5.37,5.36,5.37,5.34,280466,150306934.0,0.56,-0.19,-0.01,0.54,27717524210.4
2025-05-22,5.35,5.32,5.36,5.29,332899,177342547.0,1.31,-0.75,-0.04,0.65,27510677014.800003
2025-05-23,5.32,5.22,5.33,5.22,342963,181011588.0,2.07,-1.88,-0.1,0.67,26993559025.8
2025-05-26,5.23,5.27,5.28,5.22,299236,157365732.0,1.15,0.96,0.05,0.58,27252118020.3
2025-05-27,5.25,5.28,5.29,5.24,220435,116129073.0,0.95,0.19,0.01,0.43,27303829819.2
2025-05-28,5.25,5.26,5.28,5.24,202232,106300935.0,0.76,-0.38,-0.02,0.39,27200406221.399998
2025-05-29,5.26,5.22,5.27,5.22,375394,196939680.0,0.95,-0.76,-0.04,0.73,26993559025.8
2025-05-30,5.22,5.23,5.25,5.2,271954,142237466.0,0.96,0.19,0.01,0.53,27045270824.7
2025-06-03,5.21,5.19,5.23,5.16,368742,191169280.0,1.34,-0.76,-0.04,0.72,26838423629.100002
2025-06-04,5.21,5.22,5.22,5.18,230718,119975468.0,0.77,0.58,0.03,0.45,26993559025.8
2025-06-05,5.22,5.19,5.24,5.15,341375,176980529.0,1.72,-0.57,-0.03,0.66,26838423629.100002
2025-06-06,5.19,5.27,5.32,5.18,468840,246356300.0,2.7,1.54,0.08,0.91,27252118020.3
2025-06-09,5.28,5.33,5.37,5.26,375114,199453342.0,2.09,1.14,0.06,0.73,27562388813.7
2025-06-10,5.34,5.26,5.35,5.24,351733,185832328.0,2.06,-1.31,-0.07,0.68,27200406221.399998
2025-06-11,5.27,5.28,5.33,5.26,294479,156053129.0,1.33,0.38,0.02,0.57,27303829819.2
2025-06-12,5.27,5.28,5.3,5.23,288399,151780774.0,1.33,0.0,0.0,0.56,27303829819.2
2025-06-13,5.28,5.28,5.31,5.24,417761,219959312.0,1.33,0.0,0.0,0.81,27303829819.2
2025-06-16,5.26,5.24,5.28,5.22,352290,184573009.0,1.14,-0.76,-0.04,0.68,27096982623.600002
2025-06-17,5.22,5.22,5.25,5.2,224652,117191721.0,0.95,-0.38,-0.02,0.44,26993559025.8
2025-06-18,5.22,5.17,5.23,5.16,251350,130188083.0,1.34,-0.96,-0.05,0.49,26735000031.3
2025-06-19,5.17,5.1,5.18,5.08,348799,178336706.0,1.93,-1.35,-0.07,0.68,26373017439.0
2025-06-20,5.09,5.1,5.12,5.08,276837,141095670.0,0.78,0.0,0.0,0.54,26373017439.0
2025-06-23,5.08,5.09,5.11,5.06,245780,124996320.0,0.98,-0.2,-0.01,0.48,26321305640.1
2025-06-24,5.1,5.17,5.17,5.09,344518,177413881.0,1.57,1.57,0.08,0.67,26735000031.3
2025-06-25,5.17,5.28,5.29,5.15,464028,242769930.0,2.71,2.13,0.11,0.9,27303829819.2
2025-06-26,5.27,5.3,5.3,5.24,329900,174041388.0,1.14,0.38,0.02,0.64,27407253417.0
2025-06-27,5.29,5.28,5.37,5.27,388463,206444500.0,1.89,-0.38,-0.02,0.75,27303829819.2
2025-06-30,5.28,5.27,5.31,5.26,304041,160456969.0,0.95,-0.19,-0.01,0.59,27252118020.3
2025-07-01,5.27,5.31,5.33,5.25,338423,178878247.0,1.52,0.76,0.04,0.66,27458965215.899998
2025-07-02,5.37,5.45,5.53,5.36,933702,510477775.0,3.2,2.64,0.14,1.81,28182930400.5
2025-07-03,5.46,5.43,5.51,5.42,456241,248786276.0,1.65,-0.37,-0.02,0.89,28079506802.699997
2025-07-04,5.44,5.54,5.58,5.44,677143,373996437.0,2.58,2.03,0.11,1.31,28648336590.6
2025-07-07,5.59,5.64,5.7,5.55,772875,435990897.0,2.71,1.81,0.1,1.5,29165454579.6
2025-07-08,5.69,5.97,5.98,5.68,1719043,1014370248.0,5.32,5.85,0.33,3.34,30871943943.3
2025-07-09,5.97,5.95,6.19,5.93,1945400,1175023976.0,4.36,-0.34,-0.02,3.77,30768520345.5
2025-07-10,5.96,5.95,6.0,5.88,858127,509645863.0,2.02,0.0,0.0,1.67,30768520345.5
2025-07-11,5.99,5.95,6.01,5.9,911410,541615861.0,1.85,0.0,0.0,1.77,30768520345.5
2025-07-14,5.97,5.93,6.05,5.91,870331,518826190.0,2.35,-0.34,-0.02,1.69,30665096747.699997
2025-07-15,5.92,5.84,5.93,5.82,866065,508302794.0,1.85,-1.52,-0.09,1.68,30199690557.6
2025-07-16,5.86,5.8,5.87,5.72,597154,346151167.0,2.57,-0.68,-0.04,1.16,29992843362.0
2025-07-17,5.63,5.6,5.68,5.59,641357,360699352.0,1.55,-3.45,-0.2,1.24,28958607384.0
2025-07-18,5.61,5.6,5.66,5.58,545305,305354299.0,1.43,0.0,0.0,1.06,28958607384.0
2025-07-21,5.61,5.66,5.69,5.61,668029,377833477.0,1.43,1.07,0.06,1.3,29268878177.4
2025-07-22,5.66,5.69,5.69,5.54,805076,451958648.0,2.65,0.53,0.03,1.56,29424013574.100002
2025-07-23,5.69,5.68,5.74,5.66,643399,366660769.0,1.41,-0.18,-0.01,1.25,29372301775.199997
2025-07-24,5.66,5.76,5.78,5.6,819866,467281536.0,3.17,1.41,0.08,1.58,29785996166.399998
2025-07-25,5.76,5.66,5.8,5.65,594465,339553287.0,2.6,-1.74,-0.1,1.15,29268878177.4
2025-07-28,5.66,5.58,5.68,5.55,727799,406759699.0,2.3,-1.41,-0.08,1.41,28855183786.2
2025-07-29,5.58,5.54,5.59,5.49,534619,295197433.0,1.79,-0.72,-0.04,1.03,28648336590.6
2025-07-30,5.54,5.55,5.64,5.52,420301,234233082.0,2.17,0.18,0.01,0.81,28700048389.5
2025-07-31,5.53,5.39,5.54,5.38,823939,447676408.0,2.88,-2.88,-0.16,1.59,27872659607.1
2025-08-01,5.42,5.43,5.48,5.41,465232,253232360.0,1.3,0.74,0.04,0.9,28079506802.699997
2025-08-04,5.43,5.45,5.45,5.39,365502,198420649.0,1.1,0.37,0.02,0.71,28182930400.5
2025-08-05,5.44,5.48,5.55,5.43,491196,269398733.0,2.2,0.55,0.03,0.95,28338065797.2
2025-08-06,5.49,5.44,5.49,5.41,446505,242686389.0,1.46,-0.73,-0.04,0.86,28131218601.600002
2025-08-07,5.44,5.41,5.46,5.4,408665,221398776.0,1.1,-0.55,-0.03,0.79,27976083204.9
2025-08-08,5.41,5.44,5.45,5.4,337089,183003515.0,0.92,0.55,0.03,0.65,28131218601.600002
